#{"t_start": 1658871392.344409, "env_id": "kuka_handlit_multiprocess-v0"}
r,l,t
-1564.156901,201,18883.40184
-1551.856195,201,38793.116378
-1552.912911,201,58166.765424
-1516.800042,201,77003.784138
-1574.361764,201,96411.931175
-1550.883045,201,115972.810406
-1550.771266,201,135558.605351
-1543.736093,201,154674.309533
-1529.174352,201,173982.043376
-1517.948588,201,192959.570597
-1509.642533,201,211882.586474
-576.012449,77,218454.016961
-1523.785931,201,227173.251461
-1525.76461,201,233810.8988
-1516.656864,201,239587.781466
-691.564329,90,242139.076942
-1551.981003,201,248009.098845
-1523.527165,201,253785.498638
-1537.026963,201,259543.715033
-1481.639865,201,265382.867862
-1480.865941,201,271261.831563
-1545.432559,201,277193.9207
-1436.993323,201,283129.864413
-74.662702,10,283411.355981
-647.699755,88,285991.780626
-1516.151613,201,291838.973377
-89.171837,15,292262.145782
-549.249748,80,294607.897982
-136.287569,20,295207.111302
-623.540039,82,297617.326199
-375.516882,52,299124.221574
-587.353893,79,301418.643903
-302.776781,43,302649.626891
-1108.916695,151,307082.749885
-716.442641,112,310365.225733
-360.344063,52,311911.598734
-717.552334,102,314904.200646
-209.950733,30,315788.776568
-107.70306,17,316284.979063
-27.716561,5,316418.955985
-506.554885,68,318429.661231
-69.601123,10,318730.592364
-226.544637,34,319723.443727
-105.906855,16,320220.319166
-294.773248,42,321438.751261
-226.409793,31,322372.557542
-89.153389,16,322848.048491
-171.683336,24,323573.774208
-184.245231,31,324487.166472
-38.136878,7,324719.943237
-25.700451,5,324851.225847
-201.204977,28,325661.086872
-49.032221,10,325962.865136
-193.887364,31,326890.730436
-405.739061,57,328543.027151
-58.141522,9,328822.084014
-159.541149,22,329490.062088
-267.252199,40,330662.971907
-158.620804,24,331353.224674
-198.942063,31,332254.166421
-15.582007,3,332345.584358
-47.557212,8,332569.707948
-330.224729,48,333988.073526
-117.620773,20,334599.458223
-33.287771,9,334863.479369
-309.394842,48,336267.4097
-264.932759,39,337475.81415
-175.00304,28,338284.090931
-289.306972,44,339593.787836
-57.212635,13,339999.630073
-422.47645,61,341761.016756
-89.708411,13,342139.360581
-145.862035,24,342845.844062
-83.024476,14,343254.779253
-127.916822,24,343958.393455
-43.51499,8,344185.888421
-53.261537,10,344495.481192
-50.438056,9,344759.770425
-97.052593,16,345224.17184
-101.476027,15,345674.32969
-97.119971,15,346107.676438
-87.236724,13,346477.541144
-116.60365,18,346998.049007
-127.523783,20,347545.744672
-78.652394,13,347916.890461
-53.411092,9,348188.343714
-28.28874,5,348320.116252
-147.247337,24,349014.850977
-107.638874,19,349564.167822
-69.257356,11,349890.467404
-170.120483,27,350680.051772
-56.169223,9,350943.049525
-155.367707,25,351665.165214
-240.875693,34,352636.178275
-31.668307,6,352824.804907
-25.752745,5,352961.826192
-125.537767,20,353556.670362
-60.254265,12,353925.660541
-27.312266,6,354089.047679
-57.799505,11,354415.582617
-33.316047,5,354565.170815
-61.022518,11,354863.542974
-101.951219,17,355354.068055
-70.428355,13,355711.254722
-32.049919,5,355846.873722
-37.849153,6,356044.02073
-58.774538,10,356336.595116
-28.208355,5,356494.797168
-22.931569,5,356630.128664
-138.796239,24,357318.415409
-108.403274,15,357764.209298
-42.401796,8,357986.548101
-53.620551,10,358283.666746
-79.810444,14,358702.937788
-18.958319,4,358822.093878
-159.593742,24,359504.21558
-65.496207,13,359900.227321
-28.112128,5,360062.928587
-63.050076,10,360347.38224
-44.688556,7,360552.308571
-170.162487,26,361337.78159
-38.528926,7,361563.61456
-69.913033,10,361830.696918
-46.298328,9,362103.445469
-79.761632,14,362529.505578
-52.789748,9,362758.709788
-77.820327,12,363112.93429
-128.565708,19,363676.666515
-57.944182,10,363961.373425
-78.433916,14,364353.784504
-54.734027,8,364580.912759
-21.194851,4,364690.103042
-119.721296,21,365301.759306
-58.904499,9,365579.758867
-31.814127,6,365753.843412
-52.707468,8,366000.622073
-54.695461,11,366332.148037
-206.12483,32,367264.192924
-63.721684,10,367563.641076
-30.470906,6,367736.362903
-23.29606,5,367882.855222
-22.837185,5,368021.682701
-13.428139,3,368107.18137
-28.71687,6,368270.923276
-47.988525,7,368472.838978
-53.753934,9,368737.651473
-31.988485,5,368888.206685
-41.949079,8,369104.046285
-36.287352,6,369289.327171
-25.60279,5,369437.331548
-130.361101,20,370001.682591
-128.424751,18,370543.523692
-30.615614,7,370708.418975
-41.126328,8,370898.243903
-16.156056,3,370978.919835
-24.431311,6,371133.132095
-43.190288,9,371339.50739
-20.906362,4,371432.517948
-14.745055,4,371520.953696
-19.389216,5,371646.144849
-37.370877,6,371795.564172
-42.046335,8,371988.560451
-105.728376,16,372391.000534
-59.049678,9,372614.315817
-33.647274,6,372760.375912
-27.440906,5,372868.118205
-21.637086,4,372965.182719
-64.141726,10,373205.800837
-45.075438,9,373425.129312
-47.824126,10,373664.720145
-41.175198,7,373832.830132
-27.743953,5,373957.049771
-81.416425,13,374258.27075
-19.541376,4,374358.041288
-63.554184,10,374591.48623
-25.293996,5,374718.162693
-21.148407,4,374803.483476
-75.697164,11,375067.246976
-68.699921,12,375346.350016
-91.670106,13,375674.673109
-42.760751,7,375857.979733
-26.064885,6,375988.678308
-11.157026,3,376074.189299
-40.059787,7,376248.740833
-49.431191,8,376446.605772
-65.187593,10,376697.932998
-21.043195,5,376832.013017
-27.353391,5,376937.400417
-70.782947,12,377223.29301
-36.324993,7,377396.705562
-18.430987,4,377495.051833
-33.711689,6,377641.285592
-12.306593,3,377704.656921
-26.018811,5,377832.92894
-36.482063,7,377995.686285
-20.283159,5,378125.460936
-34.812297,6,378275.659699
-30.644584,6,378432.32389
-22.212498,5,378558.692877
-32.048086,7,378710.748176
-54.330949,13,379043.306088
-30.815893,6,379185.133793
-27.962465,5,379303.296561
-79.993277,12,379586.383224
-27.182502,4,379699.728961
-63.04327,9,379921.999727
-52.524622,8,380132.199682
-34.614497,6,380280.610108
-53.647191,9,380480.439412
-33.555819,7,380644.590285
-35.579815,6,380776.276066
-41.302323,7,380960.072379
-24.065289,5,381077.130643
-17.019079,4,381180.581192
-36.088798,5,381307.4721
-25.253678,4,381404.593127
-39.819075,8,381599.081679
-46.424813,8,381781.608314
-25.637001,4,381869.945592
-29.496306,5,381984.206291
-24.51621,5,382111.012296
-22.297877,5,382231.656337
-26.017886,5,382340.774043
-58.464559,11,382584.823031
-50.298167,8,382786.169169
-21.507326,4,382886.497554
-26.614513,6,383023.665547
-38.620418,7,383178.224278
-54.773783,9,383400.483311
-19.625285,5,383532.908189
-23.861874,5,383652.365471
-66.654044,14,384007.8802
-54.91095,9,384260.555534
-30.634571,6,384426.973335
-79.182936,12,384743.908683
-24.176609,5,384875.412632
-22.494206,4,384980.82706
-39.283098,7,385170.604098
-26.519178,5,385294.306218
-17.778703,4,385398.936323
-35.063828,6,385554.834144
-59.984646,14,385933.553029
-23.988067,4,386049.333549
-60.079823,11,386324.547024
-26.188484,6,386467.903231
-49.975207,8,386686.676537
-45.133771,8,386888.265728
-33.272819,7,387058.386764
-28.534372,7,387237.25381
-50.870487,10,387499.973315
-47.926693,8,387695.469205
-37.114675,8,387883.986973
-19.575333,4,387971.9206
-28.727901,6,388135.172564
-50.843506,9,388360.072749
-34.263986,6,388515.902651
-15.812078,4,388612.268828
-17.25232,5,388743.261174
-16.793617,4,388840.438999
-24.990642,7,389003.681601
-29.888094,5,389133.102824
-15.325853,3,389218.457688
-33.521147,5,389364.017694
-26.027839,5,389476.796242
-47.753584,8,389685.138307
-33.038715,8,389892.877389
-33.445015,6,390044.129338
-11.499957,3,390116.172598
-26.093114,4,390215.338025
-14.247708,3,390295.774532
-24.167515,6,390453.326771
-16.833142,4,390542.646686
-28.510585,5,390670.542385
-74.89233,11,390965.302979
-33.105888,7,391154.203342
-21.673551,4,391267.859532
-61.095264,12,391598.981178
-15.990143,4,391694.656643
-38.586154,8,391899.026004
-29.358419,6,392045.920589
-29.597238,5,392177.607267
-19.187531,4,392268.854979
-39.776031,9,392505.978476
-52.26872,9,392748.177267
-28.76821,5,392866.824429
-29.470239,5,392992.86493
-17.836458,4,393095.861501
-19.042577,4,393192.266435
-28.875501,5,393334.039917
-24.823683,5,393461.405851
-13.453818,4,393570.559325
-13.851702,4,393665.507398
-18.878677,4,393771.549666
-17.772985,4,393867.32082
-16.454662,4,393989.388619
-11.442782,3,394057.118735
-27.547775,5,394187.659734
-20.868403,4,394296.884886
-18.198843,4,394395.717816
-36.497354,6,394543.77008
-59.233552,10,394800.144891
-30.775374,5,394936.739889
-22.19476,6,395086.368109
-25.543577,4,395205.646021
-99.494685,19,395701.919105
-19.613711,4,395791.642076
-31.590187,5,395946.029327
-60.139451,10,396200.310875
-12.900033,3,396280.384821
-23.027134,5,396428.835023
-58.09712,11,396731.1538
-23.975589,5,396853.728197
-33.761507,6,397010.312343
-14.977668,4,397114.831595
-33.686333,7,397302.47419
-23.285906,6,397461.450542
-23.418659,6,397620.042085
-26.222779,5,397756.841306
-19.86075,4,397857.502393
-11.491445,3,397936.615877
-31.809408,6,398083.118945
-22.306276,5,398220.85593
-28.273212,6,398392.278973
-38.03225,8,398583.797173
-28.088596,6,398736.756248
-19.418506,4,398845.740166
-12.119712,3,398924.458317
-12.506967,3,399015.613698
-41.996407,7,399192.980244
-23.400259,4,399509.419399
-17.8671,3,399588.290809
-34.162517,6,399755.927223
-18.737113,3,399827.769272
-26.370315,5,399955.322427
-35.10895,7,400140.138667
-17.075267,4,400232.675295
-13.642571,3,400312.234736
-43.075463,8,400506.951016
-20.876148,4,400611.766758
-10.119946,4,400723.061319
-18.750599,5,400842.259699
-40.639866,8,401051.153251
-22.681441,4,401156.053554
-13.298576,3,401244.784229
-63.856825,10,401503.220945
-11.203704,3,401576.347756
-23.276584,4,401675.62512
-17.227813,4,401782.132876
-24.901454,6,401942.625576
-30.694834,5,402075.876835
-40.940411,9,402304.912984
-25.339814,5,402435.314473
-20.440198,5,402565.902271
-16.500297,3,402647.435189
-16.568782,5,402768.762331
-20.026154,4,402872.434448
-22.131503,4,402994.433733
-11.370918,3,403062.375216
-15.758302,5,403194.879892
-11.973833,3,403263.573584
-32.976391,8,403468.725174
-18.102485,3,403553.809798
-30.24321,6,403694.383507
-23.078829,5,403836.969187
-19.707934,4,403931.120652
-12.56942,3,403989.880702
-29.884083,7,404183.155992
-21.315305,4,404303.707671
-29.754619,5,404430.496739
-14.201461,4,404525.827767
-42.746912,7,404693.738397
-30.601152,5,404812.762993
-24.283374,4,404920.857775
-11.33491,3,404994.025179
-35.578637,7,405184.739589
-41.71323,9,405415.759019
-22.712076,4,405508.897991
-35.103223,6,405666.817037
-23.076759,4,405766.201312
-31.831812,6,405926.161768
-18.571815,5,406049.519776
-28.808262,6,406206.156608
-11.699378,2,406276.576313
-16.038297,4,406377.95484
-9.933368,3,406458.346349
-31.98492,5,406599.861343
-18.547125,4,406706.197345
-26.360492,5,406829.686718
-6.615885,2,406901.621256
-57.806015,9,407136.48757
-7.892723,2,407200.639628
-19.040693,4,407304.729776
-17.947336,4,407405.32968
-22.479129,6,407566.294484
-19.500103,4,407671.561391
-32.299589,5,407812.264069
-22.555098,4,407906.197762
-18.642702,3,407988.371488
-25.174258,4,408098.841384
-68.217163,10,408348.945441
-36.001998,6,408515.692253
-16.806463,4,408610.577785
-20.95065,4,408727.906981
-17.185776,4,408821.086492
-6.656799,2,408879.135292
-15.389521,4,408978.410777
-15.598251,3,409054.07513
-24.839115,5,409180.13894
-17.155725,4,409309.631759
-20.575727,6,409458.729051
-11.498988,3,409533.055957
-16.47075,3,409617.961811
-19.737706,4,409721.73192
-9.239695,3,409798.608839
-18.087206,3,409891.560415
-25.979574,6,410036.983381
-11.034128,4,410152.181936
-24.011593,4,410256.141728
-17.337893,4,410364.024035
-19.729221,4,410470.197107
-23.914717,5,410593.732783
-31.464039,5,410735.517368
-26.730905,6,410880.789247
-26.486147,5,411013.624114
-17.200023,4,411120.511211
-16.054517,5,411245.287776
-18.981138,4,411353.658076
-30.237936,5,411469.899122
-12.376355,3,411559.437053
-24.056855,4,411656.821591
-19.375379,4,411763.549488
-12.923117,3,411839.760846
-27.13985,6,412002.255145
-28.310352,5,412113.256476
-22.320585,5,412265.762691
-32.634797,6,412419.855039
-19.872351,4,412538.429047
-28.291362,8,412749.151938
-21.798204,4,412852.310032
-19.685045,4,412955.082717
-8.313923,3,413026.633248
-37.257364,9,413379.217531
-32.271331,5,413508.018555
-20.400744,5,413637.035827
-18.138518,4,413749.215449
-16.524858,3,413825.742818
-14.467294,4,413937.128638
-20.724301,4,414037.375918
-34.566938,6,414197.784475
-19.424135,6,414344.144794
-18.165669,5,414483.829991
-25.714248,5,414616.005916
-23.938287,4,414731.856202
-13.590279,3,414793.629644
-21.274288,4,414900.373649
-16.110818,4,414989.826054
-10.053783,3,415074.595774
-14.937392,4,415178.340568
-13.402579,3,415270.83342
-17.953088,6,415436.218867
-12.003796,3,415508.832317
-15.742251,4,415612.290907
-22.078463,4,415716.542604
-11.455754,3,415791.594335
-13.900402,3,415873.332913
-16.585204,4,415979.383745
-14.003179,3,416055.871223
-12.961171,4,416159.783679
-14.893604,4,416264.723266
-19.92908,4,416369.904068
-21.743195,4,416479.258172
-23.185115,5,416595.134024
-9.51276,3,416685.876286
-65.63291,11,416957.910476
-24.186695,5,417084.052591
-24.059649,4,417183.883679
-18.76413,4,417294.21171
-22.336976,4,417390.567906
-11.712822,4,417500.72477
-18.113006,4,417594.620646
-11.17252,3,417682.428724
-35.276777,6,417863.081276
-18.387573,4,417974.274951
-16.181592,3,418048.11448
-19.423868,4,418159.855044
-9.252099,4,418262.900067
-23.423232,6,418414.805134
-25.728856,5,418552.090686
-22.247938,6,418713.856455
-12.118612,3,418799.777486
-14.170852,3,418876.25098
-16.570028,4,418970.407789
-19.38206,4,419088.984221
-18.961493,4,419193.13321
-16.873184,4,419303.443695
-20.79571,4,419410.148633
-16.877655,4,419514.956174
-20.597965,6,419675.772785
-19.173065,5,419818.528404
-19.419793,4,419921.85002
-28.56189,5,420053.385763
-11.060565,3,420123.172988
-15.146757,4,420232.287297
-15.481811,5,420357.005083
-30.643123,6,420518.91161
-19.96255,4,420617.828096
-16.985717,4,420730.533569
-9.167885,3,420814.141127
-20.173736,4,420913.888518
-10.489857,3,421008.519673
-16.242494,5,421127.933968
-7.211877,2,421192.044677
-19.48014,5,421305.107299
-11.753642,3,421404.631592
-23.712655,5,421530.444867
-22.567468,4,421618.593453
-22.630674,5,421750.825477
-24.419574,5,421891.478514
-24.69678,6,422058.955594
-18.481798,4,422161.670716
-10.301941,3,422251.885857
-19.73134,4,422345.355383
-8.921584,3,422428.250075
-26.701348,5,422566.80808
-16.624166,3,422655.187771
-17.145799,3,422723.556483
-15.349231,4,422834.967988
-19.540127,4,422950.833819
-26.39881,4,423057.645484
-10.164604,3,423132.4117
-18.626218,5,423266.03257
-23.64866,5,423397.580961
-12.015936,3,423484.949903
-30.854592,5,423864.267315
-18.033568,3,423941.813765
-11.71832,3,424014.535159
-17.60978,4,424113.546382
-17.551999,4,424224.747971
-18.406889,4,424319.766505
-20.388898,4,424426.310651
-11.509432,3,424493.775325
-27.610351,6,424652.713318
-12.833161,3,424731.795951
-25.593747,5,424870.458848
-31.225224,5,424999.765361
-13.880881,3,425080.538873
-19.329949,4,425181.248577
-15.538459,4,425292.207255
-10.711702,3,425370.430223
-14.206559,3,425460.833236
-13.608152,3,425536.477182
-21.225488,4,425647.079046
-14.050689,4,425758.413059
-13.034465,3,425842.222119
-15.334935,4,425946.062298
-16.907945,4,426046.498891
-22.429586,5,426177.488875
-12.630699,3,426258.033933
-15.265032,4,426375.418029
-10.945795,3,426463.083858
-13.437533,3,426527.986643
-13.097826,4,426644.52624
-14.491372,4,426738.921625
-18.375395,4,426844.561483
-13.703526,4,426957.72745
-9.410449,2,427032.4505
-16.650798,4,427127.23173
-9.458875,2,427192.978139
-10.162215,3,427263.867681
-8.694443,2,427328.87939
-16.122255,3,427413.670555
-19.936096,4,427526.88915
-12.916957,3,427596.733093
-11.815729,3,427683.922548
-23.471604,6,427841.453476
-8.820932,3,427927.026699
-12.434039,4,428038.328909
-22.297283,4,428142.899101
-24.633158,5,428284.426222
-15.680693,3,428357.395368
-11.120059,3,428441.809635
-16.793762,4,428535.449203
-17.453167,5,428681.471537
-18.135712,4,428804.68946
-18.693153,5,428938.435356
-10.838001,3,429021.574326
-15.328826,3,429103.533289
-10.131592,3,429189.349435
-16.831498,4,429293.289846
-5.775623,2,429345.745578
-11.201467,3,429422.50724
-19.281671,4,429519.552381
-14.210845,3,429594.271546
-9.954689,3,429667.773473
-19.767127,4,429780.166025
-28.356175,6,429941.38365
-13.697951,3,430020.097204
-10.539199,3,430100.439085
-12.132905,3,430184.881422
-10.374598,3,430276.921245
-32.635149,6,430441.211158
-19.850571,4,430556.278261
-26.077862,5,430705.975345
-17.295993,4,430802.729049
-21.710597,4,430924.132829
-10.910633,3,430993.04467
-24.398582,4,431108.453571
-9.644365,3,431184.912234
-12.87564,3,431256.83518
-20.356752,5,431399.811465
-27.987564,5,431535.956673
-12.834283,3,431623.164961
-9.361898,3,431689.536815
-19.45745,4,431796.140497
-18.125986,4,431907.598968
-6.273096,2,431966.181418
-23.550229,4,432076.362416
-11.0172,3,432136.5476
-19.816474,5,432284.151269
-26.12464,5,432420.110904
-18.320713,4,432517.855369
-15.747196,4,432621.513651
-24.260455,5,432758.052366
-13.574199,3,432835.361046
-13.089524,4,432951.711349
-22.493646,4,433057.684561
-14.584745,4,433153.921212
-13.157975,3,433227.878946
-13.318588,4,433340.391249
-29.351512,5,433477.894199
-9.010772,2,433539.621396
-12.721612,3,433620.680589
-21.284828,4,433729.900929
-28.955001,7,433909.464984
-12.852551,3,434009.615263
-18.655736,5,434145.757105
-14.521163,4,434253.789174
-14.262182,4,434366.70866
-22.986799,4,434470.248281
-19.506352,6,434630.158612
-21.304899,5,434775.213507
-11.348089,3,434846.618492
-19.189621,4,434953.142415
-9.080714,3,435038.402098
-8.798602,3,435113.743439
-12.709742,3,435201.918563
-21.750811,4,435313.332039
-11.058898,4,435414.585226
-13.838945,3,435502.174212
-14.448308,3,435580.856784
-18.366713,3,435657.187328
-12.784676,3,435744.40459
-16.501962,4,435859.109343
-10.638204,3,435929.84971
-29.222128,5,436068.554839
-19.37036,4,436192.781483
-14.174656,3,436271.160898
-10.999135,3,436360.513239
-26.032863,5,436498.335758
-13.787437,3,436575.280973
-15.998726,4,436670.89718
-18.194954,4,436778.193983
-15.798985,4,436902.631708
-13.950015,3,436998.36958
-13.107662,3,437087.065173
-14.28085,3,437162.945346
-15.693751,3,437246.138791
-11.057049,3,437328.425331
-24.64628,5,437462.942306
-11.405513,3,437544.693072
-8.758942,3,437615.800764
-10.540915,3,437692.851573
-12.112524,3,437772.929442
-11.192109,2,437831.610116
-17.111574,4,437930.478866
-17.833516,3,438014.013244
-22.636889,5,438147.17126
-13.374205,3,438233.233163
-15.802644,4,438337.602885
-17.391238,4,438445.397744
-23.303712,4,438549.110446
-27.375651,6,438719.839064
-14.942026,3,438801.455165
-18.01997,4,438907.723235
-19.662524,4,439015.429914
-25.468182,4,439118.330544
-19.738884,5,439235.961585
-13.536523,3,439342.075676
-16.268739,4,439448.713478
-10.87647,3,439546.18751
-15.618589,5,439672.599085
-9.861786,3,439756.65378
-14.844774,3,439831.323339
-11.646167,3,439925.417781
-12.375583,3,440000.932617
-21.932588,5,440147.00395
-8.143715,2,440207.464419
-8.513248,3,440275.055233
-20.754639,4,440388.136646
-17.169115,5,440529.150748
-10.780282,3,440609.18189
-14.944316,4,440715.147153
-10.74032,3,440801.31387
-10.744715,3,440872.001287
-12.738523,3,440957.064551
-14.028455,3,441057.367367
-13.618746,3,441133.241891
-16.379759,3,441217.476376
-14.276268,3,441289.85658
-13.27404,3,441387.017968
-9.144692,3,441484.428502
-11.562322,3,441554.827529
-10.069336,3,441635.71589
-17.008158,4,441754.451071
-13.09943,3,441831.32022
-39.93471,8,442068.894491
-9.00853,3,442137.162925
-16.628779,4,442252.99361
-12.115307,3,442342.200039
-12.875626,3,442423.501298
-14.082347,3,442503.993643
-28.997929,9,442744.751272
-13.810769,3,442833.754179
-16.789172,4,442936.580251
-31.017745,7,443125.865624
-10.271585,3,443193.998572
-9.911668,3,443270.776439
-21.191778,5,443409.230948
-13.209289,4,443518.701135
-9.725161,3,443596.026415
-14.105584,3,443680.832701
-16.285864,4,443790.414377
-11.136581,3,443882.839778
-14.50165,4,443983.94913
-14.906672,4,444093.322949
-10.667439,3,444178.835418
-12.470249,3,444258.236639
-27.158462,6,444431.763365
-27.195054,7,444636.612144
-14.236753,3,444707.93406
-16.764513,4,444820.736744
-10.349594,3,444903.893247
-9.554272,3,444994.735949
-11.885852,3,445065.627923
-13.609042,3,445161.272093
-16.636216,3,445244.684859
-13.671124,3,445316.756214
-13.02227,4,445415.613868
-11.098986,3,445503.452583
-12.472556,4,445608.965565
-13.154054,3,445690.933041
-17.253298,4,445806.648148
-14.558213,4,445911.75766
-14.383152,4,446018.858335
-9.451814,2,446086.386642
-22.073925,5,446203.292309
-17.492827,4,446302.126981
-20.3732,4,446424.347824
-15.872243,4,446534.425918
-16.859953,5,446655.989692
-20.754301,5,446794.384382
-11.702285,3,446880.02377
-20.221103,5,447024.537442
-8.575396,3,447100.783539
-17.426283,4,447205.473097
-14.791297,4,447317.632441
-13.894577,3,447399.587137
-21.545816,4,447500.27675
-10.933765,3,447588.632766
-13.041693,3,447667.110001
-11.251061,3,447760.059789
-17.24166,4,447865.937402
-12.19426,3,447947.393669
-14.963973,3,448027.487092
-8.498313,3,448106.193595
-11.491559,3,448185.950632
-9.270923,3,448275.373924
-13.326973,3,448359.040589
-14.300144,3,448435.682418
-31.289871,6,448596.977239
-16.196259,4,448708.626525
-18.97928,5,448839.110823
-10.980148,3,448919.543293
-17.864175,4,449041.472307
-12.989319,3,449122.957074
-8.226185,2,449185.734401
-13.638589,3,449263.690352
-15.250226,3,449337.486139
-21.320578,5,449484.217179
-18.635917,5,449618.124369
-13.164542,3,449708.083163
-17.584092,5,449839.717014
-15.162512,3,449923.536201
-13.622822,3,450020.192657
-8.916534,2,450077.209436
-17.419556,4,450173.611316
-9.533889,2,450240.182211
-16.229596,5,450390.786601
-11.683205,3,450472.531776
-21.275979,4,450584.77449
-16.1091,4,450690.371438
-22.126124,4,450799.32508
-13.346621,3,450894.465111
-10.572607,3,450968.246199
-12.098753,3,451057.092492
-13.823135,3,451135.232313
-14.141571,3,451218.504681
-16.772612,4,451326.121036
-10.134614,3,451421.023254
-14.950017,4,451526.221607
-14.407029,4,451633.738772
-12.689456,4,451756.737124
-16.053442,4,451865.280005
-21.48557,4,451965.508314
-8.924306,3,452065.824841
-15.485822,3,452147.957589
-11.164814,3,452228.547781
-12.63325,5,452357.285108
-10.294906,3,452435.936559
-22.902175,6,452596.206306
-13.639469,3,452680.432564
-15.337512,3,452768.491996
-10.737328,3,452846.970987
-12.462448,3,452934.771835
-13.805572,4,453051.030702
-12.835223,3,453119.508587
-13.91867,3,453207.230565
-11.757741,3,453278.913611
-16.72009,4,453400.284744
-11.174181,3,453484.201835
-17.065679,3,453561.506637
-8.05453,3,453646.191019
-11.717649,3,453739.895175
-10.756415,3,453803.353616
-17.640971,4,453911.39309
-7.774823,3,453996.130576
-13.016655,3,454083.433376
-10.397159,3,454165.369436
-13.482986,4,454281.093654
-8.831335,3,454366.414502
-16.048291,3,454451.230361
-14.516523,3,454524.771688
-10.195516,3,454609.784276
-13.465648,3,454675.214635
-14.935295,4,454796.440621
-18.988657,3,454890.605213
-13.273214,3,454964.755913
-15.746854,3,455047.65569
-9.470284,3,455124.618702
-10.150028,3,455214.199215
-10.746513,3,455317.563755
-13.351028,3,455399.776909
-7.399525,2,455465.259598
-20.272494,5,455591.755397
-17.090001,4,455709.36047
-7.293702,2,455770.863584
-8.657917,2,455834.625666
-11.485359,3,455911.039624
-8.575095,3,455995.903785
-12.007886,3,456077.896244
-9.535227,3,456165.340752
-16.094601,5,456310.964933
-21.788233,4,456428.280112
-11.958167,3,456508.649199
-15.957117,5,456663.480858
-15.13776,4,456768.259672
-11.4034,3,456851.608083
-8.479911,2,456904.440793
-12.655474,3,456990.254431
-8.811838,3,457075.647645
-17.055666,5,457211.895385
-18.035367,4,457334.913688
-13.45729,4,457442.699557
-20.603086,4,457559.68642
-11.512919,3,457648.37338
-15.615163,4,457763.867552
-12.069227,3,457838.740784
-27.143159,6,458016.323961
-12.846393,3,458094.559507
-12.406832,4,458195.360161
-17.716748,4,458309.706113
-12.071103,3,458398.163114
-16.130132,4,458514.643677
-13.681145,3,458602.913911
-14.307429,4,458699.995957
-9.715666,3,458791.293116
-16.211828,4,458893.963744
-12.637468,3,458977.113514
-9.657686,3,459076.2061
-19.02087,5,459211.399369
-13.02777,3,459299.716408
-8.030652,2,459355.352366
-9.270824,2,459417.334959
-9.484018,3,459492.409315
-16.616183,4,459598.029078
-14.406632,3,459686.013402
-11.480789,3,459773.143591
-11.422062,3,459853.160353
-7.442576,2,459907.862659
-8.198675,3,459999.056512
-12.834311,4,460110.598769
-13.413808,3,460194.139747
-17.650332,4,460304.58736
-10.632143,3,460382.105595
-9.196153,3,460454.288988
-10.089487,3,460551.835457
-7.184732,2,460608.358514
-10.532401,3,460698.664272
-14.918377,3,460775.524326
-9.914294,4,460901.803149
-26.598394,5,461035.369396
-14.337381,4,461145.584008
-10.851892,3,461238.775585
-10.349278,3,461322.074368
-9.941397,3,461414.694769
-13.979434,4,461525.800309
-17.585443,4,461627.982803
-9.102269,3,461719.622602
-15.924352,4,461829.821295
-11.435713,3,461901.656487
-11.040815,3,461987.501674
-15.547322,4,462106.946146
-10.082684,3,462171.458831
-12.777812,3,462271.604298
-10.659331,3,462348.618165
-11.520564,3,462438.077159
-8.261087,3,462529.632322
-23.310237,4,462633.1654
-11.467796,3,462716.99667
-8.622936,2,462772.147038
-13.226725,3,462848.487111
-10.647859,3,462932.95721
-13.937469,4,463061.816761
-9.531977,3,463152.614415
-11.465035,3,463228.292243
-10.350843,3,463308.080508
-10.460278,3,463406.713236
-10.662663,4,463513.286321
-11.527968,3,463604.26665
-15.017142,3,463687.317167
-28.760226,8,463908.459015
-7.479924,3,463990.751305
-16.195205,4,464100.262461
-12.869524,4,464221.18579
-20.71651,5,464359.640281
-21.774601,5,464505.031681
-9.438339,3,464588.535332
-7.200685,2,464637.613215
-13.334726,4,464740.486061
-19.556121,5,464884.811198
-10.079966,3,464976.852112
-13.491277,3,465051.844046
-17.089737,4,465170.039893
-5.493962,2,465241.720853
-7.032126,2,465303.915327
-8.840633,3,465381.195902
-10.536783,3,465458.816918
-13.417883,3,465552.557609
-15.211342,4,465673.343661
-19.966243,4,465781.449201
-10.072121,3,465868.595311
-23.095987,6,466014.736536
-15.516345,3,466109.568576
-10.823721,3,466185.658354
-10.402032,3,466270.285157
-10.953261,3,466358.01643
-17.846238,4,466463.241233
-10.109279,3,466547.856151
-13.616564,3,466638.833232
-10.897556,3,466733.771087
-15.039612,4,466846.172969
-9.781712,3,466909.566548
-16.896768,4,467017.820508
-13.038372,3,467135.364997
-13.040787,3,467228.292858
-10.767679,3,467313.462733
-10.893627,3,467388.301532
-10.260252,3,467476.054402
-10.842627,3,467557.32396
-15.316075,4,467683.604379
-9.656347,3,467746.890354
-8.864139,2,467816.403253
-12.081186,3,467895.83247
-7.055296,3,467973.960837
-9.55642,3,468064.435361
-12.616107,3,468149.600017
-16.169596,3,468236.236617
-15.139293,3,468318.654862
-15.693064,3,468411.260018
-10.104323,3,468498.048092
-9.147652,3,468579.901485
-8.967963,3,468657.937959
-11.248023,3,468749.278957
-16.841401,5,468886.128217
-15.698496,3,468967.750038
-10.746644,3,469058.235143
-13.968253,3,469140.659856
-12.443177,3,469248.795144
-15.692652,3,469321.476065
-7.123792,2,469382.112765
-14.686297,4,469494.031294
-12.019541,3,469585.634617
-20.153055,5,469737.737324
-6.831421,3,469825.090346
-9.671049,3,469904.435909
-11.290393,3,469997.843172
-13.786294,4,470111.771695
-6.985891,2,470169.335951
-15.950303,4,470277.701679
-12.200538,3,470365.126377
-11.287963,3,470448.459475
-10.662909,3,470534.37726
-8.485888,3,470631.119412
-9.526665,3,470725.744383
-9.509996,3,470804.444408
-13.422307,3,470883.951492
-10.211544,3,470969.806495
-9.133972,3,471061.35361
-9.167329,3,471130.611212
-10.743367,3,471228.596881
-10.283807,3,471294.531594
-7.948319,2,471357.934737
-12.015136,3,471444.907256
-11.781188,3,471518.151105
-8.364035,3,471611.422735
-12.455506,3,471696.952171
-15.626864,3,471782.156962
-12.909724,4,471890.542176
-13.318739,3,471976.091513
-10.443661,3,472072.352053
-6.504445,2,472133.914427
-11.428272,3,472203.417239
-11.422555,3,472283.036935
-9.904721,3,472371.367084
-11.556908,3,472463.416731
-12.101882,3,472555.901902
-6.228542,2,472623.706601
-11.17744,3,472702.80223
-8.701606,3,472789.128051
-18.547482,4,472904.140853
-12.891133,3,472999.477638
-9.468258,3,473079.976046
-12.318175,4,473181.818529
-10.899888,3,473263.47493
-9.215504,3,473367.869999
-8.773347,3,473445.052212
-9.768945,3,473538.707342
-13.648689,3,473639.980849
-7.649322,2,473689.49321
-7.379443,3,473786.97599
-11.755213,3,473873.998769
-13.206351,4,473987.112131
-13.884081,4,474084.219208
-17.69917,3,474174.302984
-12.093745,4,474282.31421
-12.906236,4,474407.927759
-8.88477,3,474504.960492
-12.244632,4,474619.074656
-15.9116,3,474704.765294
-9.626151,3,474794.796252
-8.712483,2,474848.764502
-9.276113,3,474941.627442
-11.287499,3,475029.027697
-14.368474,3,475114.222988
-9.891957,3,475209.942269
-7.661693,2,475260.984051
-6.461747,2,475315.473398
-10.917177,3,475398.401669
-12.609263,3,475488.393627
-12.696261,3,475572.936265
-14.644476,4,475693.151354
-11.435574,3,475789.408897
-8.93,3,475877.525337
-10.267044,3,475981.766076
-6.623114,2,476036.763376
-6.952741,2,476108.084496
-11.867304,3,476196.512599
-10.43101,3,476284.606096
-15.549048,3,476377.19281
-7.631828,2,476445.468646
-11.55817,3,476520.676124
-14.658618,4,476634.796161
-16.811359,4,476759.693862
-7.094466,2,476812.417602
-18.276271,6,476994.354356
-15.963872,4,477109.089929
-18.415421,5,477246.513679
-12.844071,4,477368.715742
-10.523127,3,477447.01904
-10.45729,3,477543.494575
-12.515823,3,477618.635663
-10.158851,3,477705.895673
-15.147642,3,477793.41039
-12.319589,3,477884.391107
-8.094324,3,477963.22582
-10.85314,3,478046.34852
-6.07573,2,478118.767757
-9.206405,2,478178.732668
-7.661038,3,478267.560951
-11.173284,3,478347.746585
-11.857941,3,478437.206373
-14.942882,4,478550.062799
-19.323918,4,478681.328796
-15.354919,3,478783.56169
-9.213948,2,478835.681601
-12.170631,3,478934.638768
-8.592063,2,479002.830621
-10.662492,3,479070.494669
-12.831184,4,479191.462612
-12.862664,4,479308.332976
-11.146826,3,479404.123995
-7.570528,3,479474.119192
-11.738235,3,479565.72831
-13.418249,4,479678.79676
-9.285408,3,479955.253909
-9.531119,3,480039.424965
-10.208487,3,480136.315585
-10.713809,3,480226.287631
-13.154915,3,480322.420102
-13.839378,3,480401.574933
-5.850355,2,480458.136276
-12.319269,3,480545.892715
-12.782028,3,480626.393155
-10.519016,3,480709.508049
-16.669212,3,480802.943064
-12.077537,3,480892.967563
-16.600918,5,481051.511441
-12.208102,3,481136.399119
-11.413772,3,481224.195806
-11.982478,3,481323.658237
-11.827509,3,481394.068243
-11.199494,3,481475.342235
-9.788878,3,481563.98906
-7.97354,2,481625.437345
-8.115805,2,481680.214521
-7.224405,3,481763.590062
-14.686694,3,481849.579158
-9.644323,3,481946.047126
-10.701544,4,482060.693679
-9.230513,3,482140.909274
-12.42523,3,482236.85079
-8.683913,3,482319.804641
-11.608728,3,482411.650448
-6.937298,2,482471.247098
-10.584259,3,482538.802772
-10.173053,3,482622.064545
-7.8735,3,482732.30102
-12.184296,3,482818.469894
-14.728429,3,482913.032902
-7.516637,2,482970.866901
-11.857681,3,483064.24475
-12.499643,4,483178.906835
-7.731517,3,483258.100072
-9.74431,3,483344.805523
-9.007938,3,483440.617825
-9.204705,3,483550.355597
-10.543822,3,483626.70991
-7.226585,2,483699.035326
-12.668185,3,483779.408974
-11.785843,3,483864.792532
-9.303595,3,483948.742974
-8.601647,3,484023.317673
-10.72011,3,484121.451675
-13.557424,3,484211.108607
-9.78657,2,484280.479755
-8.794843,3,484357.536649
-8.395231,4,484471.911629
-12.046703,3,484564.82291
-11.095148,3,484654.356692
-10.104307,3,484744.580926
-8.650522,2,484819.786947
-10.524401,3,484900.88839
-12.285473,3,484993.065546
-9.136967,3,485076.094641
-8.788033,2,485143.998097
-12.527237,3,485231.766042
-8.292357,3,485324.561774
-13.201175,3,485403.082827
-13.030143,3,485481.549532
-12.68254,3,485564.622252
-11.004594,3,485643.064887
-12.462045,3,485737.934934
-12.607133,3,485822.443163
-21.567893,4,485937.066479
-8.728647,2,486001.382685
-11.59195,3,486081.223867
-10.326955,3,486175.469003
-6.988788,2,486246.850634
-12.982892,4,486363.760178
-11.348575,3,486449.790869
-10.463059,3,486529.889488
-11.176659,3,486603.81918
-13.98817,3,486711.686768
-9.00491,3,486796.044836
-11.358141,4,486905.276201
-8.713203,3,486997.077955
-8.350361,3,487092.972771
-9.770273,3,487178.586221
-9.560434,3,487275.087368
-12.594604,3,487377.048507
-8.200639,3,487465.107444
-13.228561,4,487731.433475
-10.739496,3,487824.274721
-10.10959,3,487907.31609
-8.337271,3,487999.962137
-14.179308,3,488087.534607
-9.848551,3,488190.613783
-9.970947,4,488298.993197
-7.175402,2,488372.809901
-14.396009,3,488455.778873
-8.290081,2,488523.877785
-7.332703,2,488577.997884
-10.048951,3,488669.833429
-12.84992,3,488764.199311
-13.663566,4,488864.788957
-9.402644,3,488960.128781
-13.630711,3,489051.330576
-12.157125,3,489150.673335
-7.866478,2,489207.170633
-12.476542,3,489302.259675
-12.768371,3,489384.646657
-12.512505,3,489460.613537
-12.485528,3,489551.98305
-11.498695,3,489648.472454
-9.817313,3,489742.131752
-8.879859,3,489826.531112
-15.855184,5,489972.219882
-8.958904,3,490054.70011
-14.774426,4,490173.247408
-10.764963,3,490275.645851
-10.193664,3,490348.200667
-13.730693,4,490470.868273
-14.216512,4,490593.354873
-10.435286,4,490695.018392
-9.513549,3,490770.873714
-10.685501,3,490867.173849
-10.424064,3,490954.708432
-11.989623,3,491049.004685
-10.332594,3,491140.551408
-6.991966,2,491207.150345
-7.217279,2,491270.405622
-16.896496,5,491408.738411
-13.449136,4,491525.740424
-9.910888,3,491624.471096
-12.506973,4,491738.644431
-9.533178,3,491822.605902
-9.195338,3,491913.346613
-13.355362,3,492011.650824
-11.185776,3,492091.429085
-12.099121,3,492182.138821
-12.348108,3,492618.987745
-17.057719,5,492754.933595
-9.18754,3,492845.702316
-10.195074,3,492938.887941
-7.645131,3,493029.84799
-9.387431,3,493126.21644
-7.809553,3,493196.584122
-9.219318,3,493288.332348
-11.406465,3,493380.472089
-18.076512,4,493495.857097
-9.518791,3,493593.040616
-12.75648,3,493682.777746
-10.962017,3,493775.61367
-11.331355,3,493852.700635
-12.747945,3,493944.034757
-11.997735,3,494031.843811
-17.163855,4,494152.224579
-10.180917,4,494266.286658
-7.883108,3,494344.105013
-11.101073,3,494435.196849
-8.579155,3,494519.534232
-6.826541,2,494581.143983
-10.358757,3,494673.094343
-22.148647,5,494816.950858
-8.664467,3,494888.688551
-13.255511,4,495029.658527
-13.357526,3,495100.988488
-10.666515,4,495218.477928
-10.380062,3,495324.719463
-8.874447,3,495407.351163
-11.155002,3,495506.74799
-13.180389,3,495588.168192
-8.459734,3,495673.922954
-21.00622,4,495805.743204
-18.328191,5,495952.63513
-6.748437,2,496022.255917
-6.571564,2,496078.780615
-10.581662,3,496165.836972
-7.665247,2,496228.607639
-10.451507,3,496311.75245
-7.176096,2,496375.18479
-15.346171,3,496452.917155
-7.262759,2,496517.877813
-11.726316,3,496598.170433
-9.661261,2,496668.378594
-11.341611,3,496746.857608
-13.772214,3,496839.267764
-12.183364,3,496928.86293
-12.6777,5,497090.640857
-8.772343,3,497177.041485
-9.571547,2,497236.228312
-6.709785,2,497286.471123
-11.700146,3,497380.924557
-17.088831,4,497496.019239
-11.848819,4,497623.762168
-4.962734,2,497699.279445
-7.34953,3,497789.964633
-8.799585,3,497866.825634
-9.865233,3,497959.293058
-18.169381,5,498107.912889
-9.411746,3,498187.370908
-9.449722,2,498256.691789
-13.441652,4,498361.112917
-6.740659,2,498856.526801
-12.935187,3,498939.621282
-12.52463,3,499037.942513
-16.417476,4,499152.358901
-8.996442,3,499231.081695
-10.92504,3,499318.886034
-10.318443,3,499412.998101
-13.166173,4,499545.049627
-8.055211,2,499601.470629
-11.263588,4,499719.088419
-7.671789,2,499780.288457
-11.401177,3,499868.451798
-10.439434,3,499965.308541
-10.498094,3,500062.454191
-10.96981,3,500146.827683
-6.155564,2,500221.802288
-10.70268,4,500333.078359
-7.92063,3,500417.977047
-10.732985,3,500521.807675
-10.449053,3,500600.648701
-9.878104,3,500690.71322
-10.529096,3,500780.604305
-10.541607,3,500872.784592
-12.221195,3,500976.209146
-11.498131,3,501057.179872
-10.295629,4,501196.752515
-10.878945,3,501285.07867
-9.82832,3,501364.745246
-11.867761,3,501460.278953
-11.489568,3,501547.115968
-11.931064,4,501685.242277
-11.501972,3,501774.9687
-11.276343,3,501861.680448
-11.162269,3,501955.922118
-8.47104,3,502036.250251
-6.503995,2,502101.950387
-10.422633,3,502188.650647
-11.604549,3,502271.441577
-10.454142,3,502352.719807
-10.585183,3,502436.620031
-10.430171,3,502536.056952
-12.992223,3,502633.007063
-8.185564,2,502700.991776
-9.0653,3,502798.829728
-10.932079,3,502884.296502
-12.512685,3,502968.223222
-14.370323,3,503083.251562
-9.424463,3,503151.082443
-11.233173,3,503252.515028
-9.128476,3,503338.384443
-8.663028,3,503437.836196
-6.566193,2,503503.46368
-9.720604,3,503600.7902
-9.36018,3,503671.491984
-9.605658,3,503776.661827
-14.224493,3,503870.421978
-12.577609,3,503954.849568
-8.223893,3,504050.692092
-7.789283,2,504113.644877
-10.631704,3,504202.546822
-10.665679,3,504282.437488
-11.794916,3,504379.538393
-9.650191,2,504447.068774
-6.954542,2,504499.922415
-10.534475,3,504590.639671
-11.483867,3,504679.659427
-9.852106,3,504759.079778
-8.837017,3,504864.84817
-10.021895,3,504941.4398
-9.658944,3,505033.935245
-11.558014,3,505128.075857
-9.922323,3,505216.49525
-12.238207,3,505308.106099
-7.491538,3,505421.864204
-11.769199,3,505505.757151
-7.402514,3,505590.474381
-11.692792,3,505706.618869
-12.452722,3,505796.340573
-10.339658,3,505874.181354
-11.95601,3,505971.407823
-7.467555,3,506068.556672
-5.821574,2,506125.386246
-10.059173,3,506212.279954
-12.57243,3,506290.476699
-8.015207,2,506356.322593
-10.358748,3,506442.503501
-6.466178,2,506500.209333
-11.277473,3,506591.224036
-10.7345,3,506688.848997
-9.352372,3,506762.788743
-9.004416,3,506863.215113
-9.753534,3,506941.332316
-9.543322,3,507026.607388
-11.631734,3,507116.544483
-10.437438,3,507199.776509
-10.679398,3,507291.463855
-9.232734,3,507399.118152
-6.048054,2,507447.972148
-10.495242,4,507585.934428
-7.242953,3,507658.282593
-11.569062,4,507794.989402
-10.922187,3,507879.982219
-8.844124,3,507955.731112
-8.328637,4,508088.724692
-8.344712,3,508175.925741
-18.955688,5,508323.089984
-10.231227,3,508416.59771
-9.305245,3,508500.205618
-8.678133,3,508591.798502
-10.666992,3,508689.820203
-8.854364,3,508783.524177
-10.811258,3,508868.930914
-5.561308,2,508934.647222
-13.009583,3,509023.782335
-7.408432,3,509121.494154
-5.873133,2,509185.668247
-6.962027,2,509244.68802
-10.501805,3,509327.446431
-8.886456,3,509409.245199
-12.180387,3,509517.654495
-10.349078,3,509609.858286
-10.792801,3,509691.493025
-9.954985,3,509787.113005
-8.16852,3,509879.973977
-10.425357,3,509961.996147
-9.659325,3,510056.693096
-12.413525,3,510145.827473
-11.142841,3,510257.69643
-10.604532,3,510333.832513
-8.533413,2,510403.550296
-10.844221,3,510497.654436
-9.017489,3,510581.3877
-9.340699,3,510685.088797
-13.653279,4,510822.962919
-9.793426,3,510913.611893
-9.091644,3,511001.182356
-10.66268,3,511094.290643
-8.898767,2,511153.544306
-11.72847,3,511244.264761
-8.035819,2,511303.210363
-8.520495,3,511396.782852
-9.728474,3,511499.898117
-8.933045,3,511589.01065
-13.075948,3,511675.838443
-11.618742,3,511777.298331
-10.375887,3,511851.653056
-7.550485,3,511944.903042
-8.025542,4,512067.377201
-7.646983,3,512157.329512
-16.425687,4,512268.275415
-12.228621,3,512364.341275
-9.354546,3,512439.577431
-9.527265,3,512548.270689
-11.399567,4,512677.179559
-10.165572,3,512765.450224
-11.24345,3,512858.488646
-8.896002,3,512939.114847
-8.81572,3,513022.988749
-10.392914,3,513103.565892
-8.474435,4,513219.98048
-11.600728,3,513324.357204
-6.791022,2,513383.075119
-12.711242,3,513474.45336
-11.565686,3,513566.886202
-8.773742,3,513674.73531
-10.051748,3,513861.945475
-9.446742,3,513949.673671
-8.658939,3,514062.084176
-10.497041,3,514144.167272
-9.199865,3,514249.207992
-10.794903,3,514333.859257
-11.569061,3,514426.919219
-9.469251,3,514520.076623
-9.156708,3,514607.461916
-10.102526,3,514689.153216
-8.054684,3,514781.578768
-10.909717,3,514873.321069
-8.293539,3,514972.321776
-7.305207,3,515060.914186
-6.928118,2,515119.748195
-18.000579,3,515212.267554
-10.396026,3,515294.166384
-10.561265,3,515390.774589
-7.133283,2,515465.630014
-6.279812,2,515518.829599
-10.909055,3,515605.207083
-6.817749,2,515668.534576
-11.762761,3,515752.833349
-11.255935,3,515837.594524
-11.928784,3,515932.278491
-14.772403,5,516084.426044
-7.103422,3,516184.868528
-12.277015,3,516273.408607
-5.796291,2,516339.782716
-10.305847,3,516433.188801
-6.578333,3,516523.036537
-8.660078,3,516618.338411
-9.736938,3,516713.304021
-6.82225,2,516779.861226
-10.033264,3,516867.957111
-8.165567,2,516929.972841
-8.418484,3,517012.679101
-5.693554,2,517085.428529
-8.116262,2,517137.92013
-9.271277,3,517217.958245
-10.994416,3,517312.903587
-7.037134,2,517385.499571
-11.571989,3,517489.575959
-7.11265,2,517548.03911
-12.26978,4,517673.643462
-13.707003,4,517782.442352
-8.538255,3,517885.45441
-6.207489,2,517946.864991
-10.402584,3,518039.095463
-7.476157,3,518137.644686
-11.015664,3,518223.119385
-7.308021,2,518295.062557
-9.648314,3,518390.49683
-10.010281,3,518487.399441
-8.258778,3,518589.165473
-8.206409,3,518668.57049
-5.777558,2,518738.995136
-12.540238,4,518847.168412
-10.953244,3,518939.165941
-8.315345,2,519016.253178
-9.051413,3,519086.159206
-7.4087,2,519159.741338
-6.976836,2,519219.755429
-8.892762,3,519304.345276
-7.851835,3,519382.16996
-10.922378,3,519488.888447
-11.074159,3,519578.199771
-11.538677,4,519708.410964
-8.933946,3,519793.429683
-7.591675,2,519859.287355
-6.801276,3,519931.59618
-9.38389,3,520031.866009
-10.162413,3,520129.851469
-9.297171,3,520236.040774
-10.461139,3,520331.785258
-7.390229,3,520421.820291
-7.219341,3,520520.88528
-8.979855,3,520604.209888
-8.224029,3,520699.738466
-8.186902,2,520769.670761
-9.091242,3,520846.036958
-9.128003,3,520940.157871
-9.128579,3,521033.905757
-7.002959,2,521103.346143
-10.285481,3,521193.595869
-9.802012,3,521281.558384
-11.491775,3,521367.657396
-9.880318,2,521432.438164
-8.701355,3,521532.437426
-9.814738,3,521622.186697
-9.913465,3,521718.554203
-8.213264,3,521809.545035
-8.561349,3,521913.672405
-6.742858,2,521987.253574
-9.095436,3,522084.949009
-13.46746,4,522194.976487
-7.933198,3,522291.309167
-8.339193,3,522395.522942
-9.111009,4,522506.241897
-9.590131,3,522606.346951
-7.600481,2,522673.434747
-6.983068,3,522759.322052
-9.437217,2,522874.575686
-8.152548,2,522936.908906
-6.898543,3,523019.732763
-9.830329,3,523100.917001
-9.581026,3,523202.373526
-7.311685,3,523289.457418
-9.329133,3,523381.663381
-7.134361,3,523480.864662
-14.618667,3,523784.066686
-9.470243,3,523865.960149
-6.144662,2,523928.222771
-9.445536,3,524014.785254
-9.178404,3,524112.710012
-10.716006,3,524230.068137
-9.448773,3,524310.565297
-18.402512,6,524489.600101
-7.386078,2,524574.398118
-9.353054,2,524632.230661
-6.439265,3,524730.387124
-8.617055,3,524813.636853
-8.431954,2,524878.86188
-7.605464,3,524967.906719
-7.233471,2,525037.155455
-13.538564,3,525135.121063
-7.424556,3,525228.704132
-10.460566,3,525317.545851
-11.691182,4,525432.287683
-10.6445,3,525513.682775
-9.682228,3,525615.36488
-9.183531,3,525693.034991
-10.093878,4,525840.664768
-13.02718,3,525930.795911
-8.062348,2,525996.244658
-12.258203,3,526067.479328
-6.413949,3,526162.751618
-8.661101,3,526270.900344
-7.085391,2,526335.106372
-13.092596,4,526460.159242
-8.818579,3,526547.801331
-12.266584,3,526647.6438
-7.274278,2,526715.363289
-7.947822,2,526777.060973
-7.383425,2,526830.905026
-9.82454,3,526920.826662
-9.572579,3,527008.751847
-6.428578,2,527084.110977
-8.965176,3,527166.271507
-10.831567,3,527280.700641
-8.790437,3,527351.610161
-7.279835,3,527466.349399
-6.630432,2,527525.385745
-6.337727,2,527575.125826
-6.975193,2,527640.898004
-9.925833,3,527721.437063
-9.269411,3,527821.779508
-8.9532,3,527922.153428
-8.837046,2,527992.088819
-6.645911,2,528054.643622
-6.10112,2,528133.138718
-11.730954,3,528236.922945
-12.706815,3,528315.840561
-9.073586,3,528404.391516
-14.061582,4,528537.86704
-9.99981,3,528636.464825
-9.241441,3,528730.832898
-13.803098,4,529015.80547
-12.043173,3,529109.424464
-6.742147,2,529183.540979
-8.14809,2,529249.087977
-7.832036,2,529299.310398
-9.180374,3,529395.449216
-11.115532,3,529503.191269
-8.885748,3,529577.716702
-10.896276,3,529674.882923
-6.773721,2,529753.944061
-13.014829,3,529849.352076
-11.353792,3,529940.773547
-7.555065,3,530041.745869
-6.475242,3,530129.492216
-5.968541,2,530198.50194
-7.970663,2,530266.35541
-7.049637,2,530320.366281
-10.852735,4,530450.347782
-5.891939,2,530516.278315
-11.085487,3,530602.933149
-7.736407,3,530707.142071
-10.038541,3,530800.618994
-10.059846,3,530907.563617
-9.262566,3,530992.596675
-7.696685,3,531092.753327
-11.33875,3,531184.267477
-6.72532,2,531237.769965
-12.864018,3,531330.042216
-7.359855,2,531390.826501
-11.642218,3,531478.856198
-11.686851,3,531559.619623
-17.035937,4,531694.477096
-6.401008,2,531759.21036
-5.284502,2,531819.127178
-15.36579,3,531915.548593
-9.572237,3,532005.44911
-6.259451,2,532069.145113
-9.489481,3,532151.52565
-7.694498,2,532213.197992
-15.359926,4,532339.996429
-7.570203,2,532398.932583
-6.023299,3,532498.500202
-9.151735,3,532581.446343
-8.097765,3,532665.512387
-10.812588,3,532769.258793
-6.13612,2,532835.942141
-7.273354,3,532917.45467
-10.918328,3,533013.832202
-6.361241,2,533089.536108
-10.432921,3,533177.68917
-10.247026,3,533263.51949
-9.451338,3,533369.11612
-11.077346,3,533460.344296
-11.153259,3,533558.434282
-11.596932,3,533653.469958
-15.749211,4,533781.424028
-10.07275,3,533861.113014
-9.485829,3,533973.993408
-7.061098,2,534036.871755
-6.609532,2,534085.513242
-8.342975,3,534184.162577
-5.470199,2,534249.096177
-9.552509,4,534383.685431
-10.695874,3,534477.561281
-9.500271,4,534606.819807
-6.143909,2,534683.575516
-6.183402,2,534742.771352
-5.976397,2,534796.190127
-10.820763,3,534900.138597
-7.074056,2,534969.85974
-10.858327,3,535054.016214
-9.256339,3,535150.031116
-20.165673,5,535321.884911
-13.589752,4,535439.559334
-5.967044,2,535509.541376
-10.15403,3,535615.257159
-7.859466,2,535670.256598
-12.026382,4,535803.355737
-12.449942,3,535888.870394
-10.520558,3,535988.334677
-11.756615,3,536090.255499
-8.573165,3,536172.316477
-9.852302,3,536273.595085
-10.140973,3,536357.972575
-8.558066,3,536457.672652
-8.461361,3,536552.373488
-8.822341,3,536642.171999
-7.250598,3,536744.707079
-8.933367,3,536845.010936
-6.136072,2,536904.387116
-7.868153,3,536993.826217
-10.317358,3,537086.431283
-9.316774,3,537185.664071
-17.040463,4,537315.0759
-9.492703,3,537412.834734
-9.283254,3,537506.043978
-9.553314,3,537600.637844
-10.878835,3,537697.025574
-10.072743,4,537819.498868
-8.206851,2,537876.666177
-6.77319,2,537941.941056
-7.770641,3,538015.11239
-8.440098,3,538126.636511
-9.535842,3,538219.978417
-10.266155,3,538313.135923
-9.318512,3,538407.904805
-10.327425,3,538501.380382
-7.791085,2,538577.525396
-7.652939,2,538632.232965
-8.281889,3,538736.798017
-9.29034,3,538815.472434
-11.789153,3,538915.848582
-5.904607,2,538969.122018
-9.000946,3,539058.603294
-10.508247,4,539204.881345
-11.811938,3,539290.041805
-11.525931,3,539399.909979
-11.091849,3,539498.563943
-15.249068,4,539614.622875
-9.592598,3,539709.357646
-11.889419,3,539802.859688
-13.014726,4,539936.247401
-7.171592,2,540003.961072
-7.636066,3,540075.738225
-8.549713,3,540298.571054
-9.417255,3,540387.51278
-9.70215,3,540489.979171
-27.595307,8,540731.920949
-9.928058,3,540824.99094
-7.624573,2,540897.714927
-14.727555,3,540982.401889
-7.919789,3,541072.908788
-9.795462,3,541165.738113
-6.530872,2,541236.615285
-9.38943,3,541320.909569
-4.926203,2,541400.487636
-7.500967,2,541461.510411
-7.541301,2,541520.821712
-5.936553,2,541579.589303
-8.8761,3,541673.699395
-6.802374,2,541735.77698
-7.943055,3,541820.38804
-10.686824,3,541922.538455
-6.709346,2,541980.261152
-8.132971,3,542067.150247
-6.212355,2,542133.016392
-9.120752,3,542229.537131
-7.436933,2,542301.529774
-12.40451,3,542399.488261
-10.442134,3,542478.613324
-9.29859,3,542583.862754
-7.604975,2,542653.645386
-9.390493,3,542732.714158
-10.063906,3,542844.071812
-6.058486,2,542910.128515
-7.926809,3,542997.751435
-9.49909,3,543097.069347
-18.066463,5,543262.163678
-9.249263,3,543347.689056
-5.909286,2,543420.8024
-6.978282,2,543493.57303
-12.481091,3,543587.477801
-6.050338,2,543647.647475
-9.144591,3,543731.606628
-10.61356,3,543813.108005
-7.360944,3,543909.818182
-8.857684,3,543993.62038
-5.038236,2,544071.933888
-6.316895,2,544147.765301
-9.073934,3,544231.493862
-10.884605,4,544350.637515
-5.889857,2,544592.853747
-9.805604,3,544672.857787
-8.161538,3,544764.997489
-9.419656,3,544881.122169
-4.864949,2,544935.357127
-8.770816,3,545031.19967
-10.874998,3,545123.34624
-7.166228,2,545196.656414
-10.250464,3,545284.453601
-7.517913,2,545362.953252
-11.904394,3,545450.27294
-9.429611,3,545536.888321
-6.056532,2,545600.748069
-9.551338,3,545715.399858
-4.943447,2,545781.673275
-11.218223,3,545869.342904
-10.566832,3,545955.606248
-4.895604,2,546029.09694
-5.679208,2,546087.152471
-7.529719,2,546146.261358
-6.114468,2,546230.821148
-7.400071,3,546314.930169
-6.667116,2,546373.781451
-6.016906,2,546445.042702
-6.399231,2,546510.676136
-10.984142,3,546620.827048
-6.955392,2,546683.980802
-9.59769,3,546770.320397
-12.365183,3,546867.522946
-5.231521,2,546929.117178
-8.416662,2,546994.172396
-8.734456,3,547079.572829
-5.829182,2,547139.171522
-5.887974,2,547202.89677
-6.120366,2,547273.881014
-9.675327,3,547366.382437
-10.867739,3,547460.204193
-10.14792,3,547551.75847
-10.141267,3,547631.084489
-10.264859,4,547746.955201
-6.180847,2,547810.190104
-10.805629,3,547903.207884
-11.817951,3,547993.952748
-6.438987,2,548068.804111
-7.92761,3,548158.944788
-7.3187,3,548250.667207
-5.675306,2,548314.997572
-5.785615,2,548381.22594
-6.267633,2,548456.671208
-8.445375,3,548537.603527
-5.577734,2,548613.687571
-9.636186,3,548699.269657
-6.67908,2,548777.882094
-8.6406,3,548872.296319
-9.135088,3,548970.082265
-6.515424,2,549055.199338
-5.484797,2,549121.387713
-9.221744,3,549219.976077
-5.314588,2,549301.890939
-12.479981,3,549386.197421
-7.383381,3,549482.892142
-10.989135,3,549581.753193
-7.107198,2,549647.061083
-6.181821,3,549724.952981
-5.48393,2,549795.576946
-8.870463,3,549886.043837
-5.931023,2,549951.853917
-6.231128,2,550021.250084
-6.218187,2,550094.323847
-7.881372,3,550172.566573
-8.328304,3,550282.369313
-6.932096,2,550347.377695
-6.529462,3,550428.982676
-9.521603,3,550520.525196
-11.281783,3,550624.461449
-10.812115,3,551045.900258
-7.10393,2,551131.585078
-5.359595,2,551184.457632
-9.776834,3,551287.587709
-6.160352,2,551352.623883
-9.303046,4,551487.103929
-7.176724,2,551543.310686
-8.453815,2,551618.204779
-9.233986,3,551714.418996
-6.156497,2,551780.9468
-8.202345,3,551875.919716
-10.623021,3,551966.083116
-8.48784,3,552049.005224
-7.551282,2,552114.659022
-12.146792,3,552208.721529
-6.837339,2,552282.937437
-6.242396,2,552349.244538
-8.33799,3,552444.433328
-6.706715,3,552532.352095
-9.726791,3,552635.209736
-8.573483,3,552731.594887
-8.494721,3,552833.644387
-8.886649,3,552923.25711
-9.418333,3,553022.060177
-8.896132,3,553113.223562
-13.069168,3,553220.248105
-6.907771,3,553322.520952
-9.537989,3,553413.955427
-9.200939,3,553504.748713
-9.127618,3,553589.038118
-8.853398,3,553678.105615
-8.755187,3,553775.475297
-6.554892,2,553853.75094
-9.339158,3,553945.116404
-9.434739,3,554036.498488
-7.826902,3,554126.322247
-7.15283,2,554199.229156
-5.978759,2,554269.02021
-8.482841,2,554325.680499
-7.673717,3,554411.657784
-5.836053,2,554480.372182
-7.684864,3,554560.918763
-6.583169,2,554639.90269
-9.536102,3,554723.655452
-7.833834,3,554826.163942
-8.276126,3,554928.352122
-7.726464,3,555037.337596
-10.854691,3,555124.885674
-9.853251,3,555219.593422
-10.114612,3,555334.303093
-7.435786,2,555388.724183
-8.044173,3,555495.62729
-7.426603,3,555589.515
-6.746556,2,555657.014368
-6.852955,3,555760.534356
-5.79335,2,555823.703298
-8.202612,3,555918.622059
-9.638192,3,556017.509686
-7.489772,3,556115.455962
-6.077558,2,556179.706646
-7.935413,3,556362.287591
-6.231905,2,556440.504222
-10.586624,3,556519.072946
-9.776315,3,556614.203251
-6.922779,2,556686.276222
-15.030527,4,556807.32821
-5.495101,2,556860.879702
-6.042235,2,556932.3277
-7.551148,2,556995.568677
-10.981511,3,557085.83086
-6.678022,2,557159.250372
-5.217915,2,557214.997551
-6.543167,2,557282.389839
-8.764276,3,557371.335778
-6.493416,2,557448.133281
-17.415946,4,557568.624228
-6.232651,2,557643.323941
-6.236586,3,557715.169053
-6.430185,2,557790.381442
-9.577792,4,557910.09413
-11.176122,3,558015.448802
-7.024703,3,558098.420081
-6.928806,2,558165.423214
-6.268503,2,558234.114652
-10.584779,3,558318.788313
-6.997071,2,558383.992036
-9.152835,3,558471.312788
-6.862292,2,558547.160194
-8.377508,2,558603.689747
-8.600873,3,558701.918687
-13.273519,3,558791.185962
-7.983412,3,558871.477454
-8.736396,3,558970.819457
-8.227125,2,559044.542244
-6.858316,2,559104.98998
-11.377466,3,559195.178354
-9.918201,2,559264.431054
-9.258561,3,559349.621625
-6.875156,2,559416.673997
-9.960479,3,559509.358054
-9.862495,3,559617.382102
-10.779121,3,559712.753392
-9.67161,3,559799.454445
-6.129698,2,559860.936497
-7.23653,2,559929.039335
-6.601418,2,559997.096285
-8.750815,5,560261.464635
-13.91513,6,560449.067301
-6.364761,3,560539.490146
-8.74325,3,560919.134089
-6.244839,2,560977.252402
-10.588848,3,561187.745282
-10.294964,3,561297.454011
-8.846817,2,561360.798037
-8.178312,2,561425.785549
-17.986168,5,561568.503165
-10.795647,3,561672.046841
-6.467316,2,561739.154226
-10.722263,3,561818.673696
-5.641201,2,561897.077211
-12.526712,3,562000.108781
-9.195158,3,562109.359835
-6.530443,2,562165.425169
-5.19655,2,562230.481612
-8.015467,3,562329.580362
-6.629053,2,562395.15457
-6.623552,2,562448.531741
-10.918807,3,562558.758542
-7.439145,2,562618.403007
-9.381226,3,562713.66328
-5.541422,2,562782.477106
-5.715156,2,562842.299525
-8.741672,3,562924.361421
-10.357451,3,563019.744401
-7.787043,2,563093.26601
-5.985461,2,563155.412988
-9.284465,3,563251.437886
-5.914786,2,563328.765352
-7.45424,3,563413.799312
-6.066447,2,563496.246897
-7.920656,2,563567.294758
-7.086955,2,563628.662175
-5.656898,2,563684.10591
-8.585063,3,563783.912566
-9.454653,3,563869.228421
-8.016652,3,563980.324867
-5.32775,2,564053.54671
-9.793659,3,564133.678985
-9.320437,3,564239.145946
-8.166516,2,564305.812717
-11.463079,3,564395.296536
-5.42045,2,564454.22968
-11.039732,3,564553.259522
-11.229902,3,564637.218834
-7.019047,2,564696.707942
-6.057137,2,564769.679435
-5.279849,2,564834.435754
-7.866938,2,564905.689614
-6.774519,2,564971.158071
-13.324721,4,565091.368428
-8.66148,3,565193.209571
-5.568576,2,565254.99172
-10.293172,3,565355.976758
-7.532776,3,565445.004773
-7.303238,3,565532.668468
-6.520735,2,565608.499628
-7.285395,3,565693.186889
-10.362521,3,565811.847414
-10.594491,3,565897.283464
-6.639605,2,565964.654783
-5.916604,2,566028.108321
-9.611288,3,566108.733004
-7.685026,3,566208.22064
-7.359707,2,566279.7842
-6.695322,2,566332.595787
-10.988635,3,566448.924389
-7.884309,3,566529.394744
-5.98897,2,566611.911841
-6.869365,2,566665.623945
-6.039254,2,566731.530482
-9.237458,3,566825.603179
-8.771615,3,566903.503
-7.387831,2,566972.734347
-5.783548,2,567044.369564
-10.943518,3,567132.368457
-5.95503,2,567206.524446
-10.450037,3,567305.216041
-10.043003,3,567390.192255
-6.408837,2,567456.088371
-8.479802,3,567557.40779
-7.140145,2,567615.453469
-7.189625,2,567678.542973
-5.700387,2,567748.09671
-5.148801,2,567823.296499
-9.64862,3,567916.617496
-5.894183,2,567973.138116
-7.120233,2,568039.438454
-9.149174,3,568149.622306
-8.219091,3,568230.715768
-5.474819,2,568305.420494
-10.40677,4,568430.664724
-6.456228,2,568491.718931
-10.308254,3,568582.899831
-7.031974,3,568685.589512
-14.354119,4,568798.68668
-12.213212,3,568900.701679
-5.368151,2,568980.747221
-9.193759,3,569059.209339
-8.521611,3,569162.082026
-11.092342,3,569258.706818
-5.651893,2,569337.434894
-8.21695,3,569425.240928
-6.128563,2,569504.511912
-10.879447,3,569597.710738
-8.463282,3,569683.769925
-6.041686,2,569743.944991
-6.805419,2,569810.528598
-6.408791,2,569876.606721
-6.189148,2,569941.414996
-7.441543,2,570000.064159
-6.195957,2,570065.091552
-8.071147,3,570165.719576
-8.820567,3,570256.098302
-9.757204,6,570454.351134
-7.046689,3,570553.670923
-5.20748,2,570617.552938
-4.968743,2,570685.256784
-7.984861,2,570751.5147
-6.248827,2,570816.669546
-6.97016,2,570880.223151
-10.26554,3,570976.518736
-11.064743,3,571082.006231
-7.336175,3,571173.475948
-6.67321,2,571231.958171
-6.623633,2,571298.953807
-10.242848,3,571386.50976
-8.473102,3,571478.244983
-5.609974,2,571550.898886
-5.560126,2,571620.989077
-5.478496,2,571684.443792
-8.957097,3,571787.800787
-5.154267,2,571850.859665
-5.719169,2,571914.738658
-5.636856,2,571990.455646
-6.928091,3,572080.745429
-5.632805,2,572151.182473
-9.761676,3,572242.92704
-5.057908,2,572320.144649
-7.714144,2,572384.663306
-6.417174,2,572446.691777
-5.731863,2,572504.268246
-10.092984,3,572602.654938
-7.516627,3,572709.355792
-5.779193,2,572766.262146
-6.677501,3,572861.167506
-6.884916,3,572948.644907
-6.705383,2,573013.901295
-6.592995,2,573083.66911
-6.487978,2,573132.865218
-7.149832,2,573207.410497
-9.944735,3,573300.870003
-8.145574,3,573394.867727
-7.465798,2,573468.514974
-9.606065,3,573567.516486
-8.105502,3,573652.84265
-6.068652,2,573722.60881
-5.724213,2,573786.319753
-10.491425,3,573882.109029
-6.923986,2,573959.476017
-6.927019,2,574032.485713
-6.318573,2,574088.729483
-6.407653,3,574170.729596
-10.001218,3,574274.538729
-6.936254,2,574345.097444
-6.616063,2,574417.974364
-11.912651,3,574502.436443
-8.44042,3,574626.871743
-7.44847,3,574723.057336
-8.76988,3,574815.202783
-7.409148,2,574889.954933
-12.143064,3,574983.569127
-6.9343,3,575085.589404
-7.996363,3,575185.255775
-5.119847,2,575263.974146
-10.326101,3,575354.724415
-8.974309,3,575450.539084
-9.152622,3,575532.62141
-13.829729,4,575662.571696
-5.955964,2,575735.506693
-10.956728,3,575837.230615
-8.392299,2,575902.083539
-6.227444,2,575971.078872
-6.410189,2,576034.35714
-6.342561,2,576092.279556
-9.534549,3,576189.209029
-5.783502,2,576260.914941
-9.737602,3,576343.727239
-7.28971,3,576437.018751
-8.395037,3,576537.174781
-10.300912,3,576651.384852
-6.47417,2,576707.50643
-9.569962,3,576801.881044
-6.678221,2,576879.306029
-6.23836,2,576946.102626
-7.774332,3,577042.08991
-8.342588,3,577113.603076
-7.092888,3,577229.151341
-6.05784,2,577284.504124
-12.573522,3,577380.077719
-7.055775,2,577460.47565
-6.874599,2,577525.296423
-6.368051,2,577588.899293
-5.758551,3,577817.608027
-6.898412,2,577887.781851
-6.604459,2,577960.756866
-7.404858,3,578042.701672
-6.486163,2,578116.791736
-5.564094,2,578182.190876
-9.927364,3,578271.962832
-5.560762,2,578340.546757
-7.297482,2,578406.160084
-8.888941,3,578502.901257
-8.54623,3,578590.416111
-5.640143,2,578662.704574
-5.579833,2,578724.589932
-8.664427,3,578818.505068
-5.791169,2,578892.857453
-5.599747,2,578962.532984
-5.393705,2,579032.549357
-5.792807,2,579087.817713
-5.802308,2,579157.398133
-6.256282,2,579214.767759
-7.388036,2,579280.386163
-8.35018,3,579376.117006
-6.827147,3,579469.740401
-8.18254,3,579563.39925
-6.232468,2,579629.490507
-8.019272,3,579740.629318
-5.039561,2,579811.120185
-7.922892,2,579870.843135
-6.064236,2,579948.442543
-6.69561,2,580013.247642
-6.333404,2,580065.990836
-6.664039,2,580128.144591
-7.429858,2,580202.590017
-7.237718,3,580289.2066
-12.778559,4,580420.20243
-7.270675,2,580493.590755
-6.584858,2,580551.517781
-5.537493,2,580619.010181
-6.648698,2,580687.095577
-8.145586,3,580786.350929
-6.774307,3,580882.802408
-6.804962,2,580956.655838
-7.529264,3,581034.92129
-5.671436,2,581121.713055
-9.92243,3,581212.452912
-5.878219,2,581273.191866
-8.343187,3,581355.29389
-6.034166,2,581428.550488
-5.83797,2,581494.041629
-5.739577,2,581561.608263
-8.345635,2,581621.626156
-9.452409,3,581729.585756
-8.480147,3,581817.556412
-6.346704,2,581890.993007
-7.90477,3,581983.649338
-5.626281,2,582057.973465
-6.659941,2,582112.717074
-9.49285,3,582194.245134
-10.026668,3,582298.333603
-9.694664,3,582392.265805
-5.826262,2,582466.700469
-8.412377,3,582564.4794
-6.001362,2,582628.238048
-7.383004,2,582694.36862
-8.110957,3,582789.752043
-9.225433,3,582891.906269
-6.064372,2,582959.893271
-5.805199,2,583018.13591
-5.358634,2,583087.679709
-10.901374,3,583187.60796
-7.824017,2,583258.107246
-6.977591,2,583325.6251
-7.729932,2,583386.574013
-8.372326,2,583456.131336
-5.992521,2,583521.963015
-12.225871,3,583628.820499
-8.545491,2,583697.771761
-6.454606,2,583751.47367
-5.980003,2,583817.146189
-8.304068,2,583883.428159
-12.064811,4,584014.040483
-10.02705,3,584116.841955
-6.249235,2,584183.277452
-6.333509,2,584239.283965
-6.929454,2,584305.841985
-8.303317,3,584407.983961
-5.429602,2,584466.806222
-8.515343,4,584588.64256
-11.200883,3,584686.422674
-6.823819,3,584784.929186
-9.242897,3,584883.54497
-7.268475,2,584953.63891
-5.849932,2,585022.138805
-6.112797,2,585086.616773
-6.39061,2,585167.549795
-6.743715,2,585231.07586
-7.024013,2,585295.455665
-6.527647,3,585386.26989
-7.729821,3,585480.373673
-9.904264,3,585584.447992
-6.581128,2,585640.826835
-5.608048,2,585704.540012
-5.707425,2,585773.196187
-5.485742,2,585834.03492
-5.535932,2,585895.12526
-7.367802,2,585959.443356
-5.774181,2,586031.005061
-5.467077,2,586094.096417
-10.313619,3,586187.138101
-6.221567,2,586259.478093
-6.690559,2,586323.187609
-5.694103,2,586383.855175
-8.279605,3,586467.181785
-8.074692,2,586547.551367
-6.22397,2,586612.902687
-4.779949,2,586678.044849
-6.415648,3,586760.48861
-7.107616,2,586825.297908
-6.15446,2,586886.756673
-6.086324,2,586961.266891
-8.652771,3,587048.824101
-6.544331,2,587117.303251
-5.683638,2,587255.20425
-8.435157,3,587344.017373
-7.683527,3,587438.385123
-9.347611,3,587544.136696
-7.30586,2,587606.685575
-6.232774,2,587672.201271
-7.125055,3,587777.319029
-9.38616,3,587875.080466
-9.905634,3,587963.836544
-6.730602,2,588025.117615
-5.895306,2,588086.385211
-7.299752,3,588197.520833
-5.742326,2,588264.9194
-5.985189,2,588322.041355
-9.217094,3,588420.308139
-7.358817,3,588510.347701
-5.027525,2,588585.584569
-6.399753,2,588648.579121
-6.039086,2,588725.600564
-6.522839,2,588795.695958
-6.077978,2,588866.161911
-7.403711,3,588958.266685
-10.229772,3,589051.125422
-6.765511,2,589118.886854
-8.679557,3,589222.156038
-6.427633,2,589294.765429
-7.664273,2,589354.616653
-9.463699,3,589448.089929
-9.163785,3,589548.780005
-11.005466,3,589656.178023
-6.329628,2,589715.313325
-7.297568,3,589791.542526
-6.003379,2,589868.102153
-6.1869,2,589936.835857
-5.797041,2,590003.508902
-5.212366,2,590069.123932
-6.452673,2,590132.267077
-8.366463,3,590218.74638
-8.269472,3,590322.700198
-11.466439,3,590430.964841
-4.926696,2,590512.315201
-6.186214,2,590573.050348
-8.039405,2,590644.745605
-5.968605,2,590724.258501
-6.42759,2,590784.720631
-5.690088,2,590861.82293
-5.300775,2,590923.873995
-6.301437,2,590996.149523
-5.773393,2,591075.375501
-7.01469,2,591152.579913
-7.617136,2,591221.915021
-5.385748,2,591284.030799
-10.627196,3,591395.098752
-8.105228,3,591496.595756
-8.858505,3,591627.39403
-5.892028,2,591695.178103
-7.998929,3,591794.243868
-5.444264,2,591866.625755
-6.307756,2,591934.108093
-9.655677,3,592037.604372
-6.459866,2,592121.013828
-6.353818,2,592178.025176
-8.224662,2,592262.420748
-5.256756,2,592318.122072
-5.948369,2,592404.542699
-8.384755,3,592489.938359
-8.828592,2,592568.232753
-6.129537,2,592650.288351
-7.411267,4,592777.58195
-6.593401,3,592887.918894
-5.564576,2,592958.916378
-5.605714,2,593032.531471
-6.423284,2,593102.947649
-6.152587,2,593172.607856
-6.51289,2,593256.679999
-11.992738,3,593353.538294
-6.68039,2,593429.979383
-5.462801,2,593488.519824
-5.284423,2,593568.602683
-10.538758,3,593673.465968
-10.264614,3,593762.502432
-8.875226,3,593867.251237
-6.804383,2,593945.98572
-10.88384,3,594050.249207
-8.56684,3,594150.334432
-5.416237,2,594210.756053
-11.650044,3,594314.840221
-5.533709,2,594383.110048
-6.137102,2,594457.80062
-6.192335,2,594530.89801
-7.739614,2,594595.73434
-5.631907,2,594680.064913
-5.521485,2,594750.265237
-6.471504,2,594830.022933
-5.553296,2,594891.840955
-5.203117,2,595064.848155
-8.054135,3,595172.350479
-6.132502,2,595246.977539
-6.616853,2,595307.868359
-5.703317,2,595385.107794
-6.311433,2,595453.116539
-6.007532,2,595770.372502
-7.563217,2,595837.156732
-6.351003,2,595912.422335
-7.864337,3,596004.233757
-5.843116,2,596084.488033
-9.861135,3,596185.273274
-5.73092,2,596273.383889
-6.223305,2,596341.378103
-6.266109,2,596414.147173
-6.063931,2,596661.769164
-8.593825,3,596756.302333
-9.700926,3,596857.517642
-5.405337,2,596929.075027
-4.940504,2,597000.403756
-8.34025,3,597103.2251
-6.219736,2,597175.226182
-7.971055,3,597270.728227
-7.297846,2,597353.139132
-6.258057,2,597422.448628
-6.920685,3,597531.032499
-5.298302,2,597600.124143
-11.111929,3,597704.612267
-4.827183,2,597775.608287
-8.257412,3,597867.284161
-4.684104,2,597948.725864
-6.892298,2,598019.08405
-7.001031,2,598090.663575
-5.904276,2,598172.827297
-5.814387,2,598233.955774
-8.849245,3,598344.417454
-8.024144,3,598433.881715
-5.762064,2,598510.285191
-5.633387,2,598580.834248
-6.006052,2,598649.476638
-5.280662,2,598720.953916
-7.029392,2,598802.688196
-11.036218,3,598883.666648
-8.976877,3,599010.583189
-6.058746,2,599076.407648
-8.81773,3,599169.160906
-10.552867,3,599289.488826
-9.161718,3,599383.130333
-6.742668,2,599462.015441
-9.75967,3,599570.399265
-8.826891,3,599682.443356
-6.13062,2,599755.642384
-9.549661,3,599851.693146
-6.696518,2,599927.979191
-6.089325,2,600014.829281
-7.158793,3,600115.159105
-8.393652,3,600203.726784
-5.545954,2,600293.973409
-7.081214,2,600369.897466
-6.780832,2,600426.713922
-7.453089,3,600526.602186
-6.881659,2,600607.698236
-10.10099,3,600703.580556
-8.360152,3,600817.206247
-11.149753,3,600926.112252
-6.189717,2,600997.201836
-8.267524,2,601073.565108
-12.117581,5,601229.025604
-6.173353,2,601310.592586
-5.179954,2,601374.529461
-9.929041,3,601482.810159
-5.721096,2,601555.77029
-9.468879,3,601653.441765
-6.132801,2,601726.797127
-5.878525,2,601806.481756
-6.082928,2,601879.532344
-7.542716,3,601980.087968
-7.173888,3,602091.876813
-6.244807,2,602161.244107
-4.696441,2,602231.586128
-6.130777,2,602304.488925
-5.905571,2,602361.070945
-8.420795,3,602455.025359
-7.041931,2,602541.493574
-5.900248,2,602614.433743
-6.780175,2,602679.02415
-6.041995,2,602762.767733
-6.148181,2,602832.884805
-6.236303,2,602908.697698
-5.808383,2,602979.949818
-5.912635,2,603041.598324
-5.970686,2,603111.384164
-6.565926,2,603177.836084
-5.538634,2,603243.972712
-6.186163,2,603303.950808
-8.162857,2,603383.674364
-5.789581,2,603465.155837
-6.084616,2,603532.59571
-7.728812,3,603638.151957
-5.599102,2,603712.731618
-10.785294,3,603826.999098
-6.523224,2,603894.157097
-5.892292,2,603968.977422
-8.565994,3,604070.904266
-5.80594,2,604137.768979
-5.716727,2,604206.533832
-6.866526,2,604284.582054
-7.179752,2,604353.398804
-7.285342,2,604422.054662
-6.083916,2,604477.682377
-6.294425,2,604547.004922
-6.236303,2,604628.589928
-7.155859,3,604720.221934
-5.472835,2,604800.337218
-6.272778,2,604874.057829
-5.958657,2,604956.33702
-7.104635,2,605028.934801
-5.891761,2,605085.02701
-8.400921,3,605201.529095
-5.780638,2,605276.61815
-10.236783,3,605382.470862
-7.607043,3,605492.515208
-11.286452,3,605589.969733
-6.941621,3,605686.450294
-6.131807,2,605766.849753
-5.41957,2,605823.598198
-5.963648,2,606430.629086
-6.632395,2,606504.453038
-6.842958,3,606614.223205
-10.187145,3,606730.145657
-5.620159,2,606794.828471
-6.225346,2,606865.304628
-5.960488,2,606940.128375
-5.06494,2,607012.982196
-8.467288,3,607116.87781
-5.33066,2,607180.997834
-6.262382,2,607262.641873
-9.686323,3,607360.043906
-6.723065,3,607452.829134
-5.287182,2,607526.471934
-7.925261,3,607856.222867
-9.543731,4,608117.709102
-5.779308,2,608176.252984
-7.674889,3,608276.848166
-8.302753,3,608391.176805
-5.828481,2,608451.738013
-6.096144,2,608524.356674
-7.068437,2,608597.704567
-5.580094,2,608666.955504
-5.657289,2,608747.409725
-6.679585,2,608807.463153
-8.84169,3,608921.36213
-13.111349,3,609024.868019
-6.125999,2,609102.212431
-8.043515,3,609205.753906
-5.193571,2,609281.745526
-7.652641,2,609353.005877
-8.13249,2,609433.457155
-6.674613,2,609498.505604
-11.83801,3,609600.193363
-6.091204,2,609670.296326
-9.269611,3,609783.781532
-6.255921,3,609874.185903
-6.166328,2,609963.221481
-5.998532,2,610028.162104
-7.800504,3,610135.309356
-5.464596,2,610210.689523
-6.174903,2,610283.16908
-6.331195,2,610356.353276
-6.057522,2,610417.819414
-6.684064,2,610490.621129
-5.90185,2,610567.969729
-5.304669,2,610635.89648
-6.595534,2,610710.727043
-5.828901,2,610775.672859
-5.762475,2,610844.933702
-9.177349,3,610961.769461
-5.747709,2,611036.683166
-6.078747,2,611109.805094
-5.202245,2,611169.996457
-5.488381,2,611239.380942
-8.209574,3,611346.922124
-4.995258,2,611423.376971
-5.210725,2,611506.681126
-8.713108,3,611611.466603
-8.052015,3,611726.68996
-5.483661,2,611792.948179
-6.434479,2,611870.514425
-7.73941,3,611973.887935
-6.610194,2,612032.701524
-6.136895,3,612123.481992
-8.126664,2,612208.780546
-6.037728,2,612418.445023
-7.118978,2,612482.305321
-5.063566,2,612553.022681
-6.018144,2,612629.499259
-6.547475,2,612693.21568
-6.411208,2,612772.632074
-6.013756,2,612839.916793
-5.85835,3,612935.3266
-6.385482,2,613013.507802
-5.750918,2,613085.482574
-4.67817,2,613154.012842
-6.670298,3,613247.117738
-7.615951,2,613329.895367
-12.920433,3,613430.61521
-5.586574,2,613511.059348
-5.203564,2,613583.220528
-5.48412,2,613642.854667
-5.961834,2,613706.017274
-6.95514,2,613779.528815
-8.879226,3,613890.292989
-6.534492,2,613961.39263
-6.363639,2,614032.639799
-6.7491,2,614108.368656
-7.251241,2,614174.03314
-5.536118,2,614237.865243
-7.478313,2,614312.991134
-7.215834,3,614421.552388
-5.780821,2,614485.163809
-5.574535,2,614554.738169
-6.08953,2,614620.514925
-5.793792,2,614678.546094
-10.63272,4,614825.651009
-9.227395,3,614910.434999
-5.566957,2,614985.931889
-5.995877,2,615056.481452
-6.093361,2,615126.969085
-5.48413,2,615206.894583
-8.202516,3,615313.522125
-6.088229,2,615384.612026
-6.037734,2,615456.632304
-5.640024,2,615520.742883
-5.767694,2,615595.089557
-13.28504,4,615742.536344
-7.632836,3,615849.739876
-8.570593,3,615954.570437
-9.38078,3,616057.83186
-5.791323,2,616133.939456
-7.583765,2,616210.87094
-5.859679,2,616275.612921
-5.759496,2,616355.960127
-5.540552,2,616422.524224
-6.380426,2,616490.863858
-6.146494,2,616571.146112
-6.308782,2,616646.648103
-5.649772,2,616711.487189
-6.906106,2,616790.924645
-11.2878,3,616890.037368
-6.290463,2,616974.504369
-6.55477,2,617046.158578
-5.9692,2,617127.726878
-5.822748,2,617186.20997
-5.857628,2,617265.279349
-7.603943,2,617333.045689
-7.036252,2,617402.877107
-6.047887,2,617487.837815
-6.57634,2,617549.349053
-12.467779,4,617679.45194
-5.786936,2,617754.609812
-6.878802,2,617822.828411
-7.018856,2,617895.83218
-7.85598,3,618194.889351
-5.573081,2,618275.115183
-6.498666,2,618346.224849
-6.034862,2,618416.210189
-5.454007,2,618484.318011
-7.973826,3,618588.108941
-5.633053,2,618661.401742
-5.792807,2,618728.617698
-8.259637,3,618834.042202
-7.039572,2,618918.461382
-8.471188,3,619023.499186
-4.949329,2,619087.556133
-6.838181,2,619160.693458
-8.279037,3,619261.58148
-5.436182,2,619331.835554
-6.174814,2,619413.344407
-8.280584,3,619522.910323
-5.452123,2,619583.11262
-5.861287,2,619661.581267
-5.628464,2,619728.980565
-5.910335,2,619808.991678
-7.069237,3,619921.520746
-5.744618,2,619982.504336
-6.819323,2,620068.262191
-7.273217,3,620159.16322
-7.267318,2,620250.176616
-6.719157,2,620312.945356
-9.359498,3,620413.88158
-7.185464,2,620505.780363
-6.235759,2,620579.574698
-5.350137,2,620635.485052
-8.869193,3,620749.072967
-6.00751,2,620822.535336
-5.196391,2,620898.376566
-5.710966,2,620972.640698
-5.48209,2,621053.436419
-5.90594,2,621116.790792
-6.890597,3,621230.838402
-5.447428,2,621297.051935
-11.014975,3,621415.333334
-8.332303,3,621511.148211
-9.021835,3,621610.641168
-8.256516,3,621730.99897
-5.802308,2,621816.40402
-6.170286,2,621884.691957
-5.908197,2,621961.289033
-9.0704,3,622046.905531
-6.741047,2,622128.20055
-7.913978,3,622224.068606
-7.639422,3,622333.409734
-9.387964,3,622461.202906
-6.166895,2,622527.867322
-5.875976,2,622612.486887
-5.480487,2,622675.835776
-10.861975,3,622793.391544
-7.138898,2,622858.497907
-5.523136,2,622925.585934
-7.431867,3,623044.397985
-7.119807,3,623144.963468
-6.3558,2,623211.428792
-5.794114,2,623287.158114
-9.612674,3,623386.696129
-5.179279,2,623473.627178
-11.691456,3,623570.258554
-7.460477,3,623673.947369
-8.722,3,623780.948171
-5.861829,2,623860.2022
-5.199094,2,623920.750727
-8.863398,3,624028.118711
-5.799344,2,624113.297485
-5.9692,2,624187.317281
-5.794391,2,624247.798536
-5.080193,2,624317.225471
-6.116797,2,624399.354394
-6.236664,2,624463.844281
-5.793687,2,624536.54192
-6.080551,2,624612.720273
-5.607977,2,624682.632022
-6.236303,2,624773.054547
-6.723373,2,624838.980957
-8.533301,3,624945.969406
-5.815454,2,625020.169779
-5.515288,2,625090.419239
-6.500953,3,625192.933641
-6.158025,2,625275.640548
-5.992263,2,625348.162719
-11.296812,3,625469.033735
-6.646534,2,625526.458902
-10.724082,3,625635.829038
-6.048795,2,625707.805973
-5.481291,2,625773.39967
-5.834896,2,625844.629876
-7.295928,2,625911.022699
-6.23836,2,625993.846323
-7.556496,2,626057.893565
-5.458077,2,626123.619228
-5.86963,2,626204.135126
-5.797952,2,626272.470668
-7.564986,2,626348.392122
-9.387296,3,626445.260889
-4.742042,2,626519.856078
-7.133956,3,626615.844199
-6.962035,3,626745.053257
-6.042262,2,626814.953654
-5.937775,2,626890.819158
-6.157118,2,626961.694794
-9.12205,3,627073.958718
-8.542195,3,627196.723594
-5.588163,2,627254.510462
-5.671007,2,627334.344811
-8.533505,3,627442.509268
-9.483856,3,627543.539465
-8.268003,3,627658.088094
-7.618043,2,627726.833214
-5.785859,2,627800.639295
-5.589544,2,627869.991652
-6.236185,2,627952.651233
-5.969067,2,628023.097015
-5.795013,2,628085.708269
-6.696953,2,628170.388659
-5.198885,2,628229.510682
-5.5943,2,628290.885517
-6.144675,2,628368.721965
-7.294134,2,628431.293082
-6.325962,2,628510.039872
-6.335676,2,628577.772884
-7.144046,2,628654.818591
-4.693933,2,628719.567491
-7.337186,3,628821.936664
-5.567504,2,628894.022768
-5.80961,2,628957.841164
-5.796277,2,629022.088832
-5.963451,2,629101.95704
-10.367134,3,629199.493336
-5.521986,2,629275.811178
-7.592784,3,629373.789341
-7.034324,2,629463.413485
-7.857722,3,629562.386053
-5.825612,2,629641.944299
-6.666359,2,629706.001731
-7.355559,3,629820.140025
-7.350014,2,629894.346916
-5.969729,2,629963.925069
-5.48319,2,630031.288263
-6.126814,2,630100.819941
-6.092422,2,630163.158158
-6.196646,2,630236.129133
-5.477362,2,630302.096386
-7.290947,3,630397.10766
-6.122364,2,630474.824958
-5.312935,2,630554.393548
-6.450762,2,630615.709217
-6.297761,2,630688.862773
-5.957068,2,630751.903374
-7.473707,3,630856.747237
-7.484211,2,630922.553558
-6.123469,2,630999.1748
-6.15004,2,631070.374604
-8.256579,3,631168.794207
-5.589042,2,631240.658398
-5.971784,2,631327.537907
-8.112486,2,631392.850939
-6.532333,3,631483.336312
-4.977834,2,631572.849359
-5.812261,2,631639.408803
-5.345994,2,631707.007927
-6.247814,2,631792.751424
-6.761578,3,631887.538475
-5.446145,2,631961.945823
-5.969067,2,632044.493849
-8.074538,2,632109.959094
-5.858548,2,632187.837612
-4.900683,2,632257.083425
-7.03238,2,632329.059514
-5.559104,2,632396.929866
-7.542356,3,632521.444645
-5.614226,2,632584.84838
-5.810544,2,632653.884034
-6.97004,3,632749.758745
-5.924479,2,632830.895526
-6.040102,2,632904.745521
-8.322234,3,633007.822165
-6.296328,2,633091.664879
-6.559294,2,633162.925528
-6.204364,2,633234.716556
-5.651824,2,633303.826032
-4.823732,2,633374.315244
-6.57451,2,633454.258032
-7.500348,3,633556.77584
-6.566902,2,633629.10466
-12.534702,3,633727.201776
-5.178319,2,633801.071905
-5.604083,2,633868.746552
-7.622808,2,633952.90598
-5.83199,3,634056.892081
-11.515674,4,634189.454088
-7.538799,2,634262.345099
-6.060204,2,634338.256982
-8.450456,3,634435.017895
-9.921291,3,634548.467433
-5.412364,2,634617.248046
-5.906307,2,634703.689918
-5.877697,2,634771.555039
-5.793792,2,634832.960521
-7.518249,2,634901.525833
-5.755501,2,634983.154222
-5.786358,2,635051.142126
-6.786544,2,635114.620099
-7.776134,3,635222.022628
-6.101003,2,635299.609197
-8.45406,3,635394.532983
-5.737586,2,635468.652663
-6.382322,2,635541.551836
-5.985608,2,635617.083437
-7.136922,3,635728.977679
-5.137153,2,635795.151456
-9.665954,3,635910.328619
-9.620517,3,636010.188989
-6.567827,3,636105.565308
-5.742245,2,636187.203142
-9.585701,3,636284.492549
-6.167706,2,636365.080178
-5.601632,2,636436.960682
-6.15248,2,636514.452407
-5.87773,2,636582.315973
-5.264251,2,636659.14726
-6.478845,2,636739.206932
-6.717175,2,636811.743062
-5.713431,2,636873.783812
-6.20615,2,636956.291632
-11.184286,3,637045.609632
-5.784105,2,637128.616904
-9.120201,3,637242.324885
-5.169947,2,637303.511163
-7.477953,2,637377.818994
-5.476716,2,637446.458268
-7.660306,2,637515.383162
-5.972702,2,637596.991616
-5.816317,2,637662.30648
-5.818643,2,637737.497419
-5.545003,2,637800.809863
-6.111217,2,637873.287913
-6.006895,2,637957.079149
-5.87755,2,638033.464534
-9.08376,3,638143.296265
-5.066243,2,638206.631578
-7.396276,2,638279.018922
-5.795859,2,638350.383907
-5.458077,2,638417.438113
-5.804028,2,638488.697202
-6.209144,2,638557.880314
-5.71635,2,638630.405067
-6.221652,3,638747.389364
-8.261062,4,638894.48143
-5.763011,2,638953.556677
-5.9692,2,639032.128454
-6.910232,2,639094.467883
-5.914689,2,639173.001409
-7.560491,3,639287.084916
-5.858555,2,639362.656502
-6.218939,2,639416.772503
-5.853862,2,639495.015511
-5.80614,2,639554.048408
-5.800299,2,639630.904971
-6.09496,2,639691.322053
-5.234765,2,639768.874376
-6.082084,2,639838.773593
-5.796435,2,639915.869672
-5.407326,2,639988.20034
-5.697908,2,640058.132048
-6.190634,2,640129.584247
-5.607415,2,640203.960186
-6.296833,2,640278.917139
-6.495527,3,640373.776964
-6.453227,2,640456.011026
-6.202422,2,640523.785313
-6.226664,2,640594.250811
-9.47514,3,640704.587309
-5.861038,2,640785.798269
-6.17278,2,640860.217469
-5.637171,2,640925.466203
-5.763212,2,641006.729488
-8.35041,3,641120.363907
-9.653803,3,641230.708686
-5.485879,2,641299.097314
-5.834912,2,641375.349866
-6.894357,2,641446.997043
-6.167356,2,641515.472986
-5.459388,2,641585.335495
-5.924228,2,641660.772571
-6.123917,2,641737.333096
-6.746301,3,641828.953459
-6.038188,2,641901.06786
-6.14988,3,642001.768407
-7.060794,2,642086.061149
-6.506906,2,642154.445494
-10.350782,3,642266.136793
-6.133438,2,642348.837248
-7.093831,3,642433.798779
-6.169684,2,642517.635122
-5.848469,2,642599.173652
-5.474663,2,642668.746604
-5.1028,2,642739.653208
-8.561951,3,642841.021723
-5.56667,2,642928.736443
-6.063187,2,642992.95893
-5.180016,2,643069.476149
-8.290545,2,643149.625659
-6.046593,2,643213.130716
-5.548046,2,643268.962738
-6.222383,2,643349.911932
-7.23491,3,643456.85638
-5.958613,2,643548.086435
-5.794506,2,643609.905662
-5.656185,3,643714.779382
-7.714859,2,643794.902767
-5.903514,2,643873.651014
-5.290697,2,643934.794874
-5.94777,2,644006.88107
-6.581844,2,644077.653727
-6.341566,2,644142.693658
-10.658553,3,644248.911646
-5.929582,2,644318.10041
-6.189713,2,644404.409738
-5.669112,2,644475.504797
-5.904276,2,644555.530177
-6.884783,2,644620.647036
-7.824754,3,644722.984652
-6.200398,2,644810.568347
-5.861788,2,644879.122154
-7.76261,2,644952.931122
-5.017785,2,645015.951262
-5.592504,2,645080.761116
-5.733175,2,645162.428954
-5.524079,2,645225.286564
-5.893674,2,645306.541494
-5.787519,2,645372.634247
-6.552216,2,645450.348479
-5.1818,2,645524.333898
-5.23292,2,645599.593678
-7.44766,3,645695.210982
-6.396708,2,645779.719522
-5.476683,2,645854.304331
-5.921473,2,645929.467737
-5.842704,2,645999.0216
-5.522605,2,646067.35937
-5.813189,2,646155.072593
-9.248598,3,646264.557761
-5.98925,2,646331.413205
-6.986131,3,646435.64272
-5.714078,2,646512.429036
-5.472726,2,646575.06368
-5.913525,2,646649.595024
-5.319138,2,646718.687329
-6.099434,2,646798.43641
-6.027097,2,646867.536094
-6.647508,2,646945.27063
-5.840038,2,647024.301283
-5.942779,2,647087.232621
-6.1707,2,647168.014573
-5.738749,2,647232.148965
-5.719645,2,647308.647142
-5.604291,2,647364.289817
-7.944538,3,647487.473209
-6.106624,2,647562.306002
-6.040907,2,647630.428393
-5.659531,2,647701.087557
-5.68367,2,647769.199307
-6.009068,2,647850.373467
-8.487864,3,647950.387231
-6.643014,3,648065.371845
-4.685754,2,648141.46032
-5.462776,2,648203.304406
-5.665838,2,648285.423075
-5.048564,2,648352.142976
-5.900931,2,648429.118901
-5.754226,2,648502.877676
-5.668996,2,648573.927915
-7.481786,3,648663.183812
-7.178824,3,648777.062062
-6.95436,3,648870.823432
-9.422096,4,649039.986339
-7.736194,2,649112.17105
-9.889493,3,649205.794296
-6.035489,2,649291.149495
-6.492777,2,649371.95247
-5.412903,2,649441.285398
-6.151676,2,649518.306854
-6.330158,2,649589.44265
-6.946012,2,649655.151587
-7.068197,2,649732.742679
-5.308487,2,649795.105454
-6.904574,3,649898.631074
-6.685945,2,649978.305645
-6.246658,2,650045.924561
-7.68433,3,650150.35026
-6.089176,2,650230.858113
-6.025287,2,650294.001013
-11.604206,3,650405.679183
-5.267936,2,650477.010067
-9.698286,3,650585.149769
-6.441125,2,650662.483041
-7.650274,3,650763.644107
-7.07931,3,650871.145924
-5.801593,2,650948.565759
-7.08879,3,651048.682388
-7.35534,3,651161.634336
-5.161195,2,651227.932829
-8.461735,3,651333.838014
-5.862818,2,651416.381921
-6.685808,2,651485.839743
-9.39062,3,651602.659319
-5.609669,2,651660.400336
-5.368378,2,651743.723516
-6.272873,2,651802.48713
-5.666043,2,651876.904395
-5.517518,2,651939.19089
-6.151353,2,652017.830965
-5.595334,2,652087.516662
-5.039204,2,652151.204557
-5.403803,2,652229.758251
-6.081446,3,652317.256538
-6.322961,2,652408.257684
-5.708668,2,652473.320412
-5.415391,2,652548.316432
-6.109304,2,652623.793072
-5.535558,2,652696.112971
-5.6221,2,652771.024093
-5.86896,2,652846.165088
-5.811763,2,652918.793543
-5.825213,2,652995.521968
-5.605803,2,653062.011916
-5.20543,2,653129.27753
-6.384908,3,653240.344836
-5.770107,2,653313.773801
-4.971897,2,653384.678787
-6.062804,2,653458.554781
-5.907611,2,653539.746383
-5.796659,2,653615.61064
-5.725475,2,653678.394024
-5.804727,2,653749.96716
-6.079865,2,653818.48788
-7.636112,3,653921.324376
-6.044638,2,654007.232325
-6.305793,2,654067.08523
-5.438406,2,654142.42169
-6.204499,2,654220.971108
-7.033344,3,654316.403261
-6.15851,2,654396.658883
-6.609656,2,654463.944839
-5.32979,2,654526.260243
-7.643169,3,654640.437472
-6.320978,2,654717.235107
-4.906372,2,654774.822603
-5.891781,2,654856.637446
-6.164599,2,654925.126709
-5.826435,2,654994.812289
-6.466751,2,655072.847632
-6.087367,2,655147.842986
-5.595651,2,655212.582319
-7.318482,3,655308.62209
-5.794044,2,655390.390981
-7.203793,3,655499.155631
-6.319547,2,655579.02747
-5.793792,2,655637.875023
-11.234242,4,655782.332793
-5.746887,2,655851.773568
-5.901557,2,655931.992274
-7.074003,3,656026.020662
-5.773582,2,656111.738971
-5.84849,2,656183.307449
-5.939201,2,656257.585654
-6.450181,2,656326.597165
-5.746572,2,656399.244245
-5.594323,2,656461.626863
-5.563862,2,656531.460953
-5.281892,2,656613.133179
-6.956707,2,656678.449092
-7.090939,3,656773.732541
-8.753554,3,656884.18862
-5.177986,2,656965.328657
-6.678225,2,657051.40175
-5.42188,2,657110.48386
-6.364965,2,657189.247937
-6.918551,2,657259.190224
-5.474745,2,657322.665134
-6.942865,2,657403.887611
-6.311211,3,657499.960234
-6.484381,2,657588.468329
-5.964732,2,657656.155674
-6.015369,2,657738.716542
-6.140777,2,657808.45759
-5.793792,2,657874.246722
-5.812828,2,657940.053686
-6.060411,2,658019.967246
-7.73277,3,658131.396052
-5.833193,2,658200.090688
-5.558868,2,658260.584288
-6.310652,2,658339.263522
-7.273854,3,658452.0084
-4.867825,2,658520.907797
-6.189442,2,658599.013403
-6.688078,3,658697.244006
-5.671197,2,658766.158779
-9.008543,3,658867.88277
-5.656258,2,658931.584603
-5.321646,2,659013.788029
-8.687326,3,659111.205508
-5.350262,2,659186.535386
-8.887448,3,659287.130831
-6.011992,2,659367.811737
-8.238046,3,659472.55162
-5.637143,2,659553.469613
-5.409116,2,659624.269974
-7.83645,3,659725.665509
-5.52666,2,659790.530319
-5.844129,2,659872.88935
-5.8716,2,659942.677126
-8.321957,3,660031.852911
-5.879241,2,660113.28171
-5.795171,2,660183.23796
-4.940104,2,660266.799943
-5.485071,2,660324.530202
-6.140777,2,660401.134294
-5.294797,2,660468.881304
-6.574609,2,660542.799326
-5.38484,2,660615.043146
-6.227767,2,660695.111833
-5.795119,2,660761.64543
-5.729617,2,660839.25496
-9.829335,3,660942.30601
-5.550153,2,661013.91678
-5.894739,2,661085.827667
-5.803474,2,661155.76738
-7.534135,3,661259.797616
-5.592676,2,661339.482779
-5.533958,2,661407.19171
-8.329523,3,661502.477088
-5.058367,2,661578.303876
-8.612192,2,661659.716667
-6.148181,2,661734.292003
-5.481007,2,661800.518182
-5.355027,2,661874.320537
-5.532425,2,661943.086832
-5.899567,2,662026.553204
-8.217272,2,662087.912284
-5.103696,2,662159.285869
-5.704525,2,662236.893491
-7.038676,2,662314.818188
-13.831195,4,662439.135115
-11.333375,3,662549.183951
-5.925464,2,662628.451827
-6.150865,2,662700.926147
-5.713375,2,662759.215767
-8.735366,3,662863.575605
-8.132044,3,662990.819572
-5.179243,2,663070.043611
-8.254197,3,663174.161808
-6.075137,2,663245.299017
-6.140777,2,663329.296068
-6.007967,2,663383.100266
-5.636857,2,663469.359308
-8.568413,3,663574.000288
-6.549447,2,663641.179474
-7.071372,2,663713.208768
-5.485579,2,663779.4554
-5.571171,2,663847.740023
-5.78916,2,663926.143153
-6.911244,2,664006.284156
-5.936597,2,664073.996665
-5.040858,2,664138.586369
-5.476286,2,664217.531909
-5.192777,2,664294.182268
-5.94307,2,664358.449564
-5.791323,2,664432.63096
-5.515656,2,664506.042556
-5.983843,2,664584.832601
-5.182227,2,664647.47375
-4.9341,2,664715.416793
-5.44386,2,664797.76469
-5.715457,2,664872.608533
-6.266682,2,664930.019942
-5.97236,2,665014.577996
-4.894669,2,665075.094913
-10.574133,3,665192.338711
-8.679296,3,665291.043466
-5.763349,2,665371.132741
-5.985991,2,665442.128514
-5.450371,2,665514.945967
-5.889802,2,665601.108341
-6.036806,2,665669.92578
-5.936965,2,665737.207646
-5.70293,2,665797.931043
-11.766335,3,665904.087276
-6.28898,3,665991.727564
-6.303266,2,666082.198505
-5.777858,2,666152.115722
-5.669374,2,666223.992914
-5.457882,2,666298.108984
-5.987204,2,666380.136765
-5.722344,2,666444.151844
-5.036456,2,666529.214784
-6.542199,2,666601.124355
-7.637008,2,666662.8577
-5.414903,2,666733.641684
-5.558787,2,666813.433884
-5.44725,2,666883.100768
-5.301171,2,666967.902288
-5.335097,2,667033.018473
-6.053606,2,667105.547658
-6.313439,2,667171.745766
-6.123233,2,667246.315359
-5.904559,2,667315.336076
-5.088279,2,667380.146434
-5.677624,2,667449.438947
-6.577122,3,667564.040976
-5.66094,2,667642.980326
-5.643095,2,667706.293221
-5.970797,2,667786.649435
-5.562257,2,667860.792384
-7.841645,2,667929.816124
-5.536582,2,667997.488815
-5.36691,2,668078.141493
-5.952623,2,668154.250694
-5.266678,2,668223.801368
-5.479796,2,668289.605638
-5.95674,2,668361.871037
-6.013703,2,668438.751167
-6.203104,2,668516.04496
-5.9692,2,668594.430518
-4.887933,2,668658.430931
-5.795171,2,668728.916773
-5.901557,2,668818.040924
-6.214715,2,668891.722898
-5.485742,2,668955.590034
-5.904276,2,669037.950775
-6.157552,2,669105.142792
-5.793792,2,669170.870089
-5.458077,2,669245.547239
-5.578588,2,669310.367371
-5.74762,2,669392.907234
-5.485579,2,669452.01459
-5.361507,2,669518.173881
-5.741284,3,669619.035686
-4.999833,2,669698.34921
-5.585447,2,669767.888034
-5.711061,2,669830.266244
-6.135764,2,669917.544899
-7.882901,3,670023.929787
-5.461967,2,670100.443384
-5.414341,2,670167.803052
-5.851576,2,670242.338127
-5.9692,2,670318.986684
-4.878609,2,670380.002923
-5.550517,2,670447.525676
-5.622292,2,670515.932727
-6.17278,2,670600.717211
-5.770611,2,670666.498177
-5.591724,2,670741.416223
-5.748148,2,670809.234128
-5.502964,2,670884.783539
-6.757542,3,670979.125621
-5.292862,2,671058.503051
-5.976648,2,671141.027984
-7.777531,3,671229.572551
-6.447497,2,671317.946328
-5.534867,2,671389.46014
-5.803028,2,671454.864252
-5.937729,2,671538.901934
-6.030323,2,671609.554204
-4.948833,2,671680.969556
-6.215419,2,671753.710172
-5.4474,2,671816.629582
-5.319611,2,671878.456188
-8.394037,3,671986.130374
-5.456938,2,672066.042082
-6.236303,2,672143.661542
-5.458077,2,672209.616736
-5.5131,2,672283.601814
-5.829441,2,672360.0018
-5.714912,2,672424.347943
-5.920032,2,672517.942386
-5.605995,2,672580.216702
-5.605389,2,672661.844216
-5.938822,2,672734.4466
-5.477286,2,672794.476432
-5.291129,2,672867.113987
-5.967439,2,672943.027786
-9.970583,3,673034.464012
-6.845957,3,673157.672723
-6.533812,2,673242.304642
-5.286027,2,673305.734445
-5.693667,3,673427.597876
-6.84928,2,673490.273683
-5.693273,2,673567.6512
-5.188229,2,673641.003962
-5.808655,2,673710.689121
-5.484814,2,673788.724454
-5.931648,2,673860.919334
-5.793792,2,673929.820203
-6.336721,2,673995.708148
-5.967285,2,674072.724216
-5.649991,2,674134.667788
-7.201047,3,674238.113392
-5.691496,2,674311.875826
-5.865831,2,674388.708875
-5.968605,2,674459.138628
-5.52982,2,674522.793816
-5.962596,2,674590.172831
-8.517618,3,674703.667121
-6.638841,2,674772.984192
-5.74994,2,674853.525206
-5.563478,2,674926.124978
-5.561182,2,674987.742017
-4.760073,2,675078.37168
-5.75478,2,675142.421273
-5.756452,2,675213.603154
-5.26601,2,675286.557222
-5.904276,2,675364.232731
-6.136323,2,675429.959783
-5.52079,2,675507.191385
-6.199901,2,675575.958733
-5.793792,2,675649.582299
-5.084097,2,675734.498245
-5.937475,2,675814.511386
-5.861955,2,675881.552198
-6.085768,2,675959.128976
-5.590692,2,676024.108181
-6.811078,3,676125.318725
-5.956692,2,676205.56412
-6.810373,3,676290.901786
-6.159312,2,676377.718714
-8.769159,2,676450.760122
-5.280091,2,676516.822881
-8.150082,3,676618.943181
-5.976497,2,676692.48264
-6.593219,2,676767.438432
-6.386857,2,676838.338061
-5.194323,2,676902.762413
-5.460466,2,676975.389408
-5.23302,2,677056.924801
-5.930687,2,677126.013184
-5.497077,2,677193.995517
-5.564652,2,677259.039376
-6.060411,2,677343.707042
-10.249824,3,677441.396289
-5.681847,2,677523.721933
-5.531871,2,677582.288959
-6.016124,2,677662.868024
-6.041928,2,677724.848628
-5.889738,2,677793.559793
-6.484477,2,677865.848695
-5.023068,2,677945.370978
-4.958975,2,678016.538754
-6.334727,2,678079.58402
-5.07988,2,678165.829124
-5.621208,2,678236.13543
-7.116768,3,678341.511117
-6.035514,2,678417.618402
-5.506375,2,678481.487047
-6.855288,2,678553.05555
-5.591864,2,678620.038145
-5.762064,2,678691.659615
-6.74992,2,678768.520088
-5.501641,2,678829.537607
-5.793792,2,678896.147065
-5.987848,2,678971.21679
-5.730907,2,679041.59925
-5.013738,2,679116.9445
-5.900511,2,679188.859281
-5.81342,2,679259.471753
-5.207703,2,679332.234349
-5.683227,2,679408.768319
-5.890414,2,679477.064168
-5.040906,2,679546.822091
-7.33608,2,679620.277148
-5.469804,2,679693.472636
-5.458439,2,679760.129459
-5.836335,2,679840.08335
-6.276831,2,679901.38176
-5.555281,2,679983.047381
-5.372876,2,680047.857205
-6.328233,2,680123.208599
-6.972345,2,680191.510679
-6.019484,2,680266.264894
-5.23537,2,680331.638536
-6.928809,2,680408.025694
-6.369705,2,680488.40482
-6.018022,2,680557.787629
-5.82353,2,680621.535331
-5.451278,2,680693.485356
-5.900967,2,680774.179977
-5.695402,2,680839.101353
-6.236303,2,680912.383164
-6.20541,2,680970.108941
-6.892583,3,681069.52869
-5.619649,2,681155.034862
-5.412671,2,681213.92226
-6.955341,2,681290.778078
-5.200369,2,681360.21159
-6.148764,2,681431.254638
-5.192644,2,681507.282734
-5.76179,2,681579.038568
-5.998652,2,681657.037988
-5.813183,2,681736.492246
-4.80002,2,681805.949868
-5.672063,2,681876.246442
-5.672028,2,681947.41494
-5.349067,2,682015.359184
-5.251249,2,682091.382557
-5.557358,2,682161.740649
-5.396163,2,682242.956656
-5.543433,2,682314.984352
-7.199619,3,682408.301277
-6.141327,2,682486.469494
-5.435564,2,682565.85489
-5.858398,2,682634.861711
-7.118279,3,682871.894714
-5.088677,2,682941.027853
-5.45236,2,683022.365303
-6.140777,2,683093.992033
-9.871855,3,683193.612009
-5.804001,2,683255.400159
-5.187258,2,683319.75473
-7.455859,2,683396.397906
-6.674919,3,683499.902003
-6.808541,2,683583.805834
-6.00776,2,683651.227639
-5.534611,2,683717.444299
-6.203399,2,683789.130783
-5.986465,2,683871.212874
-8.318254,3,683973.015371
-5.303588,2,684047.94676
-6.434095,2,684112.582246
-5.452651,2,684186.069313
-5.730651,2,684260.720499
-5.918959,2,684333.951783
-5.799397,2,684403.090165
-5.848964,2,684457.668196
-5.875405,2,684544.55119
-4.831711,2,684621.639595
-5.901872,2,684688.885606
-5.485579,2,684756.07428
-7.439605,3,684873.493933
-6.844889,3,684984.737402
-6.179544,2,685059.217513
-5.573748,2,685115.987231
-5.391586,2,685189.314109
-5.513428,2,685269.409
-5.452026,2,685342.63542
-4.725705,2,685422.221916
-8.886222,3,685541.041528
-5.489238,2,685611.230486
-5.741279,2,685691.48455
-8.035518,3,685783.053865
-6.160916,2,685853.97466
-6.269179,2,685926.115166
-5.234907,2,685996.570808
-5.663736,2,686071.519728
-10.288286,3,686171.589457
-5.220955,2,686248.196271
-5.315598,2,686327.010603
-5.281352,2,686391.80392
-5.640776,2,686472.175374
-4.962295,2,686545.167165
-5.457606,2,686609.541974
-5.718433,2,686686.955787
-5.464609,2,686754.548012
-5.2362,2,686824.805632
-5.933689,2,686912.9734
-4.740968,2,686977.33922
-6.65631,2,687058.323387
-6.17155,2,687118.935906
-5.83858,2,687189.943254
-5.915158,2,687263.780587
-6.514339,4,687420.756708
-5.325678,2,687481.019469
-5.797783,2,687556.043821
-5.793734,2,687629.056917
-5.794974,2,687701.003305
-6.691764,2,687778.433173
-5.485579,2,687839.537058
-6.149905,2,687909.961735
-5.275163,2,687979.945198
-5.531239,2,688045.012226
-7.487985,3,688160.947176
-5.437984,2,688222.859586
-5.730596,2,688303.046994
-5.603404,2,688374.141728
-5.583783,2,688444.467847
-4.898962,2,688514.897861
-6.142644,2,688594.543028
-5.458077,2,688658.260908
-5.792307,2,688735.50117
-6.420113,2,688807.72457
-5.591724,2,688881.802312
-5.931457,2,688942.898976
-5.611012,2,689022.932853
-6.204499,2,689101.731368
-6.236303,2,689174.342504
-5.399682,2,689235.695235
-5.921924,2,689319.390594
-5.804973,2,689391.837355
-5.901557,2,689468.438528
-5.367668,2,689533.623402
-5.803653,2,689610.916892
-5.880457,2,689678.874638
-6.236303,2,689764.345543
-5.500338,2,689835.409129
-6.102535,2,689905.170346
-5.738957,2,689979.991911
-5.900967,2,690050.860265
-7.233027,3,690141.635631
-5.73074,2,690223.656367
-5.446769,2,690291.015517
-5.281355,2,690364.552094
-5.871921,2,690436.888141
-5.251689,2,690506.557214
-5.904276,2,690585.353143
-6.554074,2,690660.346227
-6.049844,2,690731.683713
-4.783683,2,690800.776353
-5.209063,2,690871.445147
-5.437321,2,690938.768093
-5.094073,2,691016.232955
-5.774468,2,691079.492323
-5.177986,2,691150.523007
-4.97368,2,691231.152201
-4.8459,2,691296.300417
-5.904438,2,691361.884724
-6.140777,2,691446.127389
-5.897473,2,691518.199799
-5.49206,2,691574.812825
-5.480794,2,691649.992808
-4.724816,2,691724.11053
-7.170129,2,691797.061203
-5.458971,2,691869.922552
-5.922109,2,691946.383314
-7.008761,3,692043.862036
-5.231319,2,692116.072527
-5.766003,2,692190.432558
-6.775603,2,692275.277823
-5.105969,2,692337.099011
-7.482767,3,692431.586333
-5.369611,2,692502.073978
-5.142365,2,692576.447205
-5.785122,2,692640.539755
-5.801371,2,692710.594133
-6.639132,4,692863.737842
-5.466311,2,692936.094646
-5.971918,2,693006.382042
-5.393101,2,693068.463552
-5.933746,2,693148.875773
-5.934145,2,693216.55325
-6.818505,2,693279.07445
-5.524525,2,693356.95811
-10.77605,3,693475.571713
-5.685394,2,693545.264807
-5.179497,2,693609.59898
-6.003384,2,693686.284125
-5.826662,2,693761.973475
-5.058473,2,693823.859033
-4.964951,2,693899.787056
-6.016912,2,693976.443738
-5.39245,2,694048.46875
-5.418297,2,694128.501024
-6.236842,2,694198.903621
-7.509789,3,694292.540547
-6.892992,2,694365.713545
-5.578906,2,694443.487242
-7.325108,3,694543.431212
-5.861906,2,694627.762331
-5.070373,2,694699.82358
-5.365563,2,694768.719413
-6.192161,2,694838.535367
-5.899914,2,694904.059905
-5.504552,2,694982.733862
-7.094018,3,695070.107262
-5.066705,2,695151.922771
-5.493771,2,695229.539917
-5.574421,2,695294.286776
-5.102029,2,695366.497509
-5.204695,2,695445.215404
-5.301275,2,695511.923267
-5.530254,2,695583.36989
-5.973591,2,695665.98455
-5.459486,2,695732.385355
-6.043676,2,695808.685416
-5.172691,2,695881.255231
-5.914653,2,695954.221241
-5.300945,2,696016.38569
-6.79642,3,696119.851245
-5.570864,2,696198.124152
-5.793792,2,696266.084406
-5.68209,2,696344.580456
-5.807355,3,696455.41963
-5.812582,2,696527.145582
-8.109852,3,696641.083377
-5.460496,2,696712.157232
-6.306154,3,696814.095711
-5.994327,2,696901.116049
-7.307511,2,696967.21456
-5.458077,2,697037.529246
-5.76866,2,697101.807575
-5.496386,2,697170.756063
-6.034769,2,697236.959064
-6.990474,3,697354.523072
-6.161601,2,697419.785218
-5.247948,2,697494.7092
-5.469804,2,697564.528267
-4.72012,2,697645.622077
-5.159308,2,697708.131973
-5.89858,2,697791.434052
-5.607453,2,697862.406663
-7.637865,3,697960.399458
-5.443244,2,698038.261771
-5.921918,2,698116.451883
-6.017646,2,698191.624167
-5.522832,2,698260.469752
-5.793792,2,698330.481597
-6.009507,2,698406.743852
-5.234201,2,698475.340654
-5.547003,2,698549.713876
-5.781806,2,698616.789594
-5.48413,2,698688.987721
-6.123484,2,698771.704588
-6.852675,3,698863.573733
-5.300304,2,698934.868449
-5.807733,2,699008.945177
-6.178376,2,699090.928168
-5.793792,2,699154.292994
-7.084122,2,699237.167514
-6.153345,2,699301.449959
-5.479172,2,699376.334343
-5.46367,2,699449.257315
-5.901712,2,699521.723743
-4.84585,2,699583.780376
-5.774283,2,699649.258951
-5.757032,2,699725.981351
-5.975018,2,699795.215903
-4.760101,2,699864.990102
-6.954092,2,699942.388987
-5.480487,2,700006.017464
-5.116978,2,700080.133454
-5.386915,2,700151.177038
-18.802442,5,700319.656008
-8.124849,3,700433.775225
-5.422505,2,700504.990185
-5.678607,2,700581.272916
-5.333305,2,700655.639567
-5.188268,2,700719.239919
-5.803212,2,700791.860948
-5.456221,2,700861.220486
-5.765583,2,700937.817961
-5.9692,2,701017.107376
-5.898949,2,701088.262383
-5.28327,2,701161.991416
-8.583103,3,701257.443785
-5.355634,2,701323.768446
-7.594366,3,701433.335613
-6.857152,2,701512.479848
-6.17278,2,701587.463913
-6.14484,2,701654.131273
-5.46367,2,701725.485939
-5.904276,2,701804.34284
-6.261008,3,701890.093906
-5.604005,2,701961.820511
-7.507342,3,702071.568372
-5.775918,2,702146.737715
-5.455953,2,702225.833215
-5.756958,2,702300.940194
-5.466973,2,702373.994722
-5.89436,2,702460.601489
-5.932891,2,702520.139547
-5.794974,2,702594.374256
-5.999408,2,702677.516346
-5.801322,2,702747.0456
-5.848858,2,702819.450651
-5.159334,2,702881.542284
-6.092414,2,702964.941089
-6.041436,2,703025.580138
-9.909069,3,703139.285482
-5.700399,2,703220.19806
-6.019291,2,703301.434135
-5.18084,2,703367.726027
-5.762064,2,703440.47813
-5.84437,2,703513.853415
-6.17278,2,703597.179142
-6.140958,2,703669.449139
-5.561603,2,703730.451875
-4.862931,2,703806.729177
-5.727147,2,703862.669234
-5.971918,2,703952.266272
-4.860772,2,704016.682446
-8.086652,3,704122.523206
-5.698243,2,704193.314612
-5.689382,2,704263.789042
-5.821086,2,704333.447387
-5.796659,2,704406.121104
-5.524396,2,704470.887831
-5.909575,2,704556.717305
-7.194568,3,704656.591684
-5.890676,2,704737.061072
-6.13991,2,704804.20004
-4.974806,2,704868.806153
-6.173571,2,704949.670733
-5.470341,2,705015.412616
-6.178376,2,705099.946328
-5.932056,2,705174.448172
-4.88749,2,705243.601387
-5.402655,2,705312.655932
-5.847443,2,705389.971153
-5.9692,2,705460.030226
-5.352367,2,705531.636313
-5.910757,2,705593.452496
-4.971862,2,705671.37214
-5.227821,2,705741.889543
-5.746782,2,705813.260356
-5.756533,2,705944.206865
-5.836087,2,706018.646711
-8.592641,3,706120.19902
-5.401422,2,706202.251385
-5.46367,2,706269.266057
-5.225733,2,706337.838249
-6.099138,2,706413.527498
-5.216407,2,706478.054811
-6.763264,2,706548.351138
-4.844746,2,706627.978645
-5.616857,2,706698.202747
-5.015962,2,706760.028138
-5.933964,2,706840.84251
-5.588621,2,706908.810485
-5.369776,2,706990.555238
-7.577357,3,707091.012422
-5.470593,2,707156.969386
-5.904276,2,707241.510335
-5.899914,2,707299.169087
-5.180048,2,707378.367723
-5.315384,2,707446.071588
-5.481213,2,707524.378382
-8.806723,3,707631.237457
-6.019468,2,707712.139027
-6.315345,3,707808.665762
-6.438139,2,707896.993148
-5.27154,2,707960.943685
-5.607453,2,708033.564842
-5.646687,2,708111.910999
-5.805371,2,708181.13028
-5.9692,2,708263.542396
-5.065741,2,708325.681302
-6.164994,2,708410.824114
-5.500836,2,708475.073751
-5.793792,2,708551.406588
-5.482471,2,708633.44938
-5.759096,2,708696.506113
-5.529056,2,708776.052724
-5.775997,2,708846.421642
-5.898435,2,708925.764662
-5.599452,2,708992.867369
-5.442128,2,709050.443013
-5.783244,2,709125.0718
-4.786077,2,709195.180829
-5.030243,2,709259.401009
-4.985181,2,709340.369303
-5.804097,2,709406.544332
-5.938009,2,709481.986267
-5.497776,2,709543.314579
-5.821514,2,709612.352224
-6.205197,4,709760.961379
-5.577284,2,709837.680949
-5.158617,2,709915.590844
-5.488864,2,709976.757576
-5.304715,2,710052.950287
-5.239048,2,710118.39256
-5.790498,2,710198.620003
-5.451327,2,710265.153676
-5.410031,2,710337.791934
-5.486053,2,710417.862056
-5.654865,2,710489.972403
-5.755728,3,710586.152416
-5.836666,2,710664.193863
-5.463387,2,710739.934215
-5.585214,2,710813.552763
-5.467077,2,710876.783971
-5.51023,2,710950.459661
-5.567534,2,711007.192397
-6.334538,2,711086.215211
-5.081705,2,711151.415604
-6.051782,2,711223.961379
-5.461634,2,711290.659883
-5.096768,2,711361.611987
-5.108582,2,711433.805277
-5.246822,2,711495.747532
-5.683462,2,711573.283007
-4.800611,2,711639.566916
-5.658648,2,711719.234487
-5.80953,2,711783.614065
-5.550706,2,711863.873897
-5.448332,2,711932.96011
-5.157623,2,712013.226973
-6.66085,2,712073.354457
-7.481048,2,712147.790823
-5.907611,2,712231.404832
-5.207974,2,712292.502548
-6.202126,2,712370.372556
-5.430631,2,712438.876391
-5.584386,2,712514.748183
-6.00051,2,712587.909656
-5.207717,2,712662.044254
-7.287771,3,712768.129039
-5.498827,2,712839.994498
-5.224237,2,712915.578625
-5.871747,2,712984.307952
-5.54449,2,713052.202886
-5.540571,2,713118.633548
-5.302714,2,713198.19525
-5.092676,2,713263.303115
-5.767576,2,713328.487745
-5.9692,2,713410.974869
-5.818071,2,713483.300569
-5.049024,2,713541.964777
-5.509714,2,713622.935966
-5.841402,2,713682.092901
-5.201526,2,713755.389687
-4.781763,2,713818.689874
-5.499438,2,713893.694357
-5.39065,2,713960.946712
-5.837686,2,714039.64332
-5.162167,2,714115.650319
-5.632101,2,714176.837949
-5.310209,2,714249.513549
-5.457606,2,714315.302849
-5.58598,2,714385.041167
-5.761357,2,714470.794987
-6.172541,2,714534.580794
-5.8078,2,714607.960583
-5.880017,2,714689.92746
-5.818558,2,714760.23542
-5.839397,2,714827.991477
-5.185285,2,714895.326756
-5.194449,2,714980.512069
-6.71065,2,715047.716631
-5.526615,2,715126.807385
-5.694441,2,715194.099692
-6.195312,3,715299.012022
-5.900181,2,715379.658488
-5.882419,2,715454.522803
-6.55893,2,715518.038996
-5.632461,2,715593.686146
-5.9692,2,715668.083552
-6.05815,2,715735.153298
-6.05859,2,715812.062275
-6.691834,3,715905.48115
-5.891882,2,716001.420266
-5.482586,2,716063.458817
-6.440879,3,716163.700371
-5.154907,2,716249.085914
-5.939591,2,716328.475367
-6.564047,2,716395.895918
-5.968982,2,716478.04507
-5.896818,2,716539.98538
-5.463311,2,716617.401671
-5.05691,2,716680.084984
-5.534251,2,716753.353451
-5.991027,2,716834.213607
-5.337213,2,716900.535122
-4.889764,2,716978.162044
-5.756389,2,717044.579031
-5.761665,2,717118.603158
-5.9692,2,717198.509875
-8.580669,3,717295.029525
-5.757665,2,717378.886065
-5.453932,2,717442.649811
-5.705441,2,717520.873848
-5.18084,2,717582.346965
-5.551158,2,717658.879741
-5.638399,2,717730.482529
-5.267986,2,717800.595835
-5.519865,2,717876.27334
-5.402142,2,717944.478268
-6.176792,2,718015.260816
-5.358891,2,718095.058969
-4.980083,2,718166.309906
-6.751109,2,718240.985202
-5.991027,2,718312.238619
-5.914089,2,718369.055658
-5.95503,2,718451.414224
-7.908614,3,718540.297622
-5.521427,2,718624.879398
-5.643325,2,718699.569384
-5.079146,2,718766.115591
-5.619163,2,718833.337078
-5.454725,2,718917.798026
-4.974563,2,718989.731074
-7.092569,3,719087.492374
-5.504599,2,719167.474337
-5.461639,2,719234.103776
-5.278993,2,719308.03682
-7.025298,3,719407.596265
-6.090143,2,719488.736865
-5.526337,2,719552.748566
-5.472163,2,719629.014177
-5.734098,2,719711.688972
-5.464146,2,719765.265479
-5.759293,2,719852.307227
-5.526011,2,719917.02966
-5.824252,2,719998.401091
-5.485579,2,720059.840883
-5.529144,2,720138.48932
-5.904595,2,720210.742982
-5.820757,2,720273.062749
-5.539128,2,720346.928273
-5.760969,2,720412.836416
-5.962907,2,720573.44024
-5.705441,2,720638.792742
-5.642732,2,720697.98412
-5.46367,2,720777.61087
-5.458379,2,720854.509966
-6.17278,2,720937.917273
-5.439943,2,721003.29629
-5.469931,2,721070.871494
-5.819635,2,721145.051216
-5.92518,2,721231.896842
-5.534244,2,721285.093763
-6.138811,2,721368.990164
-5.897487,2,721434.996369
-5.312288,2,721504.246325
-6.936757,3,721593.252406
-4.906037,2,721689.978569
-5.351875,2,721757.982964
-7.935441,2,721827.103827
-5.736462,2,721902.994427
-5.468687,2,721968.036108
-6.593715,2,722041.643786
-6.225166,2,722113.477425
-6.461627,3,722227.709754
-5.457328,2,722305.648313
-5.737572,2,722380.739801
-5.9692,2,722456.205185
-6.744362,2,722519.826682
-7.365877,3,722783.33286
-5.575677,2,722852.349562
-5.181387,2,722920.263067
-6.270672,2,722997.499685
-5.253575,2,723060.362229
-6.142796,3,723169.879731
-5.831161,2,723237.430523
-4.665817,2,723316.831461
-5.876686,2,723391.371315
-5.144244,2,723453.616772
-5.725551,2,723523.660038
-5.211102,2,723601.43251
-5.900967,2,723671.231969
-5.184597,2,723728.177046
-6.636748,2,723804.197834
-5.263871,2,723877.634237
-6.450887,2,723953.555462
-6.814676,3,724052.475272
-6.064861,2,724123.440508
-5.337171,2,724202.771766
-7.032047,2,724265.443804
-5.934991,2,724338.645396
-5.458077,2,724403.231365
-5.177986,2,724473.818885
-5.272075,2,724545.687666
-5.750648,2,724630.916217
-6.236303,2,724705.273559
-5.463311,2,724763.437033
-6.410367,2,724831.499254
-5.420564,2,724906.160285
-6.045172,2,724984.658829
-6.797818,2,725054.935486
-7.78325,3,725133.962328
-5.616812,2,725212.107691
-5.122903,2,725285.758745
-7.871495,3,725392.865108
-5.891668,2,725481.44958
-5.510305,2,725547.657702
-5.63168,2,725624.849283
-5.624888,2,725678.982285
-6.125079,2,725772.288881
-5.493776,2,725835.337189
-5.491172,2,725911.09629
-5.565354,2,725986.731181
-6.186701,2,726044.854009
-5.196689,2,726123.045363
-5.477205,2,726194.848537
-5.466817,2,726264.942189
-5.679755,2,726340.037983
-5.265905,2,726397.575573
-5.63726,2,726475.416841
-5.178337,2,726541.511126
-5.70383,2,726614.814364
-5.9692,2,726698.081872
-5.45093,2,726761.428253
-5.632945,2,726837.994133
-4.812507,2,726903.151719
-5.338206,2,726976.69656
-5.511752,2,727046.273264
-5.895649,2,727117.372851
-6.137564,2,727198.156379
-6.120284,3,727317.794887
-4.824434,2,727381.453082
-8.817607,3,727476.278985
-5.834889,2,727565.724207
-5.569386,2,727622.36002
-5.561182,2,727684.542489
-5.793792,2,727757.833463
-5.876777,2,727837.874174
-4.764983,2,727898.70902
-5.80417,2,727979.247675
-5.605243,2,728038.387229
-5.335121,2,728115.748294
-6.222528,2,728177.902344
-5.460219,2,728246.23506
-5.18084,2,728316.09102
-7.275309,2,728392.752439
-5.455953,2,728454.420711
-6.49651,3,728550.858561
-5.015067,2,728632.566689
-5.909575,2,728708.886795
-5.901557,2,728780.129974
-5.713793,2,728845.470453
-5.471895,2,728911.264752
-5.779533,2,728985.672529
-5.370957,2,729056.942107
-6.422163,2,729133.759121
-5.737274,2,729212.449408
-5.473392,2,729276.601994
-5.422031,2,729352.504813
-5.848274,2,729419.102376
-5.475912,2,729482.512572
-5.996828,2,729563.760516
-5.492624,2,729639.61625
-5.854713,2,729706.325676
-5.802308,2,729786.597511
-5.44403,2,729854.483943
-6.098268,2,729930.092279
-5.45544,2,729994.441061
-5.149846,2,730061.814673
-6.387492,2,730136.021983
-6.206428,2,730206.783192
-5.767337,2,730279.883806
-5.794391,2,730345.507333
-5.454382,2,730418.472083
-5.437042,3,730515.155998
-5.914128,2,730602.187722
-6.115987,2,730669.682616
-5.768776,2,730744.488814
-4.952963,2,730812.641699
-5.888349,2,730871.075932
-5.372622,2,730948.478669
-5.71135,2,731024.938953
-5.501109,2,731084.897661
-5.59732,2,731164.06637
-5.18289,2,731225.333811
-6.027985,2,731300.229759
-6.146384,2,731389.829748
-4.991909,2,731453.805793
-5.903514,2,731534.874185
-5.474113,2,731594.612616
-5.361865,2,731665.021118
-5.382311,2,731750.673303
-5.330929,2,731827.453208
-4.789812,2,731897.401335
-6.386053,2,731974.861966
-5.83879,2,732038.637439
-5.865184,2,732115.42264
-5.844183,2,732174.803221
-5.845964,2,732254.060015
-5.970248,3,732340.535948
-5.529888,2,732421.252738
-5.510918,2,732495.021821
-5.609719,2,732563.388216
-5.958506,2,732636.357506
-4.724655,2,732715.054617
-5.872307,2,732795.116614
-6.649236,2,732854.701663
-6.307647,2,732936.627357
-4.747583,2,733001.210852
-5.484783,2,733068.495809
-5.824344,2,733133.319242
-5.518617,2,733207.565968
-5.641289,2,733287.696238
-6.17278,2,733360.678959
-6.07585,3,733453.773213
-6.04924,3,733561.972807
-5.435311,2,733638.290933
-5.9692,2,733713.785915
-8.285469,3,733802.771399
-5.652964,2,733886.645054
-5.290013,2,733954.950021
-5.636857,2,734022.749334
-5.488618,2,734083.711425
-6.216586,3,734179.95221
-5.582306,2,734246.96455
-5.458077,2,734319.969955
-6.111195,2,734395.326344
-5.458077,2,734456.545499
-4.924874,2,734525.343976
-5.194266,2,734602.41126
-5.735526,2,734678.442389
-5.541818,2,734745.247973
-5.4093,2,734812.564589
-5.309993,2,734881.087996
-4.692642,2,734958.672446
-5.654902,2,735021.511044
-8.460231,3,735134.284976
-5.888316,2,735201.08891
-5.853665,2,735269.812385
-5.194538,2,735343.51842
-5.569493,2,735413.805921
-5.50838,2,735483.219284
-5.942943,2,735553.448676
-5.950786,2,735621.035956
-5.423501,2,735690.243987
-5.205821,2,735757.740908
-5.479484,2,735826.886225
-5.615672,2,735906.726441
-5.302714,2,735974.992017
-5.499791,2,736044.142338
-5.616486,2,736106.862252
-8.449782,3,736213.981286
-5.469256,2,736289.361759
-5.482586,2,736355.770656
-6.471891,3,736463.739504
-5.473135,2,736542.784638
-5.573006,2,736608.866596
-5.9692,2,736680.122979
-5.699939,2,736742.602082
-5.457606,2,736808.249466
-5.458077,2,736876.114775
-5.212337,2,736942.319517
-5.477286,2,737010.835437
-5.485248,2,737080.536718
-5.761637,2,737150.319387
-4.811279,2,737224.928877
-5.820279,2,737297.4204
-5.783594,2,737362.626413
-5.389468,2,737426.882892
-7.86165,3,737526.604329
-5.209001,2,737608.845357
-5.033457,2,737679.522449
-4.812158,2,737756.787229
-5.373126,2,737828.044861
-5.775907,2,737901.121866
-5.186681,2,737971.859746
-5.454915,2,738040.518732
-5.177986,2,738112.46455
-4.673531,2,738190.829324
-5.624392,2,738246.668883
-5.471895,2,738326.649
-6.17278,2,738409.848952
-5.458077,2,738468.194735
-5.86891,2,738548.526346
-5.359938,2,738620.284032
-4.84167,2,738674.218415
-5.472482,2,738745.232854
-5.817886,2,738826.092936
-5.542992,2,738882.52905
-6.681335,3,738990.906096
-6.281621,2,739072.973187
-5.194897,2,739140.38745
-5.963363,3,739252.540039
-7.050786,3,739339.220341
-5.827862,2,739421.75406
-5.769707,2,739495.842024
-5.61975,2,739570.575289
-5.9692,2,739648.596474
-5.564538,2,739704.107565
-5.81342,2,739780.552876
-6.090679,3,739881.906334
-5.729275,2,739963.313287
-5.864574,2,740040.585903
-6.767178,2,740110.673376
-5.605296,2,740162.434289
-5.59225,2,740245.963248
-5.454074,2,740312.268238
-5.463286,2,740382.841308
-5.460009,2,740461.176674
-5.255508,2,740530.965785
-5.847257,3,740633.211248
-5.837194,2,740726.459314
-5.083221,2,773112.430731
-4.963765,2,773178.118383
-4.859275,2,773246.6169
-5.462776,2,773311.409446
-5.485579,2,773378.187272
-5.516664,2,773443.273623
-6.59542,3,773539.549439
-5.449652,2,773613.308461
-5.18084,2,773694.490644
-5.46367,2,773759.341769
-5.448631,2,773833.246703
-5.18084,2,773903.874228
-5.931783,2,773983.066126
-5.149482,2,774047.395622
-5.184086,2,774117.79612
-6.428813,3,774215.333464
-5.411357,2,774309.929012
-5.915637,2,774382.898692
-5.968605,2,774458.866058
-8.165914,3,774546.752971
-5.835957,2,774627.803421
-4.717878,2,774698.757647
-5.18796,2,774766.888651
-5.079896,2,774835.29355
-5.669412,2,774912.356683
-5.880272,2,774982.550557
-5.793642,2,775042.886125
-7.053354,3,775151.745108
-5.468756,2,775236.219474
-5.456178,2,775293.635626
-5.190509,2,775366.526363
-5.991027,2,775445.303378
-5.46367,2,775503.258008
-5.18084,2,775577.101974
-5.762064,2,775653.308683
-5.344679,2,775729.9048
-5.915399,2,775810.795827
-5.611517,2,775876.231788
-5.516008,2,775948.071681
-5.525052,2,776022.929521
-5.239101,2,776090.169682
-5.236853,2,776167.912136
-5.968605,2,776242.284092
-5.429281,2,776309.586614
-5.326475,2,776374.087265
-5.182737,2,776446.837533
-5.457606,2,776515.899897
-6.096845,2,776593.473273
-9.383244,3,776702.729193
-5.26686,2,776760.480987
-5.123601,2,776833.864396
-5.527127,2,776905.590786
-5.927791,2,776988.588757
-5.29519,2,777053.388498
-5.70539,3,777148.903464
-6.078619,2,777224.598778
-6.50507,2,777292.825878
-5.209516,2,777370.52294
-5.531119,2,777436.683214
-5.439194,2,777510.251816
-5.867171,2,777584.327669
-5.481007,2,777645.470199
-5.722632,2,777719.163874
-5.239482,2,777789.44043
-5.440954,2,777860.130828
-5.453913,2,777938.669027
-5.246944,2,778011.926087
-5.900967,2,778092.364635
-5.177964,2,778148.396393
-6.257566,2,778223.639526
-5.1989,2,778298.550604
-5.457052,2,778364.647433
-5.871747,2,778445.474583
-5.461379,2,778512.832562
-5.337696,2,778580.66591
-5.463175,2,778653.089482
-5.545663,2,778729.642488
-5.453953,2,778799.510692
-5.458077,2,778865.876406
-4.874049,2,778937.616973
-5.792271,2,779020.85095
-5.179497,2,779088.84771
-4.912994,2,779157.372641
-5.763152,2,779233.741633
-5.179497,2,779308.089122
-5.717237,2,779388.619221
-5.583734,3,779473.631575
-5.174958,2,779561.836276
-5.557007,2,779643.38482
-6.199533,2,779715.962977
-5.18084,2,779778.100591
-4.969683,2,779852.606332
-5.181133,2,779915.935029
-5.192893,2,779984.727931
-5.209714,2,780056.008667
-4.786251,2,780128.478808
-4.962616,2,780191.822366
-5.205087,2,780265.915779
-5.693273,2,780338.987535
-5.793792,2,780408.971203
-5.735996,2,780489.211623
-5.491488,3,780580.180004
-5.451523,2,780655.818796
-5.817616,2,780718.529042
-5.520168,2,780791.010584
-4.96526,2,780863.198427
-5.177633,2,780938.656868
-5.532302,2,781012.564356
-5.999656,2,781088.353124
-6.148647,3,781183.844227
-5.255792,2,781265.406479
-5.611517,2,781346.549666
-5.458077,2,781407.841242
-5.146068,2,781486.387685
-5.180797,2,781545.313779
-5.359067,2,781629.704969
-5.758791,2,781689.650478
-5.796883,2,781766.093045
-5.650179,2,781835.34725
-5.714806,2,781900.887832
-4.957097,2,781980.408258
-5.221298,2,782043.55034
-5.770883,2,782109.605555
-5.057318,2,782179.228817
-4.713778,2,782252.237459
-5.663363,2,782328.992971
-5.528182,2,782400.060689
-5.9692,2,782474.796894
-5.372602,2,782540.659482
-5.76072,2,782620.06633
-5.81197,2,782685.682825
-5.452568,2,782748.70587
-5.971918,2,782828.393849
-5.192449,2,782889.079766
-8.678215,3,783004.552448
-5.745911,2,783071.756979
-5.284128,2,783138.19293
-5.797041,2,783223.927893
-5.182819,2,783285.47641
-5.652578,2,783362.369142
-5.18289,2,783421.129144
-5.76125,2,783493.929518
-5.910335,2,783577.984985
-5.630136,2,783646.068753
-5.385057,2,783716.631743
-4.905122,2,783785.833448
-5.290532,2,783847.497014
-5.356041,2,783911.167348
-4.97538,2,783992.904638
-5.451581,2,784063.922028
-5.460675,2,784134.342086
-5.177737,2,784200.036202
-5.762064,2,784272.49134
-4.656256,2,784354.929508
-5.968605,2,784426.485851
-5.582022,2,784493.834023
-5.206974,2,784562.918558
-5.594447,2,784625.73888
-5.46367,2,784691.194773
-6.977757,2,784766.316997
-5.426717,2,784834.121489
-5.18289,2,784899.558345
-6.045904,2,784972.201051
-5.469804,2,785048.828461
-5.472608,2,785120.766611
-5.18084,2,785190.35226
-5.185232,2,785264.039274
-5.484783,2,785334.750297
-5.736912,2,785413.506384
-5.339743,2,785478.877173
-5.144258,2,785554.540614
-5.590841,2,785629.507189
-5.461634,2,785691.974293
-7.024078,2,785762.681207
-5.580013,2,785831.700727
-5.779788,3,785916.960805
-5.899363,2,786007.246153
-6.024055,2,786079.765267
-5.458077,2,786142.793169
-5.309251,3,786245.03395
-5.482557,2,786323.43951
-5.310548,2,786395.919493
-5.293947,2,786477.98877
-5.295246,2,786534.225585
-5.178784,2,786608.944134
-5.598197,2,786676.653936
-5.804856,2,786758.147172
-5.408958,2,786818.816595
-5.521013,2,786889.324638
-5.47336,2,786957.419451
-5.251689,2,787036.146088
-5.042461,2,787217.110749
-5.47098,2,787283.646392
-5.188894,2,787355.032852
-5.419402,2,788270.032955
-5.438389,2,788330.090776
-5.180797,2,788401.639593
-5.213989,2,788477.269454
-5.695599,2,788549.031947
-5.618604,2,788607.777313
-5.457606,2,788682.269655
-6.265294,2,788749.950485
-5.496386,2,788821.98702
-5.992521,2,788892.277002
-5.880923,2,788954.019274
-5.546859,2,789017.819268
-5.485579,2,789087.753091
-5.007191,2,789159.454931
-5.46074,2,789231.060561
-5.5131,2,789300.869395
-5.728575,2,789371.238711
-5.904276,2,789444.692515
-5.195316,2,789505.395507
-5.250289,2,789578.519073
-5.287978,2,789650.205555
-5.762064,2,789717.531794
-5.789499,2,789802.858925
-5.820907,2,789869.684085
-5.458077,2,789935.106234
-8.170248,3,790041.713636
-5.447862,2,790112.735608
-5.437014,2,790182.9323
-5.508383,3,790275.846761
-8.13674,3,790385.68664
-6.739997,3,790496.839143
-4.939663,2,790557.653487
-5.462776,2,790630.546403
-5.652911,2,790707.093699
-5.559999,2,790773.14268
-5.624363,2,790849.793375
-5.84212,2,790920.170719
-5.766911,2,790990.199538
-5.747164,2,791059.465199
-4.794795,2,791125.553016
-6.130503,2,791202.266701
-5.481364,2,791266.255025
-5.269335,2,791335.410391
-6.437916,2,791477.855647
-5.688151,2,791557.992566
-5.819933,2,791633.024157
-5.87755,2,791700.609277
-5.802237,2,791768.91362
-6.845104,3,791866.218044
-5.958768,2,791930.167797
-5.525052,2,792003.78769
-5.89552,2,792076.944086
-5.184072,2,792135.375343
-5.370957,2,792201.575888
-5.547152,2,792279.778569
-5.356391,2,792349.907995
-5.816269,2,792417.399084
-5.265576,2,792486.526896
-4.906846,2,792553.364607
-5.475268,2,792620.764859
-5.624363,2,792696.974082
-6.205103,3,792807.568449
-5.771113,2,792870.874653
-5.542599,2,792944.766129
-5.199032,2,793007.155562
-5.458082,2,793075.825328
-5.579683,2,793141.931558
-5.930453,2,793219.374721
-5.457606,2,793290.313384
-5.802308,2,793371.23852
-5.764678,2,793431.275629
-5.690439,2,793506.367836
-5.118684,2,793561.264967
-5.556059,2,793623.382492
-5.465039,2,793705.727414
-5.907611,2,793782.028504
-5.526952,2,793853.934272
-5.665534,2,793924.164965
-6.135377,2,793999.33641
-6.019525,3,794102.884711
-5.894131,2,794181.303536
-5.171674,2,794243.037364
-5.394237,2,794309.248356
-5.908806,2,794396.084722
-5.50838,2,794459.916242
-5.180797,2,794531.051881
-6.624496,3,794644.656282
-5.179372,2,794710.592169
-5.818782,3,794806.653738
-5.193129,2,794882.206911
-4.694816,2,794953.892866
-5.761257,2,795025.041551
-5.755517,2,795095.250239
-4.71481,2,795170.062184
-4.969015,2,795234.820698
-5.746493,2,795313.300862
-5.557106,2,795384.409938
-5.103964,2,795453.397874
-5.732903,3,795565.357424
-7.036641,3,795648.842448
-5.959685,2,795740.748024
-6.643042,2,795802.105162
-5.77978,2,795869.81116
-4.906343,2,795939.802204
-5.267702,2,796001.302163
-5.167878,2,796201.55156
-4.904445,2,796266.015522
-5.528058,2,796336.767554
-5.449207,2,796401.316762
-5.361749,2,796467.831263
-4.759316,2,796533.189806
-5.74961,2,796614.242916
-5.889375,2,796686.218966
-5.774291,2,796751.981655
-5.608788,2,796814.095062
-5.778622,2,796885.234062
-5.476286,2,796958.922624
-5.543807,2,797020.398027
-5.18289,2,797087.810371
-5.122485,2,797163.111228
-5.454912,2,797224.848801
-5.515489,2,797290.146468
-5.511626,2,797367.308488
-5.46367,2,797434.761244
-5.553034,2,797504.368329
-5.797041,2,797574.290451
-5.458379,2,797630.238418
-5.370628,2,797706.893537
-5.05554,2,797773.084701
-5.232733,2,797844.210184
-5.326041,2,797916.90469
-5.898548,2,797988.632521
-5.594711,2,798054.244497
-5.128376,2,798114.044836
-5.457606,2,798175.574828
-5.18084,2,798246.719635
-5.481083,2,798314.839502
-5.711234,2,798388.413027
-8.189796,3,798478.998053
-5.548301,2,798557.486508
-5.579703,2,798626.513869
-5.458971,2,798695.834617
-5.451327,2,798765.255548
-5.479363,2,798843.96465
-5.1812,2,798910.174913
-5.75697,2,798978.528281
-5.212049,2,799054.540192
-5.420047,2,799125.174208
-5.455781,2,799189.659036
-5.259408,2,799259.417414
-5.441511,2,799327.58669
-5.282778,2,799395.754433
-5.543216,2,799460.210629
-5.569386,2,799536.338616
-5.669396,2,799606.030077
-5.45173,2,799666.392864
-5.828651,3,799761.948987
-5.43352,2,799842.472404
-4.943963,2,799910.089054
-4.783592,2,799977.235588
-5.23072,2,800044.751691
-5.672446,2,800121.831297
-5.46367,2,800180.572584
-5.44806,2,800252.84174
-4.904907,2,800323.697967
-5.704848,2,800398.915284
-5.330322,2,800470.471451
-5.178528,2,800530.044943
-5.287162,2,800605.207033
-5.18289,2,800667.059356
-5.804856,2,800746.6856
-6.809352,2,800799.894979
-5.177986,2,800869.850378
-5.673785,2,800948.026996
-5.18084,2,801008.492452
-5.278667,2,801076.958984
-6.049323,2,801155.252738
-5.389884,2,801215.018117
-5.248825,2,801284.630598
-5.971918,2,801365.87691
-7.11517,3,801457.242843
-5.763654,2,801539.27161
-5.761665,2,801602.581292
-5.617474,2,801669.897824
-5.840407,3,801771.239073
-5.955542,2,801851.722881
-5.793792,2,801915.07426
-5.287651,3,802015.595623
-5.654582,2,802102.702767
-5.53895,2,802168.550476
-5.557667,2,802227.235711
-5.791115,2,802307.907739
-5.365925,2,802375.485459
-5.179497,2,802447.51476
-5.816213,2,802523.703243
-5.678719,2,802584.130243
-5.578994,2,802651.243087
-7.12829,2,802719.691778
-5.46367,2,802791.602067
-5.767735,3,802878.661285
-5.198912,2,802957.752351
-6.033601,2,803031.648988
-5.523881,2,803096.970463
-5.198716,2,803166.279655
-4.884274,2,803236.377685
-5.312282,2,803303.453899
-5.655652,2,803373.85147
-5.485742,2,803441.8992
-5.179497,2,803513.899604
-5.351426,2,803592.07483
-5.713486,2,803666.064265
-5.370902,2,803740.568912
-5.597585,2,803813.418869
-6.172508,3,803895.078142
-6.619608,3,804019.605018
-5.119273,2,804087.56309
-5.180797,2,804157.361581
-4.751802,2,804223.364317
-8.111027,3,804330.565042
-5.170111,2,804396.325831
-5.565804,2,804475.656369
-5.736462,2,804545.782095
-7.149015,3,804650.702204
-7.238843,3,804751.055702
-5.564764,2,804815.407554
-5.194897,2,804886.092288
-5.761821,2,804960.548914
-5.9692,2,805030.969242
-5.641701,2,805096.970195
-5.267113,2,805156.635751
-5.219247,2,805227.341748
-5.924577,2,805303.788526
-5.185699,2,805365.869519
-5.46367,2,805426.621415
-5.33057,2,805506.157864
-5.457811,2,805578.18561
-5.736097,2,805645.81616
-5.903514,2,805725.369261
-5.332302,2,805785.276568
-5.632822,2,805849.670386
-5.347742,2,805920.672519
-5.365104,2,805977.543821
-5.421425,2,806043.512391
-5.46367,2,806115.950298
-5.180797,2,806186.519119
-4.980852,2,806255.719607
-5.180797,2,806325.378425
-6.380289,3,806418.224281
-5.156468,2,806505.350439
-5.18289,2,806571.25118
-5.182027,2,806641.149043
-5.562954,2,806718.798277
-6.146384,2,806792.600292
-5.820074,3,806877.222073
-5.446705,2,806956.322754
-5.615424,2,807029.169024
-5.457606,2,807099.782888
-5.087589,2,807175.617535
-5.538622,2,807244.824556
-5.30397,2,807305.594486
-5.179497,2,807373.840402
-5.467077,2,807434.834258
-5.458077,2,807500.359885
-5.275798,2,807575.28514
-5.816384,2,807644.73499
-5.777132,2,807717.612063
-6.549972,2,807772.868493
-8.843486,4,807905.365722
-5.51861,2,807984.855999
-5.971918,2,808060.315341
-5.458077,2,808120.866898
-5.651893,2,808190.08928
-5.451327,2,808256.004591
-6.71473,4,808401.970942
-6.712857,3,808493.9902
-5.449966,2,808570.674513
-5.62744,2,808647.259468
-5.243245,2,808715.551654
-5.46367,2,808778.876179
-6.005705,3,808884.850749
-4.727434,2,808951.200124
-5.309508,2,809025.297321
-5.46367,2,809089.105177
-5.372958,2,809159.199223
-5.445486,2,809225.510116
-5.177737,2,809297.307218
-5.636857,2,809377.065694
-5.458077,2,809438.443155
-4.701754,2,809516.422516
-11.471388,3,809615.319511
-5.484592,2,809676.824272
-5.456224,2,809742.290053
-5.46367,2,809810.242806
-5.224629,2,809881.655299
-5.462776,2,809952.105
-5.268072,2,810031.123281
-5.178257,2,810096.889064
-5.185073,2,810165.086079
-5.682748,2,810246.993042
-5.671398,2,810306.21804
-5.395927,2,810378.641028
-5.272557,2,810439.63027
-5.683673,2,810501.371752
-5.374001,2,810566.801234
-5.46367,2,810636.137787
-5.986711,3,810733.906767
-5.156499,2,810814.687615
-5.763084,2,810885.444397
-5.25562,2,810952.81604
-5.571335,2,811018.452251
-5.434936,2,811086.604393
-5.605392,2,811153.452182
-5.771095,2,811239.041301
-5.077071,2,811300.698866
-7.486658,3,811403.883279
-4.749735,2,811480.200305
-5.739568,2,811546.481243
-5.030394,2,811616.349962
-5.180797,2,811681.948726
-6.507718,3,811785.39919
-5.443224,2,811858.002981
-5.244779,2,811930.930532
-5.454074,2,812005.005854
-5.18084,2,812069.919444
-5.762064,2,812138.567457
-5.458077,2,812207.522264
-5.615672,2,812278.917711
-5.901557,2,812350.397902
-5.793792,2,812412.06821
-5.531441,2,812481.891864
-5.196288,2,812548.697109
-5.512955,2,812618.840535
-4.93472,2,812686.360331
-5.325729,2,812764.632615
-5.459158,2,812832.378337
-5.458439,2,812903.890709
-5.673743,2,812981.040983
-5.443068,2,813043.103463
-5.589838,2,813111.576558
-5.739843,2,813185.473197
-5.458077,2,813244.285132
-6.144055,2,813313.491101
-5.181144,2,813388.945547
-5.89632,3,813497.982154
-5.23967,2,813561.998744
-5.46367,2,813634.160102
-5.47567,2,813705.981716
-5.457027,2,813776.260935
-5.565354,2,813849.577341
-5.177986,2,813911.945197
-5.46367,2,813978.80961
-5.515489,2,814048.949437
-6.880513,2,814123.642113
-6.194956,2,814199.732845
-5.426741,2,814263.864931
-5.704353,2,814342.310367
-5.661155,2,814405.890642
-5.467847,2,814486.031161
-5.706344,2,814554.403991
-5.485742,2,814620.174554
-5.056653,2,814698.241709
-5.312237,2,814765.111112
-5.45117,2,814840.416229
-5.286221,2,814907.66934
-5.46367,2,814975.403141
-5.382511,2,815040.084568
-5.46367,2,815106.697758
-5.75982,2,815181.723615
-5.268098,2,815240.564574
-5.483325,2,815306.724723
-5.481364,2,815382.869172
-5.661241,2,815461.465723
-5.925281,2,815533.045447
-5.676239,2,815599.366864
-5.693273,2,815674.331858
-5.18577,2,815738.184472
-5.683227,2,815814.1863
-5.730148,2,815881.358276
-4.86603,2,815941.462567
-5.181144,2,816011.042495
-4.952162,2,816079.815632
-5.903514,2,816158.945468
-5.453802,2,816220.611392
-4.805813,2,816293.726315
-5.177875,2,816358.979534
-5.28171,2,816429.073354
-5.813807,3,816525.699244
-6.143843,2,816611.690368
-5.18289,2,816672.198169
-5.188894,2,816736.561158
-5.179497,2,816798.050543
-5.31324,2,816868.53049
-6.055072,3,816966.537277
-6.495942,2,817035.829248
-5.190509,2,817108.804091
-5.324467,2,817184.937662
-4.838213,2,817247.122765
-5.909575,2,817330.986629
-5.672482,2,817389.687754
-5.230521,2,817464.615879
-5.404022,2,817526.886179
-5.206763,2,817594.678555
-5.288202,2,817668.564821
-5.78648,2,817739.616768
-5.373971,2,817798.716688
-5.246117,2,817880.256811
-5.188942,2,817941.283329
-5.480275,2,818017.20876
-5.18289,2,818083.297963
-5.809276,2,818153.038683
-5.38617,2,818219.268018
-5.731347,2,818292.313682
-5.821126,2,818360.785154
-5.592958,2,818434.967052
-5.848318,3,818516.10657
-5.490855,2,818599.456663
-5.759096,2,818668.228532
-5.278077,2,818738.974539
-5.538557,2,818808.0581
-6.150766,3,818915.620248
-5.470535,2,818979.321405
-5.282776,2,819048.249581
-5.586113,2,819116.521015
-5.414115,2,819185.016101
-5.505675,2,819255.310962
-5.2224,2,819325.802923
-5.181144,2,819395.811168
-4.880625,2,819471.606142
-6.003938,3,819571.794253
-6.176532,2,819652.526549
-5.075538,2,819713.673762
-5.462776,2,819781.739212
-5.094487,2,819858.179934
-5.150863,2,819925.916974
-5.552599,2,819990.662094
-4.993911,2,820063.016352
-5.362351,2,820128.130911
-5.612828,2,820203.7211
-6.562835,2,820276.367699
-5.684593,2,820349.775764
-6.600359,4,820490.726609
-5.180538,2,820556.802806
-5.880272,2,820638.656094
-5.802308,2,820710.570654
-5.501567,2,820772.053538
-5.230757,2,820843.019075
-5.489643,2,820916.910082
-5.414194,2,820992.042604
-4.819617,2,821061.312476
-5.443457,2,821125.698638
-5.93517,2,821198.577447
-5.1812,2,821259.997968
-5.179497,2,821323.416211
-5.455781,2,821387.157996
-5.793792,2,821453.013242
-5.458077,2,821524.239775
-5.507372,2,821600.403278
-4.997908,2,821664.03953
-5.180797,2,821734.881908
-5.460151,2,821812.523766
-5.900574,2,821886.591635
-5.397032,2,821951.456337
-5.193048,2,822023.019538
-5.688076,3,822148.576912
-5.771123,2,822219.288081
-4.917164,2,822284.008932
-8.277929,3,822389.544853
-5.923986,2,822466.344942
-5.214943,2,822528.607404
-5.427287,2,822601.367067
-5.46367,2,822668.609125
-5.817064,2,822750.398457
-5.454382,2,822815.441596
-5.4474,2,822888.170037
-5.739518,2,822959.598677
-4.998656,2,823028.701545
-6.300261,2,823105.102293
-5.685063,2,823172.128749
-9.673752,3,823280.325319
-5.3492,2,823348.854384
-5.591064,2,823422.566313
-5.067974,2,823490.601524
-5.177737,2,823554.492979
-5.132448,2,823627.215837
-5.718404,2,823702.309662
-5.46367,2,823763.498316
-4.983634,2,823842.902773
-5.463834,2,823905.4268
-8.809442,3,824001.918327
-5.988927,2,824077.80591
-5.611517,2,824145.359084
-5.077896,2,824204.770617
-5.181144,2,824275.165301
-5.18289,2,824336.51794
-4.895712,2,824413.41139
-5.046264,2,824469.164561
-5.361866,2,824542.24329
-6.027412,3,824632.494788
-5.940952,3,824737.148548
-5.182372,2,824810.348266
-4.812374,2,824880.451012
-5.48011,2,824948.8164
-5.201066,2,825012.405775
-4.973435,2,825085.526275
-5.255126,2,825159.306204
-5.412374,2,825225.703818
-4.683364,2,825309.388424
-5.282731,2,825376.181148
-5.734037,2,825448.762589
-5.9692,2,825521.784711
-5.18084,2,825583.290836
-4.79626,2,825660.566026
-5.559939,3,825758.383767
-5.177872,2,825820.807901
-5.191964,2,825891.08844
-5.179497,2,825960.332947
-5.46367,2,826024.343553
-5.317179,2,826098.436387
-5.46367,2,826164.377338
-5.586104,2,826244.854112
-5.869691,2,826315.960274
-5.4817,2,826377.515355
-5.454074,2,826448.248644
-5.404655,2,826511.967855
-5.811779,2,826590.550861
-5.470081,2,826674.933254
-5.501815,2,826746.429977
-5.076883,2,826814.850022
-5.180797,2,826882.031672
-5.18289,2,826948.708576
-5.828408,2,827026.797392
-5.18289,2,827086.315127
-5.413878,2,827162.494833
-5.164143,2,827224.344471
-5.462776,2,827294.513571
-5.177986,2,827364.112782
-5.212653,2,827437.252312
-5.181144,2,827507.72925
-5.610069,2,827585.448039
-5.314257,2,827648.766875
-7.984125,6,827853.281402
-5.139151,2,827924.754266
-5.031767,2,827990.61763
-5.181144,2,828056.954649
-5.762064,2,828125.170839
-5.44654,2,828200.506624
-5.84275,3,828289.4796
-5.446427,2,828374.588943
-5.422563,2,828438.191516
-7.82926,3,828539.601105
-5.293159,3,828647.889262
-4.748362,2,828718.029872
-5.527127,2,828781.374356
-5.44914,2,828856.243484
-5.219283,2,828917.829388
-5.882921,3,829022.117994
-5.834298,2,829084.699575
-5.18084,2,829149.16695
-5.411461,2,829220.306315
-6.417529,2,829291.522913
-5.198375,2,829360.973397
-5.372822,2,829432.1991
-5.545115,2,829501.586398
-5.438643,2,829560.544817
-5.18289,2,829631.62956
-5.163922,2,829703.844014
-5.201198,2,829776.094447
-5.869289,2,829850.203548
-5.227159,2,829908.718121
-5.441822,2,829978.289423
-4.669361,2,830051.901668
-5.244433,2,830116.471466
-5.335738,2,830184.768961
-5.789343,2,830261.039392
-5.314083,2,830320.346128
-5.407427,2,830388.651597
-5.558868,2,830458.205996
-5.18084,2,830526.415854
-5.179693,2,830587.034067
-5.837535,3,830729.853891
-6.200683,2,830810.348567
-6.092629,3,830905.264483
-4.963897,2,830975.786469
-5.181144,2,831045.970218
-5.505892,2,831121.277905
-5.555281,2,831187.828804
-5.181151,2,831257.645423
-5.190591,2,831321.631238
-5.455754,2,831392.868112
-5.793792,2,831463.536744
-5.18873,2,831535.80998
-5.182819,2,831603.448473
-5.46367,2,831674.436602
-5.372839,2,831743.584322
-4.746097,2,831807.782873
-5.181144,2,831876.643646
-5.455887,2,831943.28664
-5.33445,2,832010.8512
-5.457811,2,832082.476763
-5.395372,2,832150.529566
-5.18289,2,832214.483686
-5.179497,2,832284.919673
-5.891467,2,832358.240308
-5.18084,2,832417.03072
-5.072704,2,832487.685165
-5.177835,2,832556.862269
-4.905807,2,832623.613254
-5.177875,2,832692.585444
-4.655527,2,832767.202874
-5.82971,2,832827.060176
-5.254266,2,832898.73657
-5.44159,2,832969.360226
-5.457026,2,833030.456717
-5.493755,2,833104.934555
-5.863594,2,833175.46163
-5.46698,2,833235.915784
-5.462776,2,833311.787106
-5.177986,2,833376.076509
-5.18289,2,833446.509326
-5.191964,2,833513.716849
-6.03974,3,833621.547371
-5.45162,2,833682.614953
-5.458077,2,833740.707466
-4.83454,2,833811.500431
-5.228973,2,833877.854845
-5.461639,2,833939.166025
-5.18084,2,834000.335492
-5.920012,2,834066.898753
-5.240711,2,834124.571507
-6.45369,3,834204.276507
-5.166833,2,834282.121132
-7.02778,3,834378.406317
-5.173798,2,834447.336711
-5.727273,3,834541.567756
-5.361684,2,834625.073308
-5.793792,2,834689.323642
-6.186572,3,834795.848018
-5.169041,2,834861.48884
-5.227648,2,834936.083962
-5.347437,2,835005.329596
-5.730839,3,835104.02161
-5.40357,2,835173.137205
-4.810416,2,835235.534132
-6.534951,3,835333.875634
-5.449239,2,835409.015249
-5.689149,2,835486.902054
-5.597463,2,835553.280471
-5.421281,2,835615.370467
-5.832709,2,835682.178862
-5.245093,2,835761.04295
-5.835376,3,835854.53748
-5.722233,2,835931.853652
-5.335121,2,835991.55739
-5.481083,2,836054.933724
-5.363436,2,836117.055168
-5.041658,2,836190.472543
-5.731496,3,836287.424922
-5.485694,2,836357.138116
-5.46367,2,836424.860122
-5.18084,2,836491.536275
-5.215309,2,836557.595218
-5.15885,2,836633.923799
-5.181144,2,836700.268432
-5.196391,2,836768.458019
-5.222013,2,836842.737997
-5.728567,2,836916.450881
-5.762616,2,836977.104775
-5.39719,2,837047.331921
-4.786633,2,837126.044353
-6.085404,3,837220.136694
-5.441485,2,837295.344309
-5.453164,2,837369.405601
-4.751749,2,837436.503241
-5.154457,2,837506.268741
-5.180797,2,837575.758921
-5.547539,2,837642.131936
-5.177737,2,837709.36114
-5.444945,2,837782.109481
-5.971918,2,837854.257265
-5.177986,2,837913.496129
-5.910335,2,837991.540688
-5.177986,2,838054.589796
-5.76072,2,838125.524806
-6.616195,3,838217.759083
-5.831418,2,838294.878606
-5.514927,2,838347.338027
-5.086204,2,838414.987764
-5.436147,2,838477.101656
-5.419933,2,838549.948061
-5.51277,2,838620.181132
-5.18077,2,838687.905498
-5.473944,2,838753.869524
-5.458077,2,838821.84331
-5.37313,2,838887.686354
-5.370704,2,838962.147633
-5.301701,2,839021.90209
-5.291343,2,839103.302442
-5.437778,2,839171.239349
-6.037226,3,839273.890975
-5.177662,2,839338.222384
-5.645647,2,839416.973283
-5.209714,2,839482.60661
-5.704751,2,839556.694038
-5.18289,2,839619.073132
-5.287861,2,839683.601649
-5.31883,2,839751.908959
-5.503963,2,839816.249906
-5.692923,2,839888.701281
-5.46367,2,839945.275834
-5.802285,3,840039.077584
-5.337443,2,840120.522533
-5.485579,2,840192.54521
-5.46367,2,840257.538692
-5.179533,2,840322.75602
-6.27857,3,840419.057559
-4.734302,2,840487.176376
-5.78463,2,840561.161654
-5.725971,2,840629.508969
-5.642578,2,840696.635519
-5.731197,2,840765.41312
-4.782013,2,840830.781416
-5.187067,2,840899.38141
-5.201066,2,840961.313314
-5.39342,2,841040.748296
-5.290073,2,841101.803149
-5.46367,2,841168.849092
-5.558238,2,841244.202339
-5.813821,2,841316.620578
-5.33073,2,841381.029132
-5.555963,2,841456.317151
-5.409803,2,841522.874682
-5.41915,2,841583.169491
-5.127166,2,841649.074051
-5.311826,2,841711.686033
-5.18289,2,841783.211831
-5.570259,2,841857.203816
-5.241163,2,841915.819443
-5.483333,2,841984.323955
-5.196847,2,842054.664837
-5.496866,2,842125.847049
-5.904276,2,842202.555264
-5.824846,2,842271.676437
-5.18084,2,842331.445126
-5.46367,2,842398.936181
-5.728737,2,842472.534603
-5.455347,2,842539.586843
-5.284466,2,842610.635734
-5.93491,3,842709.564412
-5.167502,2,842781.78652
-5.46367,2,842845.030858
-5.05098,2,842911.534977
-5.71415,2,842983.666545
-5.309912,2,843045.795452
-5.910335,2,843117.83319
-5.381559,2,843179.068309
-5.928021,2,843261.283658
-5.124269,2,843320.86944
-5.877034,2,843381.505524
-5.458077,2,843452.079957
-5.365435,2,843523.840245
-5.41253,2,843591.321185
-5.785342,3,843685.780387
-5.44231,2,843758.978177
-5.457606,2,843831.255275
-5.620003,2,843903.170392
-5.177964,2,843965.567523
-5.447361,2,844035.57909
-5.46367,2,844097.036154
-5.458077,2,844164.671844
-4.669448,2,844239.459659
-5.51731,2,844297.825865
-5.525891,2,844369.753804
-5.21174,2,844432.600291
-5.064852,2,844493.726079
-5.451915,2,844558.565461
-4.915899,2,844632.264243
-5.706643,2,844695.211353
-5.46367,2,844766.117283
-5.177986,2,844834.192755
-5.466195,2,844900.989972
-4.956464,2,844968.364362
-5.538854,2,845038.612029
-4.933816,2,845107.279931
-6.062314,3,845215.012645
-5.457441,2,845279.4767
-5.458077,2,845346.659246
-5.603404,2,845421.802373
-5.481007,2,845489.37221
-5.257917,2,845554.027408
-5.454985,2,845624.483919
-7.184702,3,845713.185417
-5.471448,2,845788.688694
-5.46367,2,845856.298697
-5.198375,2,845923.393876
-5.570665,2,845993.387693
-5.477286,2,846059.082592
-6.296205,2,846127.44678
-4.8171,2,846200.47114
-5.181144,2,846265.663835
-5.210015,2,846325.513422
-5.506547,2,846404.971956
-5.203657,2,846464.205672
-5.223531,2,846539.630367
-5.18289,2,846602.637308
-5.218711,2,846673.137018
-5.180398,2,846739.289044
-5.18737,2,846806.927048
-5.227783,2,846876.077965
-5.345571,2,846950.738283
-8.709908,4,847075.012655
-5.495628,2,847150.382124
-5.269214,2,847223.583279
-5.179497,2,847291.62306
-5.46367,2,847364.173659
-5.158473,2,847439.451534
-5.181144,2,847495.065788
-4.736765,2,847565.305459
-5.181144,2,847632.286447
-4.829815,2,847706.205859
-5.931536,2,847772.333014
-5.573006,2,847836.289816
-5.37838,2,847892.402782
-4.742551,2,847964.284793
-5.314927,2,848037.410944
-5.797894,2,848099.817906
-5.18289,2,848166.211145
-5.46367,2,848239.790897
-5.435564,2,848315.480447
-5.264609,2,848385.952649
-5.179497,2,848452.824493
-5.528955,2,848527.387434
-4.807973,2,848596.051597
-5.345694,2,848662.481161
-5.702463,2,848739.131627
-5.669129,2,848798.300505
-5.604143,2,848866.375058
-4.744441,2,848934.658852
-5.706027,3,849026.322088
-5.804754,2,849094.966658
-5.4474,2,849165.238679
-5.18084,2,849226.438379
-5.18289,2,849294.908568
-5.501109,2,849363.917756
-5.18289,2,849439.297551
-4.843554,2,849509.084716
-5.17887,2,849579.783629
-5.504852,2,849654.196018
-5.517679,2,849724.97302
-5.603308,2,849796.542599
-6.180128,3,849888.15652
-5.286876,2,849961.315995
-4.81873,2,850026.620876
-5.342805,2,850094.114912
-5.392991,2,850170.719709
-5.18289,2,850244.113533
-5.18289,2,850308.586464
-5.511613,2,850379.383929
-4.933794,2,850449.514946
-5.806424,2,850526.960486
-4.825159,2,850596.443021
-4.952835,2,850655.753582
-5.457606,2,850726.166222
-5.044591,2,850794.669171
-5.181144,2,850862.843634
-5.379667,2,850930.592089
-5.444839,2,850994.775574
-5.346505,2,851069.817465
-4.787527,2,851129.404447
-5.013409,2,851196.54638
-6.119749,3,851284.614212
-7.250003,3,851400.965785
-5.174583,2,851468.09629
-5.718466,2,851542.087391
-5.18084,2,851609.286694
-5.317486,2,851680.656788
-5.473392,2,851751.319618
-5.18084,2,851817.625917
-5.46367,2,851883.845337
-6.049785,3,851973.002066
-5.963375,3,852082.869043
-4.720181,2,852155.359203
-5.177875,2,852213.64309
-5.071136,2,852281.651026
-5.177875,2,852348.621431
-5.488352,2,852411.12577
-4.74442,2,852477.477455
-6.761929,3,852577.921635
-5.383694,2,852647.456024
-5.18289,2,852717.224821
-5.623945,2,852785.389683
-5.447154,2,852850.126183
-5.180398,2,852920.132674
-5.797041,2,852994.750105
-5.212371,2,853051.742637
-5.354844,2,853122.716285
-5.177875,2,853192.68215
-5.358246,2,853260.818153
-5.18289,2,853332.128693
-5.46367,2,853395.653987
-4.89997,2,853459.889895
-5.563961,2,853541.527786
-5.223889,2,853600.268417
-5.181144,2,853899.031841
-5.188894,2,853968.892421
-5.462255,2,854038.247053
-5.18289,2,854107.826794
-5.775759,2,854185.088378
-5.18084,2,854245.029372
-5.179497,2,854314.079765
-5.60271,2,854384.383615
-5.18289,2,854447.126107
-5.777132,2,854526.911781
-5.583783,2,854590.767733
-5.077211,2,854656.334224
-5.181144,2,854722.286416
-5.18289,2,854790.556144
-5.18289,2,854855.816741
-5.357075,2,854921.953364
-7.538625,3,855032.338179
-5.552099,2,855102.404594
-5.179497,2,855280.425917
-5.179497,2,855353.469833
-5.673503,3,855457.151314
-5.166283,2,855527.574796
-4.773746,2,855589.058201
-5.204868,2,855669.003905
-5.621729,2,855738.272361
-5.321966,2,855806.996883
-5.177196,2,855871.925376
-5.18289,2,855938.818855
-5.355967,2,856007.920079
-7.704059,3,856104.873262
-6.17479,3,856205.228881
-5.351121,2,856274.819235
-6.436392,3,856376.958983
-7.202907,2,856443.087542
-5.180797,2,856514.537544
-5.910335,2,856593.952035
-5.018281,2,856652.65792
-5.41565,2,856720.967428
-5.221585,2,856786.086428
-5.179497,2,856851.982372
-5.539478,2,856912.359993
-5.547293,2,856982.473485
-5.29547,2,857042.624634
-5.830069,3,857140.258951
-5.371492,2,857220.670696
-5.565584,2,857287.113485
-5.430112,2,857352.855044
-5.180797,2,857429.29233
-4.763581,2,857498.663249
-5.049643,2,857566.784994
-5.319486,2,857635.891155
-5.650278,2,857707.470805
-5.9692,2,857780.286995
-5.178424,2,857840.507003
-5.202908,2,857907.125383
-5.46367,2,857977.594672
-5.889509,2,858053.948905
-6.306196,3,858142.747391
-5.321197,2,858211.476176
-4.865231,2,858279.055196
-5.345601,2,858352.771687
-5.18289,2,858410.175777
-5.595614,2,858482.876202
-5.507277,2,858546.812483
-5.408638,2,858623.02063
-5.282778,2,858694.600896
-7.238253,3,858783.907887
-5.204836,2,858853.834238
-5.46367,2,858926.817692
-5.458077,2,858993.411865
-5.177986,2,859057.067455
-6.464013,3,859159.127089
-5.191722,2,859224.293824
-5.219394,2,859291.660082
-5.467277,2,859361.893302
-5.3644,2,859429.47348
-5.665299,3,859526.366293
-5.167006,2,859591.960577
-5.31506,2,859665.073765
-5.360858,2,859732.118237
-4.795094,2,859806.753225
-5.181818,2,859870.039077
-5.257879,2,859934.658578
-5.252014,2,860002.625033
-5.462776,2,860063.588463
-5.179439,2,860131.576419
-5.222866,2,860205.189953
-5.456536,2,860273.227369
-6.44148,3,860370.910513
-5.302007,2,860443.004117
-5.312006,2,860504.620727
-5.411595,2,860570.941411
-5.177926,2,860637.811078
-5.047097,2,860701.269454
-5.54856,2,860772.769643
-4.728347,2,860839.339765
-6.817772,3,860947.219434
-5.203604,2,861014.64289
-5.206555,2,861081.147283
-5.731291,2,861156.087006
-5.46367,2,861215.883695
-5.18084,2,861277.962123
-5.392991,2,861347.827408
-5.181144,2,861411.01845
-5.272143,2,861472.258807
-5.205821,2,861540.512174
-7.017916,3,861643.862152
-5.316317,2,861702.367885
-5.09985,2,861767.854182
-5.462776,2,861836.278657
-5.802694,2,861902.18744
-6.071832,3,861993.308263
-4.841181,2,862072.726998
-5.462776,2,862139.673411
-5.18084,2,862207.759985
-5.424032,2,862275.455476
-5.222303,2,862339.741186
-5.462776,2,862409.350776
-5.450371,2,862477.978554
-5.181151,2,862545.268647
-5.18289,2,862614.323353
-5.578725,2,862678.926002
-5.635424,2,862745.758176
-5.501109,2,862812.234497
-5.18084,2,862885.270741
-5.18289,2,862954.351472
-5.182227,2,863020.224123
-5.18289,2,863076.405674
-5.207474,2,863141.852402
-5.038371,2,863210.173988
-5.300551,2,863288.971335
-5.511943,2,863355.593518
-5.505655,2,863428.069386
-5.177986,2,863494.222078
-5.497494,2,863560.106022
-5.703739,2,863627.162997
-4.753181,2,863702.532188
-5.798595,2,863778.918136
-4.789159,2,863838.322007
-5.314597,2,863902.395887
-5.231728,2,863971.730567
-5.44437,2,864047.472375
-5.179497,2,864109.015908
-5.18289,2,864176.314618
-4.776938,2,864248.914207
-6.829628,4,864399.176081
-5.461878,2,864453.283808
-5.307458,2,864529.855793
-5.924086,3,864635.281096
-5.170104,2,864702.516641
-5.233265,2,864769.520258
-6.371343,2,864848.301716
-5.350846,2,864910.310477
-5.183238,2,864975.656368
-5.212096,2,865046.186305
-5.210868,2,865106.032555
-5.229972,2,865183.84898
-5.41403,2,865255.178938
-5.622739,2,865326.636339
-4.771036,2,865385.91842
-5.326917,2,865448.940406
-5.409152,2,865520.182734
-5.184475,2,865590.521566
-5.183238,2,865658.627464
-5.464045,2,865727.823491
-5.178317,2,865800.251514
-5.17983,2,865867.197448
-5.181491,2,865941.214362
-5.895199,2,866007.296027
-5.178207,2,866074.549918
-5.671921,2,866136.177333
-5.183238,2,866202.562771
-5.073824,2,866264.701163
-5.181491,2,866328.954906
-5.622739,2,866405.03412
-5.183238,2,866465.721396
-6.487023,3,866551.552356
-5.95314,3,866665.76148
-5.425114,2,866732.458288
-5.310754,2,866798.577543
-5.225816,2,866869.151589
-5.437251,2,866938.574438
-5.13603,2,867013.098795
-4.974075,2,867073.668
-5.286802,2,867140.603698
-5.195735,2,867205.413339
-5.183238,2,867276.164146
-5.422131,2,867341.826502
-5.27381,2,867409.071341
-5.181143,2,867474.605687
-5.183238,2,867539.904955
-5.387597,2,867608.23063
-5.214263,2,867674.959771
-5.406562,2,867736.330986
-5.178207,2,867794.153998
-5.485122,2,867866.349842
-5.223151,2,867933.871017
-5.444717,2,867994.627884
-4.741438,2,868059.517905
-5.239322,2,868131.801694
-5.789409,2,868202.889517
-5.18601,2,868262.258048
-5.195735,2,868324.038305
-4.819806,2,868394.19507
-4.965671,2,868459.173409
-5.60903,2,868529.158036
-4.833996,2,868599.449234
-4.767219,2,868661.689002
-5.317721,2,868727.391184
-5.17983,2,868790.284227
-5.507622,2,868855.480807
-5.708514,2,868929.601699
-6.057896,3,869028.53034
-5.251203,2,869089.851834
-5.203586,2,869155.820283
-5.464045,2,869225.123725
-5.181186,2,869290.630658
-5.904467,2,869367.374965
-5.181186,2,869425.797603
-5.304901,2,869490.792231
-5.456527,2,869553.858752
-5.084028,2,869622.490923
-5.181143,2,869687.651687
-5.345752,2,869760.240767
-5.19073,2,869818.64255
-5.762427,2,869886.023483
-4.742298,2,869950.434298
-5.507398,2,870014.272765
-5.464045,2,870089.253462
-5.350181,2,870161.046028
-5.235854,2,870227.746282
-5.183238,2,870289.509848
-4.990963,2,870356.50009
-5.178069,2,870432.005482
-5.183238,2,870496.803803
-5.183238,2,870566.144474
-5.17983,2,870630.754129
-5.161321,2,870693.765215
-5.553995,3,870785.861329
-5.893972,3,870879.542193
-5.166434,2,870954.004089
-5.179497,2,871010.316793
-5.18289,2,871075.228963
-5.18289,2,871144.122506
-4.818053,2,871214.740284
-5.181144,2,871281.174146
-5.46367,2,871345.008546
-5.447582,2,871415.089485
-5.481213,2,871481.853311
-5.179497,2,871546.679532
-5.179497,2,871621.867476
-5.181144,2,871690.736792
-5.212371,2,871755.134883
-5.454915,2,871825.501942
-5.18737,2,871894.306993
-5.18289,2,871963.564286
-5.257592,2,872034.880506
-5.179497,2,872099.216069
-5.258102,2,872172.073958
-4.77212,2,872233.672895
-4.766663,2,872301.523234
-5.53439,2,872363.239421
-5.211822,2,872418.461408
-4.782921,2,872487.138121
-5.531197,2,872557.066889
-5.18084,2,872617.429395
-5.182227,2,872686.646177
-8.136014,3,872783.133728
-5.112664,2,872850.3686
-4.722223,2,872920.4101
-5.375215,2,872984.370444
-4.80303,2,873052.248562
-5.443018,2,873114.350486
-5.316139,2,873183.198581
-5.002838,2,873254.799755
-5.233822,2,873321.234427
-5.208347,2,873379.410465
-5.46367,2,873449.134442
-5.494156,2,873514.342892
-4.767383,2,873586.462862
-5.175262,2,873655.317848
-5.18289,2,873719.861274
-5.180829,2,873788.833907
-5.181144,2,873854.404412
-5.18289,2,873922.262881
-6.211843,2,873988.068717
-5.458232,2,874053.961551
-5.18405,2,874118.805371
-5.18289,2,874183.372498
-5.179497,2,874246.397642
-5.883045,2,874323.131689
-5.18289,2,874381.922763
-5.18289,2,874448.642497
-5.363424,2,874517.478552
-5.46367,2,874584.945831
-5.212805,2,874660.492339
-5.455887,2,874736.502099
-5.48143,2,874800.858537
-5.214134,2,874868.183166
-5.09503,2,874942.956387
-5.756804,2,875012.052078
-5.793792,2,875074.577139
-5.001934,2,875138.787374
-5.181144,2,875203.455976
-5.18289,2,875270.113533
-5.485742,2,875335.931467
-5.462776,2,875400.880663
-5.18084,2,875470.805499
-5.46367,2,875534.865153
-6.460778,3,875645.127653
-5.287169,2,875697.335888
-4.794045,2,875762.620682
-4.722175,2,875831.096624
-4.899901,2,875903.219437
-6.020118,2,875979.304363
-5.179497,2,876039.199209
-5.179497,2,876102.624274
-5.300779,2,876174.330585
-5.18289,2,876234.396783
-5.18289,2,876306.635869
-5.621618,2,876381.290222
-5.18289,2,876444.593448
-5.278667,2,876507.041273
-5.179093,2,876573.526383
-5.181144,2,876639.639132
-5.485742,2,876708.160001
-5.532093,2,876778.470834
-5.490816,2,876838.888614
-5.287597,2,876908.116629
-5.46367,2,876974.379637
-5.339205,2,877033.555862
-5.379394,2,877103.824996
-5.48943,2,877173.197222
-5.18289,2,877237.480791
-5.428131,2,877307.546166
-5.190509,2,877373.399278
-5.350906,2,877450.298101
-4.802305,2,877514.008138
-7.16202,3,877625.196716
-5.162103,2,877683.804078
-5.18289,2,877747.643979
-5.487041,2,877817.934803
-5.177986,2,877878.186557
-4.720124,2,877950.11103
-5.402133,2,878022.47072
-5.46367,2,878081.430435
-5.570976,2,878152.36129
-5.615659,2,878225.143149
-5.3577,2,878282.643687
-5.179497,2,878351.871201
-5.18289,2,878419.269258
-5.896224,2,878491.327098
-5.171358,2,878554.0502
-5.180797,2,878621.830605
-4.972796,2,878684.112864
-5.222892,2,878754.760294
-5.54116,2,878813.674284
-5.179497,2,878883.056182
-5.46367,2,878947.985385
-5.221336,2,879018.591323
-5.18289,2,879084.231104
-5.179497,2,879152.523959
-5.18289,2,879217.518978
-5.766785,2,879291.517871
-4.975108,2,879347.819173
-5.181144,2,879412.771432
-4.758303,2,879477.990663
-5.177875,2,879552.889571
-5.115329,2,879620.288288
-5.310054,2,879692.036606
-5.804856,2,879762.358939
-5.462849,2,879824.820615
-5.18289,2,879887.820001
-5.17997,2,879960.476427
-5.18289,2,880027.063959
-5.18416,2,880097.910562
-5.18289,2,880164.036573
-5.18289,2,880229.132541
-5.179497,2,880294.005951
-5.18289,2,880357.214791
-5.504852,2,880428.355864
-5.179497,2,880489.732797
-5.340317,2,880563.625566
-4.807706,2,880628.45656
-5.484783,2,880691.425074
-4.739729,2,880755.494527
-5.444237,2,880828.450095
-5.179497,2,880892.876723
-5.487069,2,880962.368846
-5.278328,2,881027.178045
-5.366694,2,881097.983532
-5.20543,2,881159.610426
-4.693107,2,881231.898359
-5.210547,2,881294.386875
-5.229717,2,881362.710651
-5.184906,2,881425.161664
-5.457388,2,881493.549498
-5.642529,2,881557.901625
-5.383986,2,881628.666978
-5.287747,3,881722.77618
-5.185221,2,881788.668221
-5.18289,2,881850.937748
-5.180829,2,881921.202374
-5.179826,2,881986.492251
-5.672175,3,882079.43596
-5.124234,2,882161.066277
-5.356381,2,882229.283771
-5.195001,2,882292.046216
-5.555882,2,882368.794965
-5.485742,2,882428.906465
-5.179497,2,882497.615871
-7.245304,2,882564.495461
-5.29283,2,882627.379505
-4.770659,2,882696.901449
-5.462776,2,882766.788272
-5.338263,2,882831.570932
-5.179497,2,882897.10626
-5.353585,2,882961.125603
-5.653423,2,883041.32843
-5.179497,2,883098.978698
-5.459488,2,883167.278106
-5.66471,3,883267.249512
-5.170383,2,883339.542364
-5.541331,2,883413.447828
-4.926644,2,883471.623933
-4.940277,2,883537.464635
-5.201198,2,883606.209876
-5.179497,2,883665.839643
-5.336751,2,883731.657033
-5.177875,2,883802.710045
-5.820907,2,883873.733073
-5.18084,2,883937.424485
-5.188268,2,884008.150327
-5.485742,2,884076.727034
-5.23537,2,884140.06298
-5.179497,2,884211.689311
-5.453953,2,884278.281695
-5.352522,2,884343.275381
-5.019948,2,884409.089557
-5.291343,2,884478.378789
-5.218579,2,884546.531216
-5.18289,2,884610.176205
-5.179497,2,884676.773087
-5.498392,2,884751.603827
-5.18289,2,884809.408258
-5.822062,3,884904.073693
-5.164826,2,884970.258104
-5.243423,2,885033.660362
-5.457606,2,885091.943601
-5.177986,2,885159.766114
-5.804856,2,885234.23704
-5.46367,2,885290.781287
-5.838882,3,885396.031929
-5.187972,2,885459.091359
-4.735161,2,885521.518733
-5.4441,2,885593.767622
-5.303877,2,885665.430241
-4.705575,2,885726.09264
-5.181144,2,885791.828002
-5.205678,2,885861.195461
-5.179954,2,885927.877339
-5.617269,2,885999.065964
-5.452244,2,886064.827577
-5.18289,2,886130.053882
-5.2005,2,886198.785627
-5.192893,2,886265.28808
-5.18289,2,886326.667508
-5.18289,2,886392.040625
-5.277076,2,886453.171529
-5.207717,2,886527.279256
-5.18289,2,886594.525863
-5.179497,2,886662.617611
-5.18077,2,886729.945601
-5.214782,2,886792.169667
-5.168497,2,886860.318944
-5.046445,2,886927.877667
-5.462776,2,886989.130901
-5.038444,2,887060.552212
-5.177875,2,887128.347437
-5.179497,2,887193.041771
-5.23366,2,887260.063758
-5.179497,2,887325.422608
-4.81561,2,887392.00288
-5.17887,2,887459.302691
-5.194636,2,887527.077224
-5.027498,2,887597.968758
-5.180797,2,887661.644144
-5.669112,2,887737.531998
-5.274663,2,887792.232303
-5.018143,2,887860.391793
-5.223281,2,887930.080019
-5.217228,2,887990.581708
-5.179497,2,888057.818442
-5.179497,2,888124.613721
-5.18289,2,888195.113001
-5.382662,2,888259.971387
-5.425258,2,888325.834915
-5.009384,2,888393.235154
-5.238751,2,888458.152617
-5.18289,2,888522.847132
-5.210015,2,888584.787272
-5.18289,2,888657.213997
-5.459585,2,888723.659167
-5.504852,2,888798.760772
-5.179497,2,888860.090944
-7.116559,3,888958.858228
-5.165341,2,889025.530901
-5.18289,2,889088.256987
-5.236294,2,889161.853838
-5.523469,2,889231.513599
-5.460846,2,889300.686395
-5.219133,2,889370.556167
-5.223634,2,889445.609034
-5.224044,2,889507.71663
-7.074728,3,889618.295553
-5.783807,2,889676.353359
-5.05945,2,889733.251952
-5.180797,2,889796.969254
-5.880049,3,889890.619188
-6.031965,3,890000.657355
-6.407636,3,890108.928368
-5.169611,2,890178.673547
-5.179497,2,890251.5283
-5.179497,2,890316.928145
-5.615064,2,890396.831577
-5.182929,2,890454.908721
-5.202202,2,890525.971369
-5.227374,2,890589.721421
-5.282317,2,890657.310809
-5.177875,2,890736.237272
-5.191964,2,890799.935024
-5.205821,2,890871.138392
-4.717021,2,890934.469497
-5.355808,2,890996.914203
-5.18289,2,891060.642169
-5.18289,2,891123.155263
-5.434897,2,891193.699435
-4.737376,2,891256.644737
-5.610315,2,891327.161145
-5.18289,2,891385.828248
-5.186515,2,891454.864125
-5.18289,2,891519.413367
-5.18546,2,891593.20902
-4.744055,2,891659.899948
-5.26914,2,891723.957937
-4.974125,2,891791.690719
-5.361359,2,891850.694888
-5.179497,2,891924.903723
-5.46367,2,891991.432655
-5.180797,2,892061.30996
-5.413069,2,892139.849832
-5.177994,2,892196.426252
-5.367259,2,892268.36817
-5.17963,2,892337.42293
-5.197882,2,892408.435299
-5.46367,2,892475.728367
-5.180016,2,892540.42666
-4.835789,2,892605.725772
-4.743617,2,892671.570134
-5.178249,2,892737.030919
-5.18289,2,892803.662712
-5.532188,2,892872.113713
-5.224237,2,892939.464121
-5.330007,2,893010.668194
-5.490333,2,893075.333271
-5.18577,2,893138.262968
-5.1948,2,893204.848035
-5.212634,2,893268.670612
-5.179497,2,893332.525843
-5.216231,2,893404.808473
-5.18289,2,893470.997935
-5.570518,2,893548.957686
-5.868673,3,893643.44437
-5.81097,2,893712.092989
-5.258102,2,893782.175102
-5.180363,2,893845.711031
-5.043513,2,893914.825134
-5.184482,2,893981.413676
-5.39006,2,894057.413265
-5.282778,2,894122.86754
-5.18289,2,894187.325552
-5.18289,2,894252.224814
-5.18289,2,894315.046623
-5.238909,2,894380.576293
-5.194063,2,894444.153866
-5.288735,2,894503.599025
-5.420277,2,894579.862145
-5.499657,2,894635.73761
-5.356768,2,894703.399804
-5.072597,2,894770.673086
-5.026102,2,894831.246684
-5.220273,2,894899.88631
-5.46367,2,894964.907077
-5.177986,2,895032.940775
-5.278667,2,895095.074563
-5.181144,2,895169.821553
-5.519265,2,895242.627739
-5.260338,2,895301.827187
-6.410322,3,895403.954424
-5.886113,2,895480.23286
-5.002061,2,895538.454072
-5.192963,2,895605.890711
-5.324953,2,895676.748903
-5.179497,2,895736.632984
-5.18289,2,895794.115465
-5.798818,3,895902.791047
-5.229404,2,895960.247697
-5.18289,2,896027.21326
-5.18289,2,896092.070748
-5.184906,2,896157.286712
-5.46367,2,896227.364856
-5.196625,2,896296.327597
-5.110158,2,896366.107922
-5.336318,2,896429.266417
-6.021713,3,896537.581383
-5.449963,2,896598.677806
-5.18577,2,896669.563313
-5.46367,2,896732.787585
-5.369363,2,896807.15528
-5.18289,2,896872.63173
-5.207717,2,896941.703182
-5.377006,2,897007.394998
-5.179497,2,897075.940931
-5.114816,2,897143.115345
-5.184406,2,897213.33995
-4.956525,2,897277.490993
-6.929657,3,897366.83772
-5.210044,2,897443.625864
-4.722429,2,897518.642809
-5.181144,2,897575.045671
-5.324077,2,897646.575443
-5.179497,2,897716.434193
-5.926591,3,897820.9789
-5.164454,2,897884.435795
-5.18289,2,897947.3571
-5.179497,2,898014.993326
-5.18289,2,898086.175612
-4.862546,2,898156.382319
-5.181144,2,898221.417023
-5.179497,2,898291.57813
-5.201599,2,898351.869889
-5.087492,2,898422.272087
-5.457606,2,898486.196532
-5.18084,2,898552.817542
-5.18289,2,898620.880407
-5.250512,2,898689.810509
-5.42706,2,898754.289388
-4.74513,2,898820.951508
-5.181144,2,898886.374003
-5.236294,2,898952.573275
-5.213989,2,899022.223881
-5.243245,2,899085.437865
-5.315275,2,899150.938683
-5.43522,2,899209.917293
-5.271034,2,899276.044876
-5.14148,2,899347.952747
-5.199185,2,899412.239351
-5.542237,3,899512.180482
-4.726694,2,899579.822694
-4.772495,2,899646.132575
-5.177875,2,899714.501889
-5.926267,3,899814.088419
-5.303081,2,899883.896742
-5.690994,3,899979.520726
-5.457225,2,900059.280504
-6.533726,2,900120.019151
-5.000362,2,900184.479427
-5.692485,3,900273.134028
-5.443704,2,900348.385933
-5.377996,2,900404.533396
-5.181144,2,900468.985255
-5.533958,2,900536.571828
-5.467077,2,900591.898515
-5.814573,2,900660.160362
-5.244507,2,900725.386611
-4.912307,2,900789.655834
-5.476501,2,900857.976118
-5.358835,2,900930.965666
-5.179497,2,900994.733033
-5.18289,2,901065.066396
-5.186515,2,901129.234708
-5.179497,2,901193.190088
-5.296133,2,901260.648005
-5.179497,2,901322.849267
-5.197209,2,901386.59648
-5.477205,2,901457.162531
-4.778677,2,901518.49023
-6.866776,3,901619.501745
-5.79713,2,901697.119844
-5.160594,2,901757.773628
-5.181144,2,901822.707759
-5.18289,2,901887.361635
-5.766414,3,901981.861788
-5.165383,2,902052.528001
-5.366504,2,902119.242953
-4.739703,2,902188.395776
-6.01431,2,902248.170341
-5.182333,2,902317.50307
-5.178889,2,902381.165088
-6.071943,3,902475.568391
-5.177823,2,902545.313391
-5.179497,2,902609.407329
-4.735127,2,902680.029399
-5.571323,2,902750.217743
-5.488899,2,902811.470459
-5.569294,2,902881.986948
-4.71245,2,902951.879149
-5.177875,2,903012.584675
-4.743788,2,903078.394815
-5.389931,3,903172.264905
-4.798923,2,903250.628658
-4.957855,2,903321.384656
-5.177835,2,903382.202239
-5.18289,2,903451.769916
-5.179497,2,903517.594804
-6.309232,3,903608.51309
-4.873131,2,903686.222241
-5.411949,2,903749.247186
-5.179497,2,903813.348693
-4.981134,2,903873.058922
-4.985442,2,903934.921303
-4.968495,2,904009.029495
-5.225442,2,904064.26439
-5.18289,2,904139.361203
-5.18289,2,904206.275396
-5.18289,2,904276.878338
-5.1812,2,904342.177472
-5.179497,2,904411.54037
-5.23537,2,904474.051348
-5.179497,2,904544.433667
-5.684937,2,904620.280114
-4.863563,2,904678.183096
-4.975129,2,904744.240855
-5.181144,2,904816.780996
-5.229717,2,904882.959311
-5.2574,2,904945.255105
-5.414903,2,905015.437742
-5.179497,2,905074.926732
-5.179497,2,905136.6724
-5.19524,2,905197.362025
-5.314756,2,905260.176243
-5.305129,2,905331.748682
-4.745316,2,905402.130664
-5.177875,2,905466.77154
-5.78334,3,905566.867762
-5.052381,2,905637.327467
-4.894667,2,905704.120206
-5.181144,2,905767.591712
-5.419939,2,905843.460378
-5.179497,2,905902.619397
-5.207703,2,905964.76328
-5.179497,2,906034.248935
-4.905807,2,906103.120865
-4.748315,2,906171.584759
-5.316321,2,906234.58596
-5.181387,2,906299.631931
-5.180082,2,906372.732481
-5.179497,2,906435.822862
-5.326626,2,906509.095738
-4.829861,2,906574.105517
-6.176156,3,906660.546471
-5.164209,2,906737.111916
-5.46367,2,906806.736084
-4.748607,2,906872.429964
-5.187067,2,906941.101894
-5.179497,2,907000.984861
-5.457882,2,907065.839336
-5.539111,2,907139.01058
-5.969558,3,907225.023517
-5.181619,2,907293.191214
-5.179497,2,907363.408284
-5.281621,3,907461.314777
-5.226264,2,907531.55326
-6.517684,4,907664.708675
-5.181192,2,907733.292003
-5.179497,2,907802.213928
-5.179497,2,907866.96302
-5.746304,3,907964.910835
-5.216221,2,908033.882455
-5.18289,2,908100.91152
-5.804856,2,908177.085523
-5.179497,2,908235.023891
-5.180363,2,908303.006726
-5.179497,2,908366.329011
-5.179497,2,908428.857054
-4.717815,2,908493.716039
-5.177875,2,908557.508801
-5.179497,2,908620.305766
-5.008615,2,908686.760598
-5.181144,2,908754.217349
-5.17952,2,908819.104155
-5.18289,2,908883.382483
-5.18289,2,908951.678879
-7.382506,2,909025.497457
-5.177986,2,909083.277672
-5.179497,2,909155.820019
-5.465783,2,909220.504266
-5.185699,2,909290.988721
-5.221463,2,909363.771564
-5.225442,2,909419.25103
-4.950799,2,909492.851675
-5.178532,2,909559.744425
-5.18289,2,909625.675403
-5.203982,2,909692.855699
-5.179616,2,909754.07059
-4.973148,2,909819.918771
-4.856028,2,909884.686565
-4.868922,2,909944.78959
-5.19853,2,910010.541131
-5.179497,2,910078.275911
-5.18289,2,910143.824343
-4.783394,2,910212.506421
-5.5459,2,910286.307578
-5.179497,2,910349.565455
-5.46367,2,910418.677435
-5.18084,2,910484.636356
-5.361764,2,910559.489301
-5.185699,2,910621.841432
-5.179497,2,910684.7029
-6.676056,2,910747.983341
-5.18289,2,910812.987128
-5.040932,2,910881.236104
-5.181144,2,910938.179251
-5.188268,2,911015.746872
-5.18289,2,911081.825042
-4.825031,2,911148.508883
-5.418337,2,911214.608866
-5.18289,2,911282.524439
-5.202202,2,911353.220298
-5.18289,2,911418.820856
-4.759462,2,911485.877018
-5.192544,2,911551.972796
-5.343855,2,911619.724044
-5.179497,2,911688.686669
-5.179497,2,911753.715996
-5.301934,2,911818.559807
-5.179436,2,911882.276673
-5.980059,3,911981.005763
-5.166749,2,912046.318495
-4.974915,2,912108.212663
-5.578602,3,912193.989775
-5.33215,2,912276.983342
-5.676836,2,912342.141556
-5.584069,2,912407.768429
-5.458146,2,912469.290478
-5.180841,2,912537.062083
-5.1779,2,912602.170039
-5.179524,2,912668.75342
-5.182935,2,912736.071709
-5.181189,2,912799.136087
-4.748301,2,912864.521599
-5.454083,2,912931.370692
-5.463791,2,912998.741608
-5.53853,2,913062.721949
-4.930049,2,913129.332814
-5.181189,2,913185.445623
-5.236828,2,913251.724086
-5.804683,2,913324.332139
-5.226386,2,913381.183279
-5.314877,2,913442.728069
-5.182935,2,913511.12801
-5.391059,2,913572.64004
-5.414079,2,913646.665239
-4.95074,2,913706.149933
-4.979318,2,913770.014209
-5.064258,2,913839.528083
-5.615128,2,913906.178777
-6.635786,4,914043.798359
-5.251309,2,914108.004536
-5.1779,2,914175.160823
-4.715552,2,914241.221256
-6.63565,2,914311.548244
-5.203071,2,914379.506679
-5.182935,2,914444.662153
-5.78708,3,914539.21585
-5.171343,2,914601.662526
-5.182027,2,914675.002891
-6.100996,3,914773.341462
-5.163322,2,914836.674371
-5.429152,2,914902.386613
-4.951112,2,914966.497498
-5.162828,2,915033.600548
-5.306451,2,915096.790506
-5.622214,2,915175.806917
-5.18289,2,915233.980351
-5.18289,2,915299.7994
-5.179497,2,915368.058089
-5.179497,2,915432.542947
-5.179826,2,915501.553435
-5.179497,2,915561.268206
-5.361764,2,915627.980403
-4.741989,2,915686.735643
-5.462776,2,915749.664786
-5.910335,2,915825.415554
-5.202603,2,915880.922925
-5.179497,2,915955.36523
-5.492554,2,916026.105371
-5.17963,2,916088.954312
-5.179497,2,916152.984315
-5.44248,2,916231.365634
-5.295547,2,916290.766932
-5.18289,2,916359.423435
-5.921033,2,916433.809237
-5.18289,2,916497.269008
-4.973527,2,916565.822783
-5.181144,2,916627.812714
-5.588378,2,916689.444188
-5.18289,2,916758.881899
-4.745401,2,916822.433567
-5.181144,2,916886.670524
-5.46203,2,916955.657931
-5.165314,2,917019.341699
-5.177875,2,917090.271013
-5.607348,2,917158.190725
-5.841074,3,917262.691599
-5.474243,2,917335.416271
-5.179693,2,917391.438031
-5.187538,2,917456.379487
-5.179497,2,917522.705655
-5.179497,2,917587.831447
-4.704928,2,917651.442051
-5.177875,2,917714.120601
-5.178834,2,917773.106215
-5.915373,3,917863.854132
-5.168444,2,917933.748494
-4.964881,2,918000.337638
-4.709862,2,918062.799496
-5.17887,2,918127.106213
-5.226374,2,918186.691167
-5.225953,2,918255.094325
-5.300779,2,918323.425415
-5.179497,2,918384.656776
-5.306722,2,918451.431688
-5.179497,2,918515.518839
-5.186515,2,918582.110051
-4.942481,2,918649.12728
-5.177875,2,918711.34573
-4.741725,2,918783.175373
-4.791824,2,918845.271791
-5.177875,2,918911.860805
-4.744881,2,918973.551318
-5.194298,2,919033.192977
-5.226556,2,919100.668202
-5.179497,2,919162.197297
-5.179497,2,919223.959244
-5.193497,2,919290.101612
-5.18289,2,919355.045435
-5.499233,2,919421.584473
-5.18289,2,919483.161673
-5.187538,2,919549.849084
-5.179497,2,919618.50794
-5.275987,2,919685.185284
-5.500955,2,919745.62412
-5.18289,2,919819.887461
-5.179497,2,919881.198408
-5.492626,2,919958.419076
-5.180114,2,920017.716314
-5.348831,2,920082.327056
-5.182027,2,920148.707057
-5.179497,2,920215.045999
-5.503481,2,920286.082232
-5.74328,3,920371.360429
-5.16853,2,920445.519928
-5.2005,2,920515.300302
-5.18289,2,920576.968668
-5.179431,2,920647.094378
-5.18289,2,920714.33273
-5.491613,2,920789.463163
-5.21182,2,920854.354103
-5.179497,2,920916.278754
-5.179497,2,920982.763744
-5.370171,2,921047.242455
-5.320001,2,921113.03681
-5.172891,2,921183.036963
-4.795985,2,921247.69892
-5.181144,2,921312.864276
-6.738986,3,921410.032707
-5.716052,3,921500.906257
-5.1784,2,921578.805121
-5.179497,2,921645.324402
-5.179497,2,921712.705659
-5.51694,2,921779.989164
-5.18084,2,921840.914046
-5.681163,3,921936.638144
-5.046099,2,922009.92111
-5.462776,2,922076.897116
-5.824593,2,922152.760865
-5.179497,2,922214.407733
-5.203221,2,922277.706204
-5.18289,2,922342.37442
-5.555281,2,922412.017403
-4.902462,2,922473.127329
-4.675103,2,922542.798148
-5.181144,2,922597.61054
-5.18077,2,922658.381201
-5.180363,2,922726.176728
-5.269862,2,922800.943378
-4.945989,2,922859.808499
-5.396183,2,922934.223379
-4.974701,2,922994.567632
-5.976418,3,923083.278482
-5.17292,2,923161.912795
-5.028738,2,923229.109082
-5.181144,2,923295.245399
-5.227563,2,923360.369601
-5.099871,2,923429.61705
-4.772809,2,923506.469567
-5.47672,2,923562.989183
-5.295487,2,923633.337518
-5.212186,2,923698.134638
-5.183008,2,923762.422556
-5.933532,3,923860.722751
-5.169364,2,923924.897132
-5.189406,2,923992.986172
-6.986348,3,924072.766287
-5.17015,2,924156.101208
-5.183008,2,924221.79517
-5.179608,2,924291.435327
-5.186614,2,924358.383973
-5.183008,2,924420.946442
-5.183008,2,924489.580978
-5.183008,2,924554.403732
-5.434544,2,924619.16425
-4.885997,2,924689.197945
-5.181262,2,924751.342317
-5.183008,2,924824.099477
-5.179608,2,924892.650993
-5.495647,2,924961.373621
-5.179542,2,925026.627832
-5.183008,2,925089.047178
-5.375962,2,925154.660312
-5.553346,2,925221.629407
-5.183008,2,925284.989588
-5.232995,2,925357.693359
-5.290348,2,925416.826853
-5.13194,2,925484.317976
-5.327765,2,925549.443624
-4.917793,2,925619.510007
-5.646583,3,925710.316918
-5.171567,2,925782.885995
-5.179608,2,925850.099549
-5.181306,2,925910.745606
-5.073638,2,925981.363598
-5.886821,2,926043.271934
-5.178096,2,926112.834163
-5.287594,2,926177.164159
-4.734477,2,926250.716233
-5.18867,2,926313.798797
-5.180478,2,926377.926788
-5.151414,2,926453.763068
-5.074225,2,926513.246836
-5.110922,2,926580.016127
-5.568138,2,926651.24854
-5.181262,2,926710.204021
-5.253797,2,926783.018169
-5.179608,2,926844.564789
-4.74345,2,926912.201377
-5.181262,2,926974.748393
-5.19178,2,927049.165552
-5.183008,2,927109.472801
-5.179608,2,927171.617246
-4.988731,2,927235.231324
-5.177985,2,927299.781675
-5.179608,2,927364.945661
-5.179208,2,927428.372291
-4.90749,2,927494.490065
-4.848633,2,927558.11398
-5.269913,2,927620.286695
-5.303487,2,927688.888972
-5.179608,2,927758.437065
-5.217337,2,927823.762258
-5.181306,2,927889.250959
-5.183008,2,927952.554343
-5.183008,2,928018.114765
-5.4638,2,928090.281773
-5.307511,2,928160.189906
-5.179608,2,928226.380566
-5.189015,2,928290.006572
-5.944958,2,928366.046562
-5.240001,2,928420.541079
-4.967299,2,928489.123883
-5.480221,2,928555.326073
-5.199219,2,928619.66388
-5.033575,2,928686.842386
-5.242691,2,928760.429941
-5.179608,2,928825.977943
-6.37269,3,928917.557508
-5.154459,2,928989.528662
-5.183008,2,929053.447042
-4.955671,2,929116.667369
-5.181262,2,929191.902744
-4.686413,2,929262.565052
-5.177985,2,929328.087372
-5.212499,2,929388.436912
-5.188506,2,929456.795627
-5.226633,2,929527.905812
-5.183566,2,929590.081446
-4.822919,2,929652.939386
-5.817757,3,929749.471216
-5.378371,2,929824.005019
-5.320025,2,929889.614723
-5.082123,2,929951.800436
-5.177985,2,930022.323108
-5.270145,2,930090.813202
-5.183008,2,930150.60866
-5.347537,2,930218.098237
-5.223713,2,930298.374276
-5.179608,2,930361.269935
-5.179608,2,930429.792172
-4.788474,2,930496.264168
-5.826291,3,930592.727174
-5.232584,2,930664.470761
-5.231452,2,930725.409421
-4.946663,2,930800.893483
-5.229422,2,930861.729226
-5.05009,2,930934.644249
-5.177985,2,930998.224253
-4.902327,2,931065.659786
-5.437097,2,931132.801547
-5.179608,2,931201.148767
-5.804852,2,931277.349715
-5.200243,2,931339.677944
-5.266203,2,931403.644298
-5.252133,2,931473.624719
-5.183008,2,931539.856873
-5.179608,2,931603.042645
-5.183008,2,931666.536328
-5.011036,2,931729.967984
-5.177847,2,931792.796754
-5.376194,2,931858.062238
-5.211905,2,931924.863894
-5.179608,2,931985.345619
-5.183008,2,932047.392071
-4.77053,2,932113.84678
-5.185353,2,932180.017846
-4.699757,2,932244.617481
-5.213966,2,932307.839557
-5.217409,2,932371.381344
-5.183008,2,932434.922641
-5.485858,2,932499.822076
-5.181262,2,932561.533877
-5.183008,2,932628.034484
-5.179542,2,932696.814718
-5.132629,2,932760.892864
-5.177985,2,932825.597358
-5.179608,2,932887.068721
-5.183008,2,932949.931726
-5.179608,2,933016.862267
-5.183008,2,933077.32008
-5.180505,2,933134.626982
-5.778746,3,933238.801944
-5.220189,2,933300.962599
-5.179608,2,933364.161517
-5.182922,2,933430.354049
-5.223713,2,933499.677098
-4.704858,2,933563.232898
-5.9638,3,933659.473407
-5.168386,2,933723.812925
-5.235206,2,933789.77636
-5.183008,2,933855.800793
-4.723436,2,933922.004736
-5.060183,2,933986.239922
-5.520909,3,934078.840165
-5.167783,2,934146.851074
-5.226633,2,934213.798898
-4.983804,2,934274.194649
-5.177896,2,934340.724434
-5.181262,2,934400.787242
-5.119548,2,934469.88921
-5.4849,2,934530.433468
-4.910341,2,934593.82709
-5.751732,2,934666.808616
-5.124989,2,934722.431699
-5.181262,2,934783.621402
-5.183008,2,934843.766584
-5.183008,2,934910.559448
-5.457877,2,934972.032432
-5.495332,2,935036.678169
-4.794837,2,935096.119373
-5.187164,2,935158.441274
-5.179608,2,935219.901324
-5.242242,2,935280.970035
-5.183008,2,935343.923882
-5.133944,2,935407.291606
-5.162579,2,935472.651876
-5.227003,2,935536.288182
-5.183407,2,935598.28786
-5.292587,2,935663.062148
-5.301084,2,935724.448902
-4.737429,2,935790.849097
-5.175371,2,935857.5741
-5.182922,2,935922.915198
-5.728895,2,935989.289483
-5.213573,2,936059.333306
-5.287221,2,936125.509674
-5.183008,2,936184.682885
-4.779259,2,936249.839027
-5.80642,2,936325.230235
-5.183008,2,936381.719736
-4.742884,2,936445.455137
-4.903818,2,936503.185125
-5.459506,2,936570.84038
-5.042483,2,936636.911129
-5.183741,2,936704.842527
-5.718487,2,936766.082606
-5.183008,2,936831.447561
-5.407901,2,936903.43866
-5.492617,2,936962.39661
-5.180956,2,937030.228342
-5.634362,2,937095.996614
-5.183008,2,937159.815202
-6.329329,3,937270.837225
-4.785401,2,937327.043622
-5.177985,2,937390.962518
-5.179608,2,937455.595469
-5.222434,2,937519.68923
-4.774296,2,937584.15582
-5.222618,2,937643.886254
-5.303618,2,937703.660378
-5.532187,2,937770.805966
-5.204948,2,937830.664797
-5.229793,2,937896.793533
-5.315115,2,937963.092914
-5.179608,2,938019.551909
-4.740741,2,938083.7321
-4.710993,2,938147.294033
-5.379189,2,938208.104025
-5.261488,2,938269.066311
-5.179608,2,938332.134456
-5.179608,2,938391.592519
-4.843938,2,938453.350554
-5.361502,2,938511.293366
-5.198992,2,938577.730484
-5.379769,2,938640.014381
-5.181262,2,938702.933372
-5.177985,2,938769.127784
-5.622652,2,938842.555276
-5.183008,2,938898.640739
-5.183008,2,938964.474712
-5.186401,2,939026.954529
-5.797037,2,939102.979243
-5.570533,2,939166.478514
-5.180944,2,939221.691257
-4.736303,2,939284.886496
-5.177985,2,939346.725823
-5.183008,2,939408.997439
-5.183008,2,939474.081804
-5.183008,2,939533.871493
-5.177985,2,939599.362292
-5.179608,2,939659.43068
-5.179608,2,939717.33928
-5.194157,2,939781.856757
-5.179608,2,939844.22746
-5.077464,2,939909.875111
-5.222764,2,939968.400923
-5.281127,2,940041.620992
-4.747817,2,940100.220574
-5.181262,2,940164.889818
-5.183008,2,940229.410572
-5.183566,2,940293.106027
-5.145335,2,940356.149837
-6.596404,3,940453.373668
-5.165568,2,940513.373296
-4.955862,2,940577.492084
-5.462905,2,940642.680874
-5.178096,2,940702.300003
-5.179608,2,940773.792487
-5.179608,2,940833.854835
-5.182331,2,940900.905495
-4.830534,2,940958.26768
-5.235681,2,941023.376205
-5.471577,2,941077.313322
-5.183008,2,941139.436475
-5.183008,2,941198.931726
-5.836709,3,941294.697275
-5.163447,2,941358.164174
-5.183008,2,941422.298987
-5.179806,2,941484.621271
-5.340363,2,941550.346034
-5.183008,2,941604.228359
-5.179608,2,941665.053749
-5.183008,2,941725.702006
-5.600933,2,941795.72266
-5.183008,2,941851.592953
-5.218661,2,941912.578634
-5.4638,2,941973.098191
-5.180956,2,942034.25462
-5.182331,2,942094.123171
-5.183008,2,942146.390904
-5.149258,2,942202.556182
-5.376176,2,942266.028584
-5.804852,2,942336.32598
-5.179608,2,942396.91477
-4.964206,2,942456.91181
-5.177883,2,942518.081596
-4.779027,2,942578.209608
-5.310107,2,942648.160403
-5.184065,2,942706.336772
-5.183008,2,942767.305179
-5.183008,2,942830.857467
-5.371412,2,942894.089698
-5.236826,2,942958.446748
-6.001833,3,943046.555799
-5.339449,2,943115.248013
-5.179608,2,943171.941733
-5.183008,2,943235.988469
-5.183008,2,943297.688964
-5.026685,2,943358.665947
-5.181262,2,943417.595679
-5.179608,2,943480.544031
-5.183008,2,943542.21551
-5.205557,2,943603.585434
-5.083235,2,943665.869349
-5.188192,2,943725.826038
-5.185007,2,943787.361822
-5.890615,3,943866.770297
-4.736184,2,943934.874372
-4.805575,2,943995.32507
-5.177985,2,944056.152066
-4.742616,2,944114.02984
-5.175371,2,944170.46907
-4.910459,2,944239.899745
-5.242691,2,944298.227458
-5.367299,2,944362.402686
-5.179608,2,944419.586656
-5.183008,2,944480.42048
-4.747931,2,944540.555446
-5.177985,2,944602.319577
-5.4638,2,944661.426625
-5.948735,3,944746.974476
-5.120334,2,944817.555117
-5.108029,2,944883.009593
-5.818516,3,944973.346901
-4.71325,2,945031.580662
-5.181144,2,945090.265624
-4.848984,2,945153.973604
-5.68603,2,945220.214033
-5.179497,2,945271.669438
-5.878718,3,945352.107467
-5.162814,2,945417.817307
-5.179497,2,945474.724741
-4.734982,2,945534.263257
-5.462776,2,945595.753494
-5.458077,2,945658.303654
-5.270174,2,945718.231954
-5.222892,2,945779.195456
-5.18289,2,945834.311293
-5.177875,2,945895.790808
-5.18289,2,945951.832118
-5.204215,2,946008.865065
-5.23132,2,946064.530069
-5.022683,2,946128.842452
-5.177875,2,946189.732259
-5.188268,2,946251.032038
-5.207717,2,946311.844755
-5.387264,3,946400.21893
-6.151894,3,946493.791393
-5.166259,2,946539.725644
-5.18289,2,946600.179978
-5.18289,2,946656.83193
-5.18289,2,946718.398796
-5.18289,2,946779.593466
-5.056219,2,946836.091244
-5.180797,2,946894.791203
-5.236294,2,946959.895323
-5.18077,2,947015.674151
-5.288301,2,947074.76942
-5.183583,2,947138.027885
-5.180829,2,947197.070555
-5.202202,2,947259.44671
-5.307583,2,947315.563948
-5.330065,2,947386.274836
-10.03974,6,947572.019891
-5.177829,2,947626.154924
-5.179497,2,947686.169641
-5.266588,2,947747.670723
-5.18289,2,947807.276507
-4.716706,2,947868.585832
-5.186138,2,947931.635988
-5.483581,2,947987.740387
-5.18289,2,948048.175088
-5.17997,2,948107.045961
-5.18289,2,948165.800848
-5.179497,2,948227.368045
-5.252574,2,948289.105918
-5.18289,2,948348.730948
-5.185073,2,948406.990127
-5.179497,2,948470.556848
-5.182227,2,948524.730363
-5.179497,2,948588.899281
-5.243245,2,948652.894902
-5.179497,2,948709.277342
-4.937525,2,948774.203896
-5.080442,2,948827.737777
-5.181144,2,948889.899924
-4.767572,2,948948.986634
-5.181144,2,949007.008585
-5.18289,2,949071.001024
-5.871033,2,949133.852164
-5.321206,2,949189.502865
-4.72003,2,949255.925796
-5.177875,2,949310.540596
-5.179497,2,949367.434538
-5.179497,2,949427.012188
-5.18289,2,949485.060853
-4.863659,2,949545.998157
-4.742106,2,949603.130247
-5.462776,2,949663.474835
-5.335446,3,949754.437435
-5.176832,2,949811.593403
-5.179497,2,949867.355479
-5.179497,2,949925.637768
-5.18289,2,949985.839728
-5.179497,2,950046.860407
-6.846196,3,950137.605243
-5.160451,2,950201.826056
-5.214782,2,950261.214127
-5.179497,2,950323.948253
-5.18289,2,950386.106884
-5.39566,2,950448.554246
-5.18289,2,950506.570924
-5.177875,2,950565.072987
-5.179497,2,950625.957858
-5.179497,2,950682.412826
-5.179497,2,950739.468469
-5.188548,2,950796.136791
-5.750369,2,950846.625221
-5.18289,2,950901.185295
-5.280166,2,950958.548335
-5.179497,2,951019.447237
-5.91827,3,951110.159043
-5.163527,2,951168.70614
-5.18289,2,951227.733579
-4.891045,2,951287.360124
-5.178621,2,951346.71736
-5.967691,3,951433.212897
-5.39198,2,951492.703942
-5.042137,2,951550.539752
-5.406113,2,951611.378011
-5.181144,2,951674.317083
-5.213989,2,951736.81217
-5.195375,2,951792.363925
-5.18289,2,951852.52177
-5.525891,2,951917.141094
-5.18084,2,951972.99208
-5.179497,2,952033.529188
-5.266398,2,952093.148099
-6.105052,2,952150.522075
-5.18289,2,952212.635797
-5.18289,2,952271.502928
-5.18289,2,952331.471232
-5.179497,2,952390.422478
-5.18289,2,952449.583496
-5.195261,2,952509.336378
-5.179497,2,952570.728862
-5.18289,2,952629.486419
-5.18289,2,952688.405296
-5.18289,2,952745.442846
-5.217228,2,952802.098811
-5.179497,2,952861.68593
-5.18289,2,952921.814924
-4.786302,2,952980.097013
-5.177875,2,953040.093789
-5.181144,2,953100.322583
-5.18289,2,953162.61902
-5.911035,3,953247.879685
-5.168529,2,953310.665256
-5.9365,3,953384.19344
-5.956431,3,953479.186492
-5.333339,2,953539.520212
-5.177875,2,953604.705865
-5.447961,2,953666.909509
-5.179497,2,953723.034895
-4.866258,2,953782.763462
-4.783455,2,953844.189648
-5.181414,2,953906.525051
-5.18289,2,953970.200501
-5.179265,2,954030.730447
-5.18289,2,954089.193683
-5.179497,2,954144.431681
-4.75186,2,954196.135829
-5.177875,2,954258.349479
-5.179497,2,954315.875605
-5.179431,2,954375.784584
-5.179497,2,954433.932109
-5.915525,3,954517.639262
-5.181008,2,954581.322956
-5.923302,2,954639.380848
-5.178275,2,954700.458271
-5.18289,2,954761.826392
-5.18289,2,954823.689145
-5.179497,2,954886.017141
-5.180082,2,954946.698649
-5.140045,2,955007.880526
-5.204216,2,955068.34749
-5.177737,2,955124.019041
-5.273951,2,955183.226084
-5.18289,2,955238.91761
-5.045919,2,955300.542065
-5.181144,2,955359.685231
-5.07727,2,955419.716894
-5.177875,2,955484.502798
-5.407669,2,955546.975848
-5.190069,2,955607.073392
-5.209714,2,955670.396078
-5.18289,2,955726.070896
-5.18289,2,955788.139337
-5.179497,2,955844.870987
-5.804856,2,955914.725389
-5.750507,2,955975.199353
-5.075713,2,956025.741453
-4.887523,2,956086.901101
-4.963078,2,956144.937932
-5.249706,2,956203.883129
-4.746289,2,956260.039932
-7.790173,3,956338.476167
-4.751767,2,956408.358865
-5.484783,2,956465.063045
-4.736867,2,956523.113033
-5.179954,2,956583.107153
-5.179497,2,956648.108781
-5.303144,2,956705.566111
-5.18289,2,956764.331162
-5.179497,2,956829.072809
-5.18289,2,956890.513391
-5.431596,3,956967.952099
-4.917051,2,957036.955381
-5.177875,2,957096.645767
-5.179497,2,957155.82494
-5.179497,2,957211.339763
-5.477605,2,957278.762692
-5.18289,2,957331.48013
-4.757813,2,957391.092275
-5.176858,2,957453.895632
-5.179497,2,957512.723872
-5.111592,2,957571.696427
-5.177875,2,957633.050356
-5.18289,2,957690.167462
-5.446207,2,957749.039137
-6.836333,3,957825.474392
-5.16345,2,957896.61032
-5.179497,2,957955.326562
-4.745619,2,958010.179259
-5.181144,2,958071.166511
-5.179497,2,958130.190924
-5.744935,2,958188.231275
-5.262431,2,958251.127498
-4.892276,2,958310.448469
-6.381913,2,958369.406613
-5.541331,2,958432.345505
-4.91134,2,958479.027473
-5.826935,3,958560.560147
-5.165939,2,958624.003708
-4.745787,2,958682.216352
-5.221701,2,958740.988975
-4.743092,2,958798.435868
-5.230467,2,958858.75508
-5.18289,2,958919.978513
-5.216852,2,958977.023263
-5.244371,2,959037.940526
-5.177875,2,959099.966949
-5.18289,2,959156.104352
-5.191685,2,959218.838823
-4.700909,2,959274.368798
-5.177875,2,959336.12098
-5.106422,2,959396.635029
-5.177875,2,959454.831696
-5.179497,2,959516.736587
-5.179497,2,959575.490859
-4.710026,2,959632.941253
-4.934323,2,959691.518606
-5.175852,2,959749.218322
-5.191685,2,959812.105719
-5.179497,2,959867.907171
-5.179497,2,959925.220575
-5.189309,2,959987.356923
-5.179497,2,960044.532082
-5.356297,2,960111.407132
-5.096152,2,960168.402344
-5.177875,2,960231.602551
-5.222303,2,960291.715021
-5.339472,2,960354.771799
-5.095856,2,960414.026767
-5.185254,2,960470.074387
-4.997322,2,960525.671094
-5.218152,2,960585.393006
-5.181144,2,960644.917569
-4.880427,2,960703.767234
-5.205678,2,960760.550661
-5.18289,2,960822.185567
-5.179497,2,960888.250056
-4.846612,2,960951.707754
-5.177875,2,961017.982378
-5.179826,2,961080.075994
-5.18289,2,961141.731595
-5.179497,2,961201.820278
-5.347142,2,961260.105896
-5.181144,2,961317.36751
-5.197607,2,961376.69325
-5.177875,2,961432.180959
-5.179497,2,961491.291573
-5.181387,2,961547.52855
-5.179497,2,961605.926403
-5.694115,2,961669.575186
-5.179497,2,961734.021591
-5.177771,2,961798.648473
-5.179497,2,961859.859436
-5.179497,2,961924.988265
-5.089221,2,961987.817034
-5.177875,2,962051.781317
-5.18289,2,962113.270087
-5.18289,2,962172.935215
-5.835498,3,962257.283046
-5.381268,2,962323.431025
-5.18289,2,962379.346624
-5.181144,2,962435.681928
-5.18289,2,962496.453966
-5.426085,2,962558.15868
-5.182027,2,962612.186286
-5.18289,2,962670.888107
-5.182027,2,962730.507144
-5.155643,2,962787.845369
-5.806424,2,962854.197608
-5.18289,2,962902.401559
-5.18289,2,962963.677835
-5.17963,2,963025.735049
-5.187538,2,963089.177651
-5.295774,2,963148.431149
-5.18289,2,963214.755203
-5.179497,2,963280.325932
-5.179497,2,963342.065099
-5.179497,2,963401.479491
-5.179497,2,963464.786837
-5.179497,2,963526.655199
-5.179497,2,963587.506137
-5.18289,2,963648.543238
-5.179497,2,963707.816415
-5.179682,2,963764.695862
-5.181144,2,963817.987182
-5.221661,2,963871.030143
-5.18289,2,963926.823984
-4.7336,2,963989.603379
-5.181144,2,964046.476381
-5.180829,2,964108.098757
-5.179497,2,964168.709338
-5.18289,2,964225.540598
-5.303068,2,964289.474498
-4.7242,2,964349.479378
-5.313729,2,964409.958308
-5.632022,2,964470.03367
-5.457811,2,964538.693611
-5.18289,2,964592.5211
-5.18289,2,964650.277259
-5.179497,2,964714.414188
-5.237216,2,964774.195145
-4.817208,2,964831.191727
-5.150552,2,964893.140103
-5.716817,3,964992.817591
-5.181081,2,965045.471571
-5.18289,2,965106.04637
-5.179497,2,965167.326046
-5.700976,2,965235.673477
-5.282778,2,965295.87192
-5.179497,2,965351.647997
-5.179497,2,965413.7036
-5.179497,2,965475.60833
-5.186138,2,965536.204593
-5.013673,2,965596.95231
-5.494312,3,965688.341609
-5.178171,2,965747.954447
-5.451729,2,965807.820841
-5.145835,2,965864.743538
-4.671906,2,965932.321402
-5.177875,2,965989.995837
-5.182027,2,966049.278991
-4.716289,2,966113.283631
-5.177875,2,966168.461926
-5.18289,2,966228.92643
-5.276802,2,966288.956378
-5.179497,2,966346.993944
-5.399997,2,966405.483646
-5.179497,2,966464.297673
-5.239731,2,966526.429791
-5.26601,2,966584.400887
-5.179497,2,966640.455983
-5.179497,2,966701.405089
-5.179497,2,966760.083991
-5.067194,2,966819.801639
-5.201198,2,966882.267805
-5.18416,2,966942.049614
-5.18289,2,967007.022221
-4.783516,2,967067.376703
-5.207615,2,967124.405187
-5.179497,2,967183.857295
-5.18289,2,967236.483605
-5.18289,2,967292.921695
-5.18289,2,967353.354071
-5.18289,2,967414.74282
-5.059083,2,967474.728855
-4.812879,2,967535.127093
-5.181144,2,967593.082616
-5.18289,2,967655.814055
-5.185699,2,967717.112449
-5.18289,2,967778.282333
-5.18289,2,967839.865144
-5.177875,2,967904.325557
-5.179497,2,967966.384042
-5.18289,2,968025.371125
-5.216231,2,968087.333598
-5.179497,2,968145.413358
-5.196391,2,968200.559416
-4.83984,2,968247.710398
-5.181144,2,968307.988523
-5.014657,2,968370.074375
-6.732323,3,968470.035021
-5.143348,2,968527.370332
-5.177875,2,968586.731838
-8.140001,3,968685.81327
-4.861535,2,968739.754911
-5.177875,2,968801.033906
-5.564639,3,968888.287356
-5.273657,2,968959.652738
-5.177875,2,969016.016732
-5.179497,2,969074.457848
-4.741756,2,969135.297534
-5.181144,2,969194.622904
-5.178275,2,969254.156887
-5.555698,3,969343.785007
-5.794362,2,969417.912965
-5.367591,2,969478.344397
-5.179693,2,969533.145463
-4.744373,2,969595.275478
-5.329945,2,969664.403146
-5.18289,2,969721.784056
-5.179497,2,969782.234546
-5.296163,2,969847.059827
-5.18289,2,969903.429465
-5.179497,2,969963.2967
-5.18289,2,970024.205622
-5.179497,2,970083.335975
-5.179497,2,970146.905004
-5.179497,2,970205.523285
-5.181686,2,970269.874624
-5.182227,2,970325.174113
-5.445244,2,970386.485978
-4.725355,2,970442.943864
-4.721525,2,970504.827766
-5.05861,2,970565.443488
-5.180797,2,970626.336164
-5.179497,2,970690.330685
-5.023902,2,970753.449702
-4.7426,2,970815.985058
-5.181144,2,970874.37052
-4.757547,2,970942.650444
-5.177875,2,971001.041063
-5.21064,2,971060.127424
-4.734903,2,971123.531209
-5.181144,2,971179.826321
-5.414341,2,971243.436767
-5.685298,3,971324.439298
-5.178188,2,971393.976551
-5.945314,3,971476.369367
-5.168018,2,971543.920309
-5.179497,2,971598.199774
-5.18289,2,971655.157033
-5.18289,2,971713.057277
-6.257223,2,971776.379877
-4.87905,2,971838.379895
-4.902473,2,971897.124812
-5.006315,2,971959.548646
-5.181144,2,972016.920694
-5.179497,2,972077.647064
-5.239644,2,972139.073534
-5.176858,2,972195.466382
-5.18289,2,972256.054764
-5.296163,2,972325.548304
-5.254229,2,972381.391339
-4.821705,2,972438.405773
-5.293669,2,972498.221768
-5.239868,2,972551.366283
-4.738038,2,972608.100257
-5.129386,2,972668.116262
-5.181144,2,972727.039189
-5.177875,2,972787.496715
-5.448563,3,972877.160621
-5.332474,2,972944.015308
-5.179497,2,973008.863283
-5.181144,2,973069.497135
-5.179497,2,973130.151933
-5.194364,2,973187.084736
-5.432331,2,973253.430111
-5.179497,2,973310.979325
-5.179497,2,973376.474604
-5.186138,2,973436.192567
-5.18289,2,973492.722985
-5.427114,3,973575.394708
-5.419924,2,973648.239528
-5.179497,2,973703.877342
-5.684076,3,973791.500638
-5.115925,2,973859.040776
-5.181144,2,973921.537724
-5.987191,3,974015.572808
-5.16893,2,974071.828678
-4.764701,2,974132.859183
-5.225788,2,974198.892265
-4.992341,2,974254.379472
-5.175262,2,974315.525536
-5.362596,2,974376.800783
-5.180829,2,974437.390249
-5.051514,2,974498.170925
-5.177875,2,974559.991356
-5.485742,2,974618.611607
-5.18289,2,974676.851876
-5.747335,2,974745.166518
-5.097024,2,974801.674138
-4.774043,2,974862.187076
-4.773023,2,974922.61849
-5.177875,2,974984.695761
-5.191685,2,975047.797868
-5.18289,2,975103.71607
-5.218579,2,975168.208203
-5.335121,2,975228.891528
-5.18289,2,975285.046348
-5.179497,2,975346.095763
-5.207751,2,975404.56049
-5.196391,2,975467.196824
-4.743883,2,975528.991693
-6.113795,3,975609.889888
-5.160768,2,975678.189964
-5.898661,2,975738.337961
-5.179497,2,975801.993048
-5.18289,2,975858.056446
-5.179497,2,975924.719094
-5.18289,2,975977.874181
-5.156072,2,976034.166836
-5.465611,3,976121.937865
-5.178209,2,976184.467304
-5.18289,2,976245.090478
-5.18289,2,976306.953655
-5.330007,2,976375.4998
-5.48164,2,976432.545303
-4.732058,2,976492.437638
-5.181144,2,976553.753489
-5.179497,2,976618.677722
-4.7075,2,976677.352333
-5.181144,2,976740.232062
-5.179497,2,976796.551837
-4.905816,2,976854.551568
-5.181144,2,976911.039236
-5.18289,2,976965.885307
-4.73403,2,977025.006466
-5.177875,2,977083.380108
-5.179497,2,977145.967285
-5.177875,2,977208.791116
-5.179497,2,977272.864662
-5.179497,2,977333.759685
-5.179497,2,977395.226354
-6.525071,3,977475.417761
-5.161074,2,977547.331909
-5.181144,2,977606.147465
-4.678064,2,977672.176549
-5.177875,2,977725.602432
-5.179497,2,977787.050292
-8.400542,6,977974.450554
-5.178133,2,978032.433968
-5.18289,2,978091.749473
-5.181144,2,978150.85426
-5.179497,2,978211.783287
-5.18289,2,978272.63752
-4.775583,2,978332.958023
-5.462776,2,978392.208416
-5.177986,2,978453.212197
-5.272063,2,978513.669107
-4.743748,2,978570.987377
-5.181144,2,978634.312368
-5.18289,2,978693.510318
-5.179497,2,978754.1139
-5.179497,2,978816.924814
-5.177661,2,978877.994936
-5.181387,2,978935.300087
-4.682487,2,979007.46965
-5.177875,2,979068.130305
-5.18289,2,979132.701175
-5.194834,2,979196.480199
-5.195261,2,979254.147574
-5.299987,2,979320.157711
-5.18289,2,979378.741669
-4.963392,2,979442.788594
-5.018241,2,979506.773874
-4.759748,2,979565.606306
-5.618842,2,979625.693651
-5.157458,2,979684.33375
-5.201227,2,979744.093467
-5.18289,2,979803.073498
-4.741616,2,979864.39678
-5.178621,2,979926.172631
-5.179497,2,979985.904396
-5.511641,3,980075.947352
-5.166284,2,980135.809692
-5.247279,2,980193.837685
-5.177875,2,980252.437334
-4.674659,2,980317.128111
-5.177875,2,980367.54953
-5.177875,2,980421.844965
-4.846184,2,980483.031333
-5.965482,2,980542.506047
-5.181144,2,980602.23
-4.778378,2,980665.05512
-5.346804,3,980745.843624
-5.179212,2,980817.552499
-5.18289,2,980875.92614
-5.050486,2,980937.86938
-5.177875,2,981000.722607
-5.179497,2,981062.855727
-5.187538,2,981120.42181
-5.44732,2,981182.663393
-5.18289,2,981241.362975
-5.268604,2,981297.846142
-5.805765,3,981374.67434
-5.025062,2,981441.675447
-5.177875,2,981505.556119
-5.18289,2,981564.263756
-5.179497,2,981623.976609
-5.282778,2,981688.950518
-4.710806,2,981747.690045
-4.805714,2,981808.228077
-5.185254,2,981871.0708
-5.38754,2,981934.509696
-5.267078,2,981990.279779
-5.179497,2,982049.360337
-5.18289,2,982108.513974
-5.18289,2,982167.916688
-5.098657,2,982227.438049
-5.177875,2,982291.718743
-5.420977,2,982351.742261
-5.18289,2,982409.875809
-5.179497,2,982471.105819
-5.18289,2,982527.307225
-5.179497,2,982588.261471
-5.18289,2,982650.193503
-5.180082,2,982712.379694
-5.18289,2,982767.342416
-5.14615,2,982828.191326
-5.177875,2,982889.701769
-5.376124,2,982948.912774
-5.18289,2,983009.910468
-5.18289,2,983073.575198
-5.18289,2,983132.488731
-5.179497,2,983196.283415
-5.177875,2,983258.107635
-5.179497,2,983317.058975
-5.179497,2,983376.991557
-4.71182,2,983439.192521
-4.949592,2,983501.034267
-5.177875,2,983565.818498
-4.99993,2,983626.92837
-5.177875,2,983686.635331
-4.978787,2,983754.010473
-5.244694,2,983813.017315
-5.204868,2,983870.750726
-5.2005,2,983931.431757
-5.18289,2,983992.469912
-5.116995,2,984054.77325
-4.928197,2,984117.400696
-5.181144,2,984176.154869
-5.179497,2,984236.949613
-5.184906,2,984299.972885
-5.18289,2,984359.931801
-4.896119,2,984417.722028
-5.197583,2,984482.543575
-5.18289,2,984544.294603
-5.798537,3,984635.969733
-5.166138,2,984689.827801
-5.18289,2,984746.78521
-4.970081,2,984806.142916
-5.177875,2,984860.034473
-5.179497,2,984922.512288
-5.224509,2,984981.2179
-5.18289,2,985043.81555
-5.157645,2,985114.028557
-5.181144,2,985172.03844
-5.179497,2,985236.145292
-5.18289,2,985297.45635
-5.203982,2,985361.256544
-5.024774,2,985419.508574
-5.24262,2,985483.864525
-4.755766,2,985540.803762
-5.283904,3,985622.108741
-5.189685,2,985680.979213
-5.179497,2,985734.663579
-5.18289,2,985790.081397
-5.179497,2,985851.522839
-5.423074,2,985924.706827
-4.74207,2,985981.067828
-4.923012,2,986040.85004
-5.224411,2,986099.723535
-5.466848,3,986188.11048
-5.178163,2,986253.137189
-5.179497,2,986312.356887
-6.37412,4,986424.398734
-5.032484,2,986489.098914
-5.181144,2,986548.745569
-4.742567,2,986610.084261
-5.177875,2,986669.150463
-4.784153,2,986730.790764
-5.195261,2,986786.814286
-5.177875,2,986847.913544
-5.045582,2,986907.349616
-5.177875,2,986967.520183
-5.179497,2,987029.683646
-4.741438,2,987085.040179
-5.177875,2,987150.390417
-5.181144,2,987213.474612
-5.484,3,987300.522305
-5.178212,2,987365.683964
-4.947867,2,987426.158675
-5.181144,2,987482.235605
-5.182811,2,987545.926984
-5.179497,2,987609.922648
-5.301087,2,987672.448713
-5.182734,2,987723.94356
-5.179497,2,987786.684291
-5.046403,2,987853.766284
-5.177875,2,987909.572726
-5.181144,2,987967.536089
-5.035668,2,988028.948314
-5.235857,2,988088.241338
-5.185699,2,988149.853838
-5.788645,3,988243.855647
-5.203266,2,988303.383473
-5.18289,2,988363.869801
-5.179497,2,988429.121504
-5.18289,2,988486.125211
-5.18289,2,988548.596457
-4.881561,2,988605.599994
-5.191761,2,988667.77016
-5.239651,2,988728.420015
-5.354944,2,988786.862267
-5.179497,2,988846.517646
-5.014077,2,988907.974415
-5.177875,2,988969.136977
-5.192893,2,989027.934713
-5.177875,2,989090.038256
-5.18289,2,989148.127514
-5.179497,2,989204.71217
-5.179497,2,989260.890939
-4.916812,2,989324.103975
-5.253729,2,989385.835537
-5.205821,2,989445.523041
-4.94478,2,989504.026276
-5.038961,2,989565.055954
-5.181144,2,989625.112651
-5.179497,2,989686.647695
-5.179497,2,989745.766558
-5.274237,2,989809.123211
-5.347152,2,989864.839425
-4.710395,2,989922.305733
-5.181144,2,989979.87692
-4.939868,2,990036.149185
-5.181144,2,990092.068111
-5.17952,2,990145.288661
-5.541554,3,990217.089516
-5.173589,2,990274.691128
-4.737447,2,990328.312787
-5.177875,2,990388.818926
-5.804882,3,990470.369576
-5.220913,2,990542.182547
-5.179497,2,990603.414996
-5.18289,2,990659.54914
-5.18289,2,990720.138751
-4.741622,2,990780.603963
-5.181144,2,990842.160592
-5.191685,2,990908.813046
-5.178621,2,990964.750991
-4.941695,2,991026.710183
-5.177875,2,991092.346217
-5.679715,3,991177.97738
-5.280323,2,991244.310463
-4.781241,2,991299.203716
-5.178621,2,991359.581487
-5.179497,2,991418.710626
-5.600044,2,991485.873545
-5.192893,2,991540.800889
-5.183947,2,991599.736285
-4.747676,2,991661.399435
-5.177875,2,991721.548768
-5.181144,2,991781.791234
-5.179497,2,991841.497297
-4.753977,2,991903.070361
-4.748177,2,991967.949842
-5.181144,2,992030.337464
-5.18289,2,992090.225716
-4.842804,2,992147.383907
-5.850117,3,992229.677233
-5.162805,2,992293.449821
-6.019474,3,992383.666754
-5.165966,2,992446.185765
-5.180082,2,992505.628263
-5.218579,2,992568.753377
-5.113564,2,992624.850583
-5.27992,2,992685.654963
-4.749173,2,992744.650193
-5.177875,2,992806.980453
-5.179497,2,992873.985388
-4.917541,2,992935.153928
-4.740601,2,992990.802356
-5.177875,2,993052.493634
-5.104779,2,993112.897797
-4.972723,2,993175.472009
-5.177875,2,993236.957995
-5.18289,2,993296.391637
-5.182227,2,993358.443823
-5.037173,2,993415.051296
-5.179265,2,993476.728762
-5.18289,2,993531.473169
-4.867463,2,993586.267633
-4.991505,2,993639.513086
-4.750679,2,993690.613631
-5.177875,2,993742.871725
-5.106503,2,993795.080309
-5.177875,2,993848.142332
-5.177875,2,993900.263792
-5.179497,2,993952.424562
-5.361764,2,994013.576141
-5.179497,2,994071.660301
-5.196391,2,994136.623301
-5.20543,2,994193.433294
-5.182819,2,994254.524945
-5.18289,2,994313.268235
-5.243245,2,994378.78434
-5.179497,2,994435.625163
-5.177875,2,994495.313232
-5.047282,2,994556.653146
-4.777078,2,994616.295595
-5.860413,3,994704.256904
-4.741161,2,994766.754918
-5.177875,2,994829.429908
-5.18289,2,994890.278177
-5.18289,2,994946.711828
-4.795229,2,995007.941831
-5.199477,2,995066.619371
-5.209714,2,995119.413331
-5.18077,2,995178.655864
-5.18289,2,995236.486463
-5.179497,2,995296.884202
-5.18289,2,995359.567884
-5.107255,2,995417.983074
-5.177875,2,995479.925689
-5.18289,2,995540.886939
-5.18289,2,995599.895577
-5.22104,2,995661.657218
-5.18289,2,995719.631046
-5.184906,2,995780.702221
-4.720496,2,995839.942826
-5.177875,2,995901.160383
-5.179497,2,995960.005404
-5.184906,2,996022.516193
-5.040065,2,996084.511415
-5.177875,2,996144.326318
-5.18289,2,996200.50406
-5.24982,2,996260.93414
-4.748822,2,996320.289798
-5.177875,2,996380.577612
-5.035898,2,996441.671664
-4.92081,2,996504.309447
-5.78269,3,996582.438924
-5.029146,2,996653.797673
-5.181144,2,996716.728968
-4.73961,2,996777.983304
-5.177875,2,996838.172873
-5.46367,2,996900.995787
-5.180797,2,996964.018101
-4.767457,2,997028.291993
-5.177875,2,997089.570827
-5.18289,2,997149.56524
-5.177875,2,997209.401072
-5.128998,2,997266.708085
-5.181144,2,997327.378346
-5.179436,2,997387.142236
-6.36229,3,997462.967233
-5.197203,2,997536.411168
-5.18289,2,997597.155675
-5.573769,3,997691.98766
-5.16462,2,997752.852013
-5.199619,2,997811.851735
-4.866098,2,997874.156661
-4.886932,2,997932.049702
-5.23221,2,997996.417659
-5.18289,2,998057.486291
-5.179497,2,998115.228683
-5.239731,2,998180.2218
-5.354809,3,998257.408434
-5.130668,2,998328.915112
-5.181144,2,998387.405086
-5.340448,2,998451.595769
-4.990051,2,998506.371667
-4.79111,2,998566.700095
-5.21779,2,998625.726322
-5.179497,2,998681.523385
-5.624559,3,998762.915713
-4.728844,2,998824.486413
-5.177875,2,998882.827759
-5.228269,2,998938.138279
-4.787123,2,998991.557994
-5.177875,2,999050.865075
-5.177875,2,999107.965577
-5.179497,2,999166.704494
-5.18289,2,999224.928109
-5.179497,2,999283.94677
-4.866494,2,999342.47121
-5.177875,2,999401.360568
-4.903571,2,999460.358882
-5.181144,2,999517.449977
-5.14189,2,999577.155438
-5.181144,2,999634.993455
-5.179497,2,999690.203823
-6.031963,3,999779.603437
-5.375285,2,999828.159695
-5.176858,2,999885.174351
-5.335933,2,999941.338239
-5.48011,2,1000002.493521
-5.218047,2,1000056.542374
-4.77536,2,1000115.760731
-5.180252,2,1000175.047855
-5.18289,2,1000232.887595
-5.980427,3,1000310.983696
-5.169894,2,1000378.596299
-5.179497,2,1000438.020935
-5.504374,3,1000521.302101
-5.166489,2,1000583.357456
-5.179497,2,1000641.133796
-5.179497,2,1000698.204696
-5.18289,2,1000757.981818
-5.18289,2,1000817.657426
-5.290759,2,1000878.301566
-5.179497,2,1000933.238921
-5.19524,2,1000991.096388
-5.18289,2,1001049.102064
-6.117973,2,1001103.853121
-4.890469,2,1001162.440207
-5.181144,2,1001222.074955
-5.181144,2,1001278.181703
-5.177875,2,1001337.359013
-5.18289,2,1001395.789805
-5.423824,2,1001455.248694
-5.18289,2,1001512.33445
-5.177875,2,1001573.084765
-5.027746,2,1001632.438756
-5.181144,2,1001688.646881
-5.177875,2,1001750.83765
-4.910258,2,1001807.605573
-5.592728,2,1001875.131602
-5.122111,2,1001927.211039
-5.177875,2,1001985.025128
-4.795767,2,1002043.444837
-5.177875,2,1002101.216177
-5.179497,2,1002157.522505
-5.384244,2,1002220.747905
-5.179497,2,1002273.811842
-4.997485,2,1002336.05451
-4.900745,2,1002389.814875
-5.851076,3,1002482.37741
-5.03766,2,1002535.362211
-4.715732,2,1002596.382073
-5.181144,2,1002656.981596
-5.182973,2,1002714.919467
-5.179093,2,1002773.481408
-5.17997,2,1002833.151749
-5.426085,2,1002901.325779
-5.18289,2,1002955.399056
-5.18289,2,1003013.238082
-4.70628,2,1003071.334922
-5.177875,2,1003132.761728
-5.213989,2,1003193.417514
-4.743866,2,1003250.229868
-5.202417,2,1003313.913373
-5.18289,2,1003370.134036
-5.136989,2,1003431.228522
-5.177875,2,1003485.855935
-5.177875,2,1003543.600563
-5.181144,2,1003600.941221
-5.179826,2,1003656.08035
-5.313278,2,1003707.528494
-5.181144,2,1003766.77874
-5.623371,3,1003853.826379
-4.733108,2,1003915.675984
-5.177875,2,1003973.606489
-5.18077,2,1004035.076976
-5.044022,2,1004092.314061
-5.177875,2,1004151.758274
-5.088746,2,1004212.277155
-4.737649,2,1004271.897918
-4.855254,2,1004328.243519
-5.181144,2,1004385.504914
-5.177784,2,1004451.17615
-5.212685,2,1004499.223526
-5.801467,3,1004583.521834
-5.180993,2,1004640.592009
-5.179497,2,1004699.815993
-4.783086,2,1004758.729105
-5.181144,2,1004814.689126
-4.737179,2,1004874.433805
-5.181144,2,1004931.180995
-5.268121,2,1004991.04583
-5.18289,2,1005046.773002
-5.179826,2,1005105.739666
-4.817716,2,1005162.664164
-5.181144,2,1005222.127137
-5.181144,2,1005280.445963
-5.609499,2,1005338.691378
-5.18289,2,1005397.510596
-5.177875,2,1005458.552855
-5.179497,2,1005516.261597
-5.18289,2,1005573.070276
-5.17963,2,1005633.208265
-5.141778,2,1005688.654651
-5.182624,2,1005747.830738
-5.177875,2,1005808.809765
-5.177875,2,1005867.404225
-5.226556,2,1005924.358903
-5.179497,2,1005980.583205
-4.774741,2,1006037.560471
-5.181144,2,1006096.72474
-4.748737,2,1006157.162196
-5.177875,2,1006215.867661
-4.735986,2,1006272.978915
-5.177875,2,1006329.818912
-5.18289,2,1006389.475851
-5.177875,2,1006447.910649
-5.229289,2,1006503.161182
-5.796666,3,1006585.914694
-4.825681,2,1006656.706145
-5.181144,2,1006711.533315
-5.179497,2,1006771.026736
-5.177875,2,1006832.302545
-4.770223,2,1006890.056807
-5.177875,2,1006949.975722
-5.18289,2,1007004.048486
-5.18931,2,1007064.898691
-5.092252,2,1007121.961501
-5.462776,2,1007180.681416
-4.995685,2,1007240.485266
-5.177875,2,1007301.90894
-5.179497,2,1007359.021883
-5.179497,2,1007415.802722
-4.937122,2,1007476.432149
-5.181144,2,1007535.019567
-5.179497,2,1007589.859566
-6.188084,3,1007683.506516
-4.776808,2,1007735.849175
-5.112938,2,1007796.357994
-5.177875,2,1007857.958903
-5.179497,2,1007918.75709
-5.179497,2,1007979.450614
-5.631211,2,1008048.53032
-4.895904,2,1008099.748015
-5.181144,2,1008155.601649
-4.956747,2,1008217.016386
-5.142385,2,1008269.675983
-5.177875,2,1008323.149308
-5.481083,2,1008378.802772
-5.090898,2,1008440.996135
-5.177875,2,1008499.324134
-5.179497,2,1008558.475051
-5.829303,3,1008645.877588
-5.179096,2,1008703.678405
-5.191685,2,1008765.968998
-5.182819,2,1008823.043525
-4.748836,2,1008874.51871
-5.177875,2,1008932.739388
-4.761565,2,1008992.07911
-5.181144,2,1009049.442875
-5.18289,2,1009109.309101
-5.675659,3,1009196.5304
-5.169429,2,1009254.913285
-4.791685,2,1009312.299526
-5.177875,2,1009369.872412
-4.909453,2,1009428.798765
-5.181144,2,1009486.753761
-5.181144,2,1009546.19491
-5.282778,2,1009608.677861
-5.629707,3,1009691.972132
-5.714778,3,1009784.479763
-4.736016,2,1009839.622008
-4.847911,2,1009896.304021
-5.177875,2,1009957.040662
-4.91301,2,1010015.616959
-5.177875,2,1010073.046112
-5.179497,2,1010131.049529
-4.98531,2,1010192.119163
-5.177875,2,1010246.113791
-5.285122,2,1010306.162659
-5.18289,2,1010364.826915
-4.78902,2,1010424.236221
-5.180232,2,1010482.345587
-5.262186,2,1010541.014249
-5.183464,2,1010602.152486
-4.790864,2,1010658.509039
-5.182811,2,1010720.108823
-5.179497,2,1010776.789562
-6.369471,3,1010866.67131
-4.76986,2,1010922.596608
-5.397756,3,1011003.121451
-5.16533,2,1011068.852883
-5.179497,2,1011130.737509
-5.179497,2,1011191.794076
-5.18289,2,1011247.089019
-5.903131,3,1011337.909652
-5.166275,2,1011390.469301
-5.179497,2,1011448.330254
-4.742738,2,1011507.230466
-6.012092,3,1011594.533026
-5.16627,2,1011657.324618
-5.399443,3,1011739.433071
-4.816493,2,1011798.186992
-5.199111,2,1011859.557585
-4.800888,2,1011916.320739
-4.865374,2,1011973.229679
-5.824928,2,1012032.5435
-4.738039,2,1012089.287323
-5.181144,2,1012146.924812
-5.181144,2,1012204.864216
-5.18289,2,1012264.357248
-5.470966,2,1012330.643041
-5.179497,2,1012384.760616
-5.18289,2,1012440.829355
-6.963547,3,1012518.148947
-5.162418,2,1012583.794131
-4.73495,2,1012637.587733
-5.177875,2,1012689.964544
-5.391802,3,1012770.586081
-4.825046,2,1012838.410413
-5.445375,2,1012899.296641
-5.18289,2,1012951.250583
-5.413878,2,1013014.798621
-5.179497,2,1013067.214713
-5.18289,2,1013124.630451
-4.929661,2,1013181.506234
-4.805261,2,1013234.197731
-5.073894,2,1013285.505054
-5.177875,2,1013345.93716
-5.262015,2,1013407.827371
-5.358732,3,1013485.786299
-4.756168,2,1013553.85479
-6.872642,3,1013637.953398
-5.170051,2,1013696.084668
-5.497935,2,1013764.934355
-5.1989,2,1013820.115851
-5.18289,2,1013876.121482
-5.179497,2,1013937.006655
-5.179497,2,1013995.387185
-5.18289,2,1014057.213588
-4.833931,2,1014115.378111
-4.741782,2,1014176.077361
-5.177875,2,1014231.793287
-5.18289,2,1014289.513491
-5.18289,2,1014350.230155
-5.179497,2,1014406.129987
-5.040441,2,1014466.379807
-5.15169,2,1014525.148458
-5.177875,2,1014590.962572
-4.934341,2,1014651.520282
-5.181144,2,1014705.005026
-4.719421,2,1014761.252216
-5.175262,2,1014820.831375
-4.707735,2,1014884.578361
-5.177875,2,1014936.38709
-5.300397,2,1014994.581506
-5.179497,2,1015053.453282
-5.179497,2,1015114.451441
-4.759542,2,1015172.253781
-4.849742,2,1015230.632456
-5.177875,2,1015289.824128
-4.792904,2,1015347.340886
-5.177875,2,1015407.03522
-5.25751,2,1015469.244316
-5.179497,2,1015525.80693
-4.742703,2,1015582.179956
-4.735909,2,1015643.983515
-5.214864,3,1015718.001134
-5.163459,2,1015786.898216
-5.179497,2,1015845.846873
-5.179497,2,1015903.232041
-5.202999,2,1015964.876616
-5.536447,3,1016037.46788
-5.162221,2,1016106.445267
-5.055842,2,1016163.270177
-4.67405,2,1016227.406033
-5.177875,2,1016277.525696
-5.18289,2,1016334.555868
-5.18289,2,1016391.958336
-5.18289,2,1016455.990834
-5.179497,2,1016514.60259
-5.179497,2,1016576.058969
-4.891073,2,1016634.438475
-5.181144,2,1016690.173189
-5.18289,2,1016748.785932
-5.179497,2,1016808.78208
-5.18289,2,1016863.736835
-4.844404,2,1016919.552667
-4.743091,2,1016973.444002
-5.484783,2,1017025.70873
-4.7453,2,1017081.407227
-5.246243,2,1017143.090028
-4.886682,2,1017200.615191
-5.181144,2,1017255.880904
-5.18289,2,1017315.941391
-5.179497,2,1017371.314229
-5.18289,2,1017425.734004
-5.269214,2,1017480.851949
-5.199094,2,1017536.836188
-4.712287,2,1017590.527804
-5.177875,2,1017647.495836
-4.915831,2,1017708.123417
-5.05265,2,1017766.557208
-5.201198,2,1017828.306219
-5.179497,2,1017884.76578
-5.18289,2,1017945.957097
-5.18289,2,1018001.912768
-5.025268,2,1018061.990889
-7.040249,4,1018182.046265
-5.209039,2,1018240.580083
-5.179497,2,1018296.581522
-4.779003,2,1018357.015185
-5.48011,2,1018416.045232
-5.181686,2,1018476.003726
-5.18289,2,1018533.142954
-5.185254,2,1018591.87636
-5.179497,2,1018649.493506
-5.18289,2,1018707.490761
-5.18289,2,1018767.812755
-5.18289,2,1018826.180877
-5.179497,2,1018886.125252
-5.304135,2,1018942.294104
-5.177875,2,1019004.760487
-5.032301,2,1019062.487278
-5.181144,2,1019121.035018
-5.209714,2,1019182.455751
-5.190374,2,1019237.940873
-5.768543,3,1019327.363903
-4.983364,2,1019394.579986
-5.17887,2,1019450.067379
-5.17963,2,1019507.724125
-4.808942,2,1019565.218697
-5.177875,2,1019625.469919
-5.18289,2,1019683.8296
-5.18289,2,1019742.874698
-5.18289,2,1019800.729098
-5.653423,2,1019871.553415
-5.18289,2,1019925.919374
-5.179497,2,1019982.74972
-5.18289,2,1020035.79048
-5.179436,2,1020095.859275
-5.730256,3,1020180.80078
-4.771903,2,1020241.135025
-5.177875,2,1020297.240212
-5.958543,3,1020384.150931
-5.161806,2,1020448.123759
-5.186515,2,1020505.425372
-4.743984,2,1020561.349012
-5.177875,2,1020620.534966
-5.358372,3,1020702.74983
-5.181534,2,1020767.135136
-4.769035,2,1020827.082417
-5.177875,2,1020888.732267
-5.179497,2,1020948.383948
-5.18289,2,1021006.4393
-5.280073,2,1021070.69258
-5.18289,2,1021122.695498
-5.035931,2,1021180.284397
-5.177875,2,1021237.825799
-5.179497,2,1021289.209803
-5.477605,2,1021347.061901
-5.796194,3,1021427.646577
-4.690349,2,1021488.877599
-5.281568,2,1021543.875794
-5.18289,2,1021606.693591
-5.867856,3,1021684.064595
-4.761357,2,1021749.870902
-5.181144,2,1021806.291133
-5.179497,2,1021861.331651
-5.229717,2,1021916.797117
-5.18289,2,1021969.725276
-5.112729,2,1022032.447307
-5.181144,2,1022086.581767
-5.159676,2,1022145.66709
-5.201198,2,1022204.426754
-4.708948,2,1022262.915191
-5.178275,2,1022316.691328
-5.18289,2,1022374.47389
-5.179497,2,1022434.002681
-5.179497,2,1022492.568324
-5.18289,2,1022549.413174
-5.179497,2,1022608.768612
-4.742083,2,1022670.859009
-5.177875,2,1022726.84263
-4.776826,2,1022783.625909
-5.181144,2,1022840.065443
-5.18076,2,1022900.801374
-5.345263,2,1022961.509786
-5.18289,2,1023017.988049
-5.17997,2,1023077.542721
-5.179431,2,1023135.580274
-5.179497,2,1023195.698395
-4.739373,2,1023254.549956
-5.181144,2,1023310.999799
-5.179497,2,1023370.331963
-5.07135,2,1023429.028551
-4.776767,2,1023487.080568
-5.181144,2,1023545.69744
-4.897988,2,1023608.922718
-5.181144,2,1023663.463542
-5.434278,3,1023750.146337
-4.756547,2,1023813.200697
-5.48011,2,1023866.443059
-5.179497,2,1023924.041977
-4.992697,2,1023982.3935
-5.177835,2,1024042.072383
-5.179497,2,1024100.59105
-5.181144,2,1024158.609245
-5.181144,2,1024217.375858
-5.177875,2,1024275.743059
-4.759544,2,1024331.890506
-4.827757,2,1024387.423424
-5.177875,2,1024448.9351
-5.177875,2,1024507.586325
-4.756391,2,1024564.721872
-5.181144,2,1024625.086445
-5.06024,2,1024683.60867
-5.177875,2,1024741.046139
-5.183464,2,1024803.04875
-5.179497,2,1024855.704067
-5.180363,2,1024917.596541
-4.75679,2,1024971.879141
-5.177875,2,1025027.238858
-4.711769,2,1025085.703144
-5.176858,2,1025148.891522
-5.179497,2,1025204.264724
-5.179497,2,1025265.891889
-5.18289,2,1025325.014583
-5.18289,2,1025384.319096
-5.247419,2,1025439.77846
-5.181686,2,1025496.997963
-5.18289,2,1025553.962361
-5.070587,2,1025609.927231
-4.951368,2,1025663.564407
-6.856672,4,1025784.445074
-5.180546,2,1025837.152955
-5.179497,2,1025897.142139
-4.7404,2,1025957.218348
-5.181144,2,1026013.440754
-5.18289,2,1026070.6515
-4.858839,2,1026128.967016
-4.909395,2,1026192.640289
-4.746888,2,1026249.028324
-5.181144,2,1026300.274423
-4.734916,2,1026358.880013
-5.181144,2,1026414.937404
-5.18289,2,1026472.499694
-4.715289,2,1026535.63293
-5.038967,2,1026590.611121
-4.920706,2,1026648.884028
-5.177875,2,1026710.086993
-5.836027,3,1026788.478572
-4.984091,2,1026854.681256
-4.738804,2,1026913.59065
-5.175262,2,1026972.608522
-4.875764,2,1027036.388692
-5.181144,2,1027089.428793
-5.642227,3,1027170.067024
-4.72954,2,1027233.910857
-4.925535,2,1027290.216247
-5.177875,2,1027346.72591
-5.179497,2,1027405.456356
-5.047584,2,1027461.633069
-5.181144,2,1027522.243686
-5.179497,2,1027580.17711
-4.761812,2,1027637.997318
-5.177875,2,1027695.242062
-5.179497,2,1027754.790365
-5.179497,2,1027812.963001
-5.058067,2,1027870.956936
-5.177875,2,1027930.829815
-5.213989,2,1027992.120694
-5.17965,2,1028041.16276
-5.177875,2,1028103.446299
-4.720098,2,1028164.487988
-4.739932,2,1028219.80472
-5.181144,2,1028272.730432
-5.18289,2,1028331.8248
-5.005966,2,1028390.9879
-5.177875,2,1028451.733772
-4.72064,2,1028508.785057
-4.965196,2,1028566.0416
-4.992165,2,1028622.113808
-5.181144,2,1028683.752102
-4.745554,2,1028740.275514
-5.177875,2,1028799.772296
-4.743894,2,1028858.275676
-5.181144,2,1028917.139108
-5.779307,3,1028996.30263
-4.733403,2,1029061.646109
-5.181144,2,1029123.840554
-5.179497,2,1029179.303008
-5.18289,2,1029238.325354
-5.155033,2,1029299.678241
-5.181144,2,1029357.390507
-5.179497,2,1029418.077247
-4.957147,2,1029479.029869
-4.730843,2,1029803.821932
-5.187075,2,1029858.993231
-5.18289,2,1029913.672401
-5.17963,2,1029968.462475
-4.814394,2,1030022.976239
-4.734179,2,1030080.525084
-5.177875,2,1030140.085606
-5.179497,2,1030197.870862
-5.18289,2,1030257.6324
-4.736567,2,1030316.138385
-6.040542,3,1030400.510051
-4.736325,2,1030461.573192
-5.280733,2,1030514.724383
-5.179497,2,1030566.824425
-4.733194,2,1030621.098389
-4.746361,2,1030683.943479
-5.181144,2,1030741.025849
-5.076867,2,1030800.399626
-5.181144,2,1030857.683259
-5.216231,2,1030921.695328
-5.179497,2,1030975.273521
-5.18289,2,1031032.600385
-5.18289,2,1031093.696391
-5.2005,2,1031153.273937
-5.185699,2,1031211.752013
-4.734956,2,1031270.183775
-4.752783,2,1031329.306797
-5.48011,2,1031389.187978
-5.1989,2,1031449.944128
-5.179497,2,1031505.828961
-5.179497,2,1031565.025637
-4.860514,2,1031623.369805
-4.794914,2,1031686.961288
-4.772023,2,1031743.378593
-4.73734,2,1031806.212737
-4.84642,2,1031859.56961
-5.177875,2,1031918.650202
-5.18289,2,1031975.300597
-5.314927,2,1032041.699202
-5.17154,2,1032102.910947
-5.28569,2,1032152.553473
-5.181144,2,1032212.85241
-5.179497,2,1032275.865826
-5.181144,2,1032332.784998
-4.734556,2,1032394.40139
-5.181144,2,1032452.656467
-4.708515,2,1032512.618489
-5.177875,2,1032573.100812
-5.179497,2,1032630.025044
-4.872166,2,1032686.883864
-4.783601,2,1032747.535926
-4.986595,2,1032808.949151
-4.741751,2,1032865.039328
-4.856233,2,1032920.762512
-5.177875,2,1032980.765447
-5.451787,2,1033046.672666
-5.31023,2,1033103.478858
-5.18416,2,1033160.408336
-4.731917,2,1033221.125713
-5.177875,2,1033281.553322
-4.804712,2,1033339.442513
-4.714633,2,1033397.624664
-5.177875,2,1033451.030856
-5.179497,2,1033508.129259
-5.179497,2,1033562.445063
-5.179497,2,1033619.357558
-5.207703,2,1033675.680542
-5.179497,2,1033735.305587
-5.181387,2,1033796.506552
-4.917799,2,1033853.601814
-5.036661,2,1033912.99
-5.181144,2,1033975.577253
-5.18289,2,1034034.39305
-5.179497,2,1034093.261199
-4.967062,2,1034148.638421
-4.94198,2,1034207.506302
-5.177875,2,1034259.13024
-5.177875,2,1034314.275315
-4.869716,2,1034373.950421
-5.177875,2,1034432.541869
-4.890342,2,1034491.015582
-5.178249,2,1034553.796291
-5.070573,2,1034609.651376
-4.782734,2,1034666.92119
-5.177875,2,1034725.542303
-5.18289,2,1034782.738603
-4.711638,2,1034837.221617
-5.177875,2,1034892.563184
-5.179497,2,1034951.503981
-5.179497,2,1035012.438327
-5.177875,2,1035070.42436
-5.297179,2,1035123.582486
-4.776734,2,1035186.050228
-4.827527,2,1035244.711639
-4.979397,2,1035300.543005
-5.177875,2,1035366.133309
-4.971189,2,1035422.814306
-4.740634,2,1035481.132983
-4.816684,2,1035538.976055
-5.238778,2,1035599.559909
-5.179497,2,1035658.197773
-5.18289,2,1035715.844746
-4.850243,2,1035776.480644
-5.177875,2,1035832.380295
-4.771745,2,1035891.087023
-5.177875,2,1035950.635663
-5.18289,2,1036008.726432
-4.850362,2,1036069.689214
-4.761791,2,1036128.301588
-5.177875,2,1036186.656092
-4.77835,2,1036250.434697
-4.923502,2,1036303.41557
-5.178029,2,1036361.71733
-5.832349,3,1036443.735565
-4.849284,2,1036506.46874
-5.177875,2,1036566.527265
-5.21182,2,1036626.999713
-5.18416,2,1036686.243339
-5.179093,2,1036742.193993
-5.261945,2,1036796.870112
-4.875951,2,1036866.367355
-5.181144,2,1036919.871709
-5.181144,2,1036982.217252
-5.040799,2,1037042.486003
-5.177875,2,1037100.271095
-5.222892,2,1037158.98557
-5.179497,2,1037217.231259
-4.753029,2,1037271.03403
-5.177875,2,1037330.085863
-5.18289,2,1037390.660112
-5.179497,2,1037449.682872
-5.128356,2,1037509.07504
-5.191755,2,1037567.870323
-5.026829,2,1037625.84685
-5.222661,2,1037684.52161
-5.18289,2,1037742.261423
-4.781809,2,1037802.194813
-5.181144,2,1037858.056056
-5.250512,2,1037922.196363
-5.18289,2,1037977.288652
-5.179497,2,1038034.090317
-5.179497,2,1038095.965361
-5.373193,2,1038150.257041
-5.179497,2,1038215.195398
-4.906739,2,1038272.57225
-5.181144,2,1038330.251842
-4.985058,2,1038395.045225
-5.177875,2,1038448.458173
-5.18289,2,1038504.310336
-4.744801,2,1038559.522257
-5.177875,2,1038612.111726
-5.179497,2,1038673.274348
-5.179497,2,1038728.469188
-5.18289,2,1038788.554159
-5.179497,2,1038849.804758
-4.737893,2,1038908.000928
-5.177875,2,1038966.072912
-5.181414,2,1039024.938569
-4.717834,2,1039081.854074
-4.75739,2,1039134.896469
-5.874328,3,1039205.289977
-4.764843,2,1039273.897871
-5.177875,2,1039335.89431
-5.328501,2,1039390.960071
-4.747222,2,1039452.736375
-4.742085,2,1039513.160741
-5.177875,2,1039568.448503
-5.18289,2,1039628.173237
-5.179497,2,1039689.421128
-5.179497,2,1039746.837275
-4.75833,2,1039807.4177
-4.749191,2,1039867.377231
-5.179093,2,1039925.782192
-5.179497,2,1039985.745023
-5.179497,2,1040043.735107
-5.179497,2,1040104.486572
-7.346683,3,1040178.41993
-4.723318,2,1040245.629111
-5.177875,2,1040304.331467
-5.179497,2,1040364.134879
-4.829228,2,1040425.247715
-5.185254,2,1040484.372926
-4.775243,2,1040537.104239
-5.181144,2,1040598.174786
-5.179497,2,1040658.491422
-5.179497,2,1040721.569802
-5.18289,2,1040778.918702
-5.18289,2,1040836.349955
-4.792061,2,1040897.434486
-5.177875,2,1040954.916925
-5.222892,2,1041015.821887
-5.179497,2,1041074.886474
-5.177875,2,1041134.662698
-5.17952,2,1041196.679076
-5.179497,2,1041255.050822
-5.216231,2,1041314.099506
-5.19428,2,1041371.194192
-5.1989,2,1041429.371954
-5.44553,3,1041510.361149
-5.178316,2,1041573.228683
-4.742175,2,1041630.881931
-4.707155,2,1041692.840532
-5.283604,3,1041773.445734
-4.860926,2,1041838.60301
-4.759797,2,1041894.475101
-5.177875,2,1041954.79594
-5.949383,3,1042031.272538
-5.164238,2,1042099.652713
-4.736737,2,1042154.910106
-4.72494,2,1042210.320303
-4.836907,2,1042271.297075
-5.177875,2,1042330.027684
-5.07975,2,1042389.484451
-5.181144,2,1042446.952609
-5.717342,3,1042532.630411
-5.168406,2,1042595.866061
-5.121311,2,1042653.211792
-5.177875,2,1042710.662137
-4.740575,2,1042770.115095
-4.751512,2,1042826.523856
-6.030628,3,1042902.000905
-4.910605,2,1042963.091929
-5.181144,2,1043020.325249
-5.057912,2,1043082.305569
-4.723806,2,1043140.798771
-5.181414,2,1043201.754039
-5.182227,2,1043257.731977
-5.179497,2,1043312.568629
-5.179497,2,1043370.168268
-5.182088,2,1043426.354844
-5.193786,2,1043478.21258
-5.177875,2,1043538.230393
-5.18289,2,1043595.728736
-4.963201,2,1043654.224544
-5.148964,2,1043711.351447
-5.181144,2,1043773.311893
-5.177875,2,1043832.1609
-5.179497,2,1043888.944786
-4.983918,2,1043950.124448
-5.177875,2,1044009.904134
-5.17238,2,1044065.373603
-4.724428,2,1044124.57835
-4.945555,2,1044182.334696
-5.217584,2,1044237.854478
-5.179497,2,1044299.133803
-5.179157,2,1044355.772798
-5.177875,2,1044414.494426
-5.278467,2,1044474.975538
-5.179497,2,1044532.000749
-5.045779,2,1044589.205097
-5.023158,2,1044647.229697
-5.049905,2,1044709.890737
-4.761051,2,1044768.381322
-5.107858,2,1044826.748857
-4.733686,2,1044885.43558
-4.708222,2,1044946.422344
-4.778867,2,1045002.917353
-4.943771,2,1045065.123899
-5.451488,3,1045143.995643
-7.730029,3,1045242.174414
-5.27619,2,1045302.332271
-5.18289,2,1045356.648397
-5.18289,2,1045414.028782
-4.82882,2,1045478.055246
-4.733677,2,1045534.202424
-5.764336,3,1045614.705553
-5.307115,2,1045676.855025
-5.179497,2,1045741.457452
-5.179497,2,1045797.809581
-5.179497,2,1045856.632017
-5.407868,2,1045918.902333
-4.908479,2,1045971.246103
-5.177875,2,1046031.117208
-4.749997,2,1046089.131662
-4.951578,2,1046149.946551
-4.841043,2,1046206.733845
-5.56967,3,1046288.212311
-4.724783,2,1046349.350412
-5.177875,2,1046410.103446
-5.181414,2,1046467.270116
-4.697259,2,1046526.939031
-5.363891,3,1046606.953907
-5.17772,2,1046675.311668
-5.179497,2,1046732.890634
-5.18289,2,1046791.975665
-5.180829,2,1046852.694541
-5.17997,2,1046913.05941
-5.179497,2,1046971.219086
-5.179497,2,1047028.314398
-4.742082,2,1047082.937611
-4.735429,2,1047142.015409
-4.717444,2,1047194.400815
-4.807709,2,1047247.228736
-4.985837,2,1047306.222167
-5.177875,2,1047364.715457
-4.705679,2,1047424.566128
-5.181144,2,1047482.211413
-5.179497,2,1047544.255842
-5.199094,2,1047603.338528
-5.147846,2,1047662.195052
-5.201198,2,1047719.263101
-4.732629,2,1047770.775694
-5.177875,2,1047828.19162
-4.970324,2,1047889.09621
-4.742579,2,1047947.39161
-4.752155,2,1048007.680617
-5.188095,2,1048070.055569
-5.18289,2,1048125.653981
-5.179497,2,1048184.225344
-4.723132,2,1048241.186586
-5.181144,2,1048301.506645
-5.182819,2,1048361.102606
-5.177875,2,1048420.522776
-5.22104,2,1048481.442324
-4.718064,2,1048538.889581
-5.637557,3,1048623.926379
-4.809166,2,1048684.675766
-4.742999,2,1048740.590716
-5.184406,2,1048801.685447
-5.179497,2,1048859.602351
-5.179497,2,1048915.993428
-5.179497,2,1048977.167338
-4.743481,2,1049032.621567
-5.177875,2,1049093.712836
-4.748985,2,1049151.189904
-4.794455,2,1049208.801929
-5.181144,2,1049269.115597
-5.053446,2,1049324.672463
-5.177875,2,1049382.139453
-5.401892,2,1049445.424443
-4.901783,2,1049498.770724
-5.195378,2,1049559.598329
-5.190525,2,1049620.784514
-5.179497,2,1049674.913307
-5.800323,3,1049759.465169
-5.162802,2,1049826.179528
-5.179497,2,1049888.881821
-4.740992,2,1049946.496511
-4.920547,2,1050004.147022
-5.177875,2,1050060.219289
-5.179497,2,1050116.908274
-4.764598,2,1050179.603318
-5.090709,2,1050234.150164
-4.746414,2,1050291.955556
-4.862909,2,1050352.196838
-5.181144,2,1050410.091965
-5.085823,2,1050470.77456
-4.84538,2,1050530.45315
-5.26966,2,1050590.536015
-4.748519,2,1050646.194812
-4.847912,2,1050703.57666
-4.85898,2,1050760.426852
-5.472836,3,1050847.10015
-5.17738,2,1050904.259063
-6.099242,3,1050985.867831
-4.955604,2,1051053.466914
-5.764534,3,1051130.838251
-5.197736,2,1051200.375014
-5.135896,2,1051258.27877
-5.181144,2,1051316.24644
-5.182819,2,1051374.269001
-5.110763,2,1051430.384179
-5.177875,2,1051485.82283
-5.18289,2,1051538.280679
-4.735822,2,1051596.803984
-4.740563,2,1051654.439615
-4.884479,2,1051709.734364
-5.201198,2,1051770.204859
-5.131012,2,1051828.888916
-5.177875,2,1051884.428228
-5.179497,2,1051944.40639
-5.179497,2,1051999.086608
-4.926611,2,1052052.949836
-5.356381,2,1052110.319849
-5.034569,2,1052166.159028
-5.181144,2,1052224.487803
-5.179497,2,1052283.444071
-5.077028,2,1052342.007112
-4.709248,2,1052400.653969
-5.181144,2,1052459.004814
-5.179497,2,1052517.105876
-5.429559,3,1052595.188372
-4.764672,2,1052660.87395
-4.848584,2,1052723.925803
-4.769052,2,1052781.025305
-5.037333,2,1052838.055296
-5.133422,2,1052896.490151
-5.177875,2,1052957.30908
-4.764676,2,1053016.217477
-5.177875,2,1053071.809125
-5.207717,2,1053130.808812
-5.179497,2,1053187.551791
-4.889098,2,1053247.278112
-5.283808,2,1053315.801137
-5.335698,2,1053376.111728
-5.177875,2,1053431.207721
-4.782137,2,1053484.136368
-5.177875,2,1053543.506939
-5.18289,2,1053602.768935
-5.22423,2,1053667.202238
-5.509812,3,1053743.252758
-5.183966,2,1053806.458914
-4.749568,2,1053867.955066
-5.177875,2,1053926.964134
-5.18289,2,1053986.325164
-4.686779,2,1054045.871092
-5.106595,2,1054099.67121
-5.202999,2,1054165.679871
-4.81058,2,1054221.556269
-5.180797,2,1054278.638398
-5.257592,2,1054339.56897
-5.01786,2,1054398.393726
-5.25801,2,1054453.876285
-4.701591,2,1054514.536911
-5.335097,2,1054574.548786
-4.953627,2,1054628.916697
-5.187067,2,1054689.360039
-4.739982,2,1054746.748533
-5.682389,3,1054830.042194
-5.165453,2,1054893.65393
-5.18289,2,1054949.793203
-4.735394,2,1055009.974696
-5.177875,2,1055071.663471
-4.88107,2,1055129.489938
-5.177875,2,1055186.7669
-5.18289,2,1055250.020221
-4.992304,2,1055307.358646
-4.696147,2,1055367.048605
-5.185735,2,1055424.468447
-5.236294,2,1055487.030307
-4.770147,2,1055542.04207
-5.083102,2,1055602.155253
-5.105268,2,1055660.726274
-4.758118,2,1055720.99978
-5.181144,2,1055777.003242
-5.179617,2,1055831.711147
-4.711421,2,1055887.435934
-5.177875,2,1055945.721231
-5.18289,2,1056004.264614
-5.18289,2,1056060.928324
-5.181144,2,1056124.715144
-5.177875,2,1056181.505842
-4.781147,2,1056239.84378
-4.702511,2,1056295.996037
-4.847566,2,1056348.832354
-4.775241,2,1056401.895678
-5.177875,2,1056459.783407
-4.705951,2,1056520.520427
-5.202999,2,1056581.870883
-5.18289,2,1056638.097197
-5.201198,2,1056698.360289
-5.153147,2,1056753.683055
-4.6845,2,1056816.023179
-4.916595,2,1056868.490609
-5.195378,2,1056927.84951
-5.179497,2,1056984.070344
-4.764969,2,1057040.843163
-5.177875,2,1057098.883239
-5.181144,2,1057156.632621
-4.970436,2,1057215.686626
-5.351888,2,1057272.745083
-5.12934,2,1057330.19071
-4.848367,2,1057389.645649
-4.819182,2,1057445.517195
-5.177875,2,1057505.746262
-5.18289,2,1057568.489046
-5.177875,2,1057628.385444
-4.741923,2,1057686.950435
-5.181144,2,1057748.36955
-5.179497,2,1057806.361794
-4.743796,2,1057862.665828
-5.177875,2,1057921.515989
-5.416817,3,1058000.477306
-5.178055,2,1058068.687216
-5.177875,2,1058127.025892
-5.179497,2,1058185.931235
-5.179497,2,1058244.013164
-4.743798,2,1058301.709223
-4.732723,2,1058361.410006
-4.913497,2,1058422.985622
-5.187067,2,1058482.961743
-5.196664,2,1058537.802155
-5.177875,2,1058598.673784
-4.785346,2,1058655.36165
-5.163592,2,1058713.367316
-5.267026,2,1058771.172682
-5.693977,3,1058851.987495
-5.173032,2,1058919.72351
-4.774823,2,1058976.21998
-4.918114,2,1059035.457593
-5.181144,2,1059091.783348
-4.705735,2,1059148.309644
-4.742256,2,1059208.215005
-5.181144,2,1059262.935194
-5.2005,2,1059325.724681
-4.877104,2,1059380.83296
-4.787399,2,1059439.264036
-5.181144,2,1059498.9188
-5.18289,2,1059557.23242
-5.179497,2,1059618.269195
-4.839534,2,1059679.744449
-4.807806,2,1059737.369428
-4.917376,2,1059796.539125
-5.177875,2,1059854.504882
-5.132251,2,1059912.684489
-5.261535,2,1059974.205329
-5.179497,2,1060026.886507
-5.085324,2,1060083.598627
-5.181144,2,1060135.272593
-5.181144,2,1060186.253877
-5.291628,2,1060247.596962
-5.190374,2,1060303.130731
-5.177875,2,1060361.513601
-5.179497,2,1060420.834036
-5.177875,2,1060476.74269
-5.177875,2,1060530.90339
-7.090649,3,1060612.07497
-5.470736,2,1060667.669842
-5.18289,2,1060725.534748
-5.728718,3,1060805.482292
-5.162211,2,1060871.470662
-5.276842,2,1060931.198461
-5.18289,2,1060990.886549
-5.181144,2,1061050.757902
-5.177875,2,1061108.98355
-5.020322,2,1061166.131979
-6.247563,3,1061247.554721
-5.066409,2,1061315.689534
-4.735502,2,1061374.386732
-5.177875,2,1061453.950946
-4.96412,2,1061512.83665
-4.706897,2,1061573.461642
-4.999196,2,1061630.308701
-5.181144,2,1061688.744559
-4.77924,2,1061747.093886
-4.982247,2,1061809.126125
-5.177875,2,1061866.334975
-5.18289,2,1061922.757297
-5.181144,2,1061982.045488
-4.992211,2,1062040.937041
-4.744624,2,1062096.550609
-5.180797,2,1062153.983903
-4.806226,2,1062211.441448
-5.044229,2,1062269.398928
-5.181144,2,1062329.05062
-6.534245,3,1062433.070358
-4.730323,2,1062484.272672
-5.176858,2,1062545.360602
-4.781787,2,1062600.13192
-4.874174,2,1062663.688698
-5.177875,2,1062719.162012
-4.770974,2,1062780.910869
-4.699695,2,1062839.784958
-5.108593,2,1062900.558495
-4.852232,2,1062961.523718
-4.702134,2,1063016.497334
-4.733918,2,1063074.388387
-5.181144,2,1063131.18799
-5.177875,2,1063190.237907
-5.181144,2,1063249.274777
-4.878097,2,1063310.347176
-4.861043,2,1063366.513468
-5.175139,2,1063426.595057
-5.179497,2,1063489.625736
-5.181144,2,1063545.512791
-5.179497,2,1063606.243917
-5.177875,2,1063662.774164
-5.607217,2,1063725.296509
-4.870577,2,1063779.101642
-4.989817,2,1063840.375787
-5.178621,2,1063897.776212
-5.03403,2,1063956.004955
-4.922572,2,1064014.434547
-5.07233,2,1064073.440735
-4.736577,2,1064134.592894
-5.177875,2,1064190.821611
-5.177875,2,1064249.8071
-4.780417,2,1064306.046116
-5.345601,2,1064368.645663
-5.180829,2,1064414.789269
-5.179497,2,1064469.413615
-5.177875,2,1064528.215612
-4.724119,2,1064585.861728
-5.177875,2,1064647.72612
-5.002812,2,1064705.665087
-4.823928,2,1064760.822252
-5.178029,2,1064819.258877
-5.178528,2,1064874.638795
-4.797856,2,1064931.480111
-4.743896,2,1064982.290461
-5.177875,2,1065043.524545
-4.981473,2,1065105.768304
-5.177875,2,1065163.049434
-4.85491,2,1065224.771142
-4.736462,2,1065282.898362
-5.181144,2,1065342.555059
-5.124911,2,1065399.677938
-5.257592,2,1065459.61202
-4.708616,2,1065512.891353
-5.175262,2,1065573.405292
-4.781488,2,1065631.875627
-5.183583,2,1065690.637301
-4.783949,2,1065750.749418
-4.734139,2,1065809.971626
-5.178528,2,1065868.669821
-5.179497,2,1065925.071855
-4.926054,2,1065983.61767
-5.177875,2,1066041.748463
-5.179497,2,1066099.061729
-5.179497,2,1066157.211499
-4.735956,2,1066215.762466
-5.191007,2,1066275.881879
-4.744385,2,1066332.485195
-4.764354,2,1066390.67441
-5.143256,2,1066451.154426
-4.803502,2,1066514.960101
-4.784709,2,1066571.953077
-4.750638,2,1066630.573513
-5.178029,2,1066688.826038
-5.439018,2,1066754.298463
-4.744158,2,1066810.045599
-4.710716,2,1066867.388434
-5.029111,2,1066925.724206
-4.742208,2,1066984.286712
-5.177875,2,1067044.530732
-4.972347,2,1067101.030184
-5.181144,2,1067162.364235
-4.743025,2,1067221.625758
-5.177875,2,1067279.015098
-5.17589,2,1067344.061238
-4.953435,2,1067401.924732
-5.184406,2,1067459.061262
-4.833459,2,1067514.902671
-4.746289,2,1067576.630913
-4.743605,2,1067632.175474
-5.127104,2,1067693.332176
-5.177875,2,1067753.001225
-4.85229,2,1067808.899373
-4.713027,2,1067867.70305
-5.181144,2,1067925.241542
-5.186282,2,1067981.362702
-5.18289,2,1068040.266461
-5.192893,2,1068101.682984
-4.953103,2,1068156.102909
-4.784195,2,1068216.651847
-5.049412,2,1068276.315491
-5.181144,2,1068335.324442
-5.217349,2,1068392.733608
-4.757312,2,1068449.131174
-5.181144,2,1068509.719468
-5.179497,2,1068569.044502
-6.456912,3,1068645.246498
-4.835808,2,1068707.029074
-5.188548,2,1068758.276264
-5.177994,2,1068820.917617
-5.18289,2,1068880.566982
-5.481083,2,1068939.896971
-5.065656,2,1069003.927898
-5.072745,2,1069057.627885
-5.181144,2,1069118.003098
-4.885396,2,1069175.635383
-5.177875,2,1069228.583894
-5.179497,2,1069283.023057
-4.747147,2,1069343.963805
-5.177875,2,1069406.50213
-5.119684,2,1069464.07953
-5.177875,2,1069524.441947
-5.179826,2,1069583.696307
-4.736126,2,1069643.424956
-4.770589,2,1069700.077828
-4.750232,2,1069761.828938
-5.181144,2,1069819.469671
-4.896514,2,1069881.892157
-4.802771,2,1069942.430745
-5.072874,2,1069999.41549
-5.177875,2,1070060.463317
-5.362138,2,1070118.607446
-4.755436,2,1070178.048399
-5.715777,3,1070264.322107
-4.892334,2,1070326.270375
-4.773687,2,1070383.968382
-5.181144,2,1070444.731553
-5.177875,2,1070503.432233
-4.740691,2,1070563.416751
-4.962568,2,1070620.510581
-5.191755,2,1070681.544478
-5.177648,2,1070740.385812
-4.78634,2,1070798.902631
-4.744137,2,1070857.830493
-4.738282,2,1070927.740515
-5.837329,3,1071004.488302
-5.167014,2,1071073.859204
-4.86608,2,1071133.527094
-5.177875,2,1071190.973244
-4.999913,2,1071253.891109
-5.074707,2,1071310.031372
-5.163116,2,1071367.254913
-4.850508,2,1071426.366363
-5.177875,2,1071486.442468
-5.362009,2,1071540.804009
-5.251492,2,1071611.629632
-4.870387,2,1071664.12031
-5.74836,2,1071730.49387
-5.928443,3,1071814.942003
-4.823305,2,1071873.024083
-5.177875,2,1071933.384924
-4.888844,2,1071992.364593
-5.181144,2,1072057.036335
-4.841964,2,1072116.118157
-4.727098,2,1072177.963094
-4.744737,2,1072236.504057
-4.703521,2,1072296.135072
-4.684897,2,1072361.366916
-4.84049,2,1072425.890975
-5.177875,2,1072483.700398
-5.18289,2,1072545.01163
-4.856628,2,1072609.000137
-5.177875,2,1072669.530986
-4.864104,2,1072733.919197
-5.181144,2,1072793.028223
-5.188095,2,1072857.852108
-4.723808,2,1072908.974305
-4.980301,2,1072958.781134
-6.113433,3,1073027.914902
-5.218807,2,1073085.861603
-4.706089,2,1073135.338972
-5.038478,2,1073188.030952
-5.664009,3,1073259.934529
-4.908012,2,1073318.908063
-5.173457,2,1073363.158423
-5.184406,2,1073414.286205
-4.740192,2,1073463.545761
-4.743252,2,1073512.758523
-5.764621,3,1073586.396653
-5.180736,2,1073636.528634
-5.080967,2,1073686.686551
-6.044218,3,1073765.134292
-5.619714,3,1073835.305379
-4.74155,2,1073887.439655
-4.749635,2,1073937.769099
-5.253729,2,1073990.83368
-5.057999,2,1074038.553487
-4.707805,2,1074094.300277
-4.830466,2,1074144.473207
-5.177771,2,1074193.667507
-4.74395,2,1074243.618348
-5.177875,2,1074294.445748
-5.464359,2,1074352.875981
-5.179497,2,1074397.683371
-5.18289,2,1074446.57989
-5.177875,2,1074497.667877
-5.118312,2,1074546.423182
-5.215408,2,1074599.605372
-4.811384,2,1074645.838889
-5.204868,2,1074698.620878
-5.179497,2,1074746.531085
-5.361224,3,1074816.854407
-5.034343,2,1074871.836106
-4.948376,2,1074920.610342
-4.804074,2,1074974.679278
-5.205678,2,1075018.193028
-5.179497,2,1075070.633843
-5.07625,2,1075119.833112
-4.791603,2,1075169.880447
-5.010741,2,1075218.118646
-4.798763,2,1075268.577237
-5.003701,2,1075317.208367
-5.177875,2,1075367.776727
-5.179497,2,1075418.2751
-5.179497,2,1075471.861492
-5.141019,2,1075535.234521
-5.181144,2,1075592.14812
-5.331814,3,1075681.117999
-5.179062,2,1075747.816099
-4.899994,2,1075812.492948
-5.181144,2,1075872.530277
-4.936733,2,1075938.691843
-5.0652,2,1075999.939769
-4.706624,2,1076066.074629
-4.704259,2,1076120.350883
-5.636809,3,1076194.762103
-5.168842,2,1076264.408958
-4.805839,2,1076324.470973
-5.057829,2,1076383.963336
-4.847427,2,1076446.922008
-4.737689,2,1076508.028867
-5.181144,2,1076569.505071
-4.936667,2,1076629.479686
-4.724935,2,1076688.97679
-5.821006,3,1076776.758075
-5.166223,2,1076840.891087
-5.124844,2,1076901.452287
-4.990474,2,1076965.696579
-5.177875,2,1077029.220488
-5.18289,2,1077090.84036
-5.039581,2,1077152.74161
-5.182088,2,1077214.853992
-4.811975,2,1077273.473034
-5.177875,2,1077343.61794
-4.952277,2,1077407.052962
-4.947727,2,1077474.183218
-4.714894,2,1077533.827433
-4.907694,2,1077595.815782
-4.77674,2,1077658.467044
-5.180232,2,1077721.232547
-5.080897,2,1077779.387948
-5.181144,2,1077839.229201
-5.184406,2,1077903.700809
-4.687951,2,1077967.816824
-5.176369,2,1078028.055666
-5.181144,2,1078089.98318
-4.907611,2,1078154.905539
-4.930665,2,1078216.446529
-4.763317,2,1078275.584811
-5.486486,3,1078357.939293
-4.846285,2,1078430.03432
-5.298515,2,1078499.404746
-5.177875,2,1078555.248225
-5.179497,2,1078617.787854
-5.179497,2,1078682.511904
-5.177875,2,1078743.414801
-5.179497,2,1078804.707449
-4.706162,2,1078867.83603
-4.748583,2,1078932.409304
-6.623344,3,1079017.322781
-5.166102,2,1079086.597801
-5.18289,2,1079149.715489
-4.736041,2,1079209.337162
-4.734899,2,1079269.538322
-5.177875,2,1079332.407623
-4.886116,2,1079394.355134
-5.114331,2,1079456.146205
-5.181144,2,1079521.189261
-5.18289,2,1079582.242988
-4.764496,2,1079645.426372
-4.738195,2,1079705.865458
-4.733442,2,1079771.519303
-5.180232,2,1079834.785005
-4.708469,2,1079895.007445
-6.196691,3,1079988.050276
-4.736218,2,1080046.325458
-4.731508,2,1080105.942464
-5.654516,3,1080193.664837
-4.766352,2,1080250.638193
-5.980596,3,1080338.693039
-4.812315,2,1080401.431313
-4.737647,2,1080460.608783
-5.083683,2,1080526.674571
-4.98978,2,1080576.947573
-4.732016,2,1080634.664935
-4.779593,2,1080687.014289
-5.191755,2,1080745.407196
-4.742181,2,1080805.95414
-4.874093,2,1080861.189397
-5.11774,2,1080921.801686
-5.032018,2,1080980.378924
-5.177875,2,1081040.711699
-5.184406,2,1081099.764948
-5.1391,2,1081155.605774
-5.177875,2,1081215.561562
-5.146289,2,1081274.959302
-5.117644,2,1081328.882455
-5.177875,2,1081388.685107
-4.948926,2,1081448.946487
-5.096863,2,1081511.12946
-5.178275,2,1081567.667149
-4.765428,2,1081626.945336
-5.177875,2,1081684.293343
-4.705324,2,1081742.1999
-4.885153,2,1081800.737886
-4.915944,2,1081858.997579
-4.930278,2,1081917.541964
-5.080337,2,1081975.229229
-4.840575,2,1082033.908101
-5.093503,2,1082090.479575
-4.787551,2,1082148.920937
-4.70451,2,1082207.908054
-4.771255,2,1082267.682904
-5.177875,2,1082325.01655
-5.512014,3,1082401.606475
-5.96971,3,1082491.030533
-4.787729,2,1082556.942006
-5.177875,2,1082614.061846
-4.749032,2,1082668.538472
-5.177875,2,1082728.413347
-4.786723,2,1082786.453582
-4.887205,2,1082851.523282
-5.400282,3,1082928.464895
-4.852344,2,1082988.324315
-5.181144,2,1083048.569604
-5.039968,2,1083106.175227
-5.177875,2,1083164.203956
-4.734316,2,1083225.601719
-4.75241,2,1083286.119821
-5.181144,2,1083346.954924
-5.179497,2,1083411.786012
-4.722562,2,1083471.601945
-4.895389,2,1083531.890862
-5.181144,2,1083593.797761
-5.179497,2,1083655.555162
-4.846131,2,1083717.858422
-5.350263,3,1083801.919232
-4.743275,2,1083878.256327
-4.781911,2,1083934.115765
-4.762998,2,1083995.647621
-5.178044,2,1084059.943236
-4.835368,2,1084120.548742
-4.713693,2,1084185.160231
-5.223013,2,1084248.985421
-5.179667,2,1084307.038614
-5.181324,2,1084370.144552
-4.785481,2,1084428.164216
-4.797448,2,1084485.543011
-4.812703,2,1084546.210005
-4.8077,2,1084607.970067
-4.996789,2,1084673.560968
-5.178044,2,1084731.39499
-5.087922,2,1084794.54331
-4.734667,2,1084859.759764
-4.754905,2,1084917.712765
-4.749857,2,1084976.457156
-4.957046,2,1085035.126309
-5.178044,2,1085091.3334
-4.78488,2,1085155.100521
-6.066124,3,1085243.386011
-5.167398,2,1085308.282951
-5.757061,3,1085399.325869
-4.885928,2,1085458.409145
-4.969997,2,1085522.007977
-4.807494,2,1085581.286211
-5.178044,2,1085644.723064
-5.18307,2,1085703.747545
-4.869873,2,1085766.910653
-4.693431,2,1085828.483449
-4.712066,2,1085890.466639
-4.828354,2,1085950.912029
-5.178044,2,1086012.489767
-5.179667,2,1086075.185674
-5.758885,2,1086142.940764
-4.801557,2,1086199.335981
-4.903012,2,1086262.467418
-5.133076,2,1086322.349872
-4.780536,2,1086382.33908
-5.14305,2,1086450.936581
-4.906119,2,1086504.804764
-4.71322,2,1086569.842379
-5.181324,2,1086632.292691
-4.754657,2,1086695.23113
-4.744753,2,1086755.388534
-5.181324,2,1086815.629066
-5.179667,2,1086877.988865
-5.179667,2,1086939.783307
-5.019861,2,1086999.550629
-4.867843,2,1087062.715581
-4.834294,2,1087124.803576
-5.181324,2,1087186.015354
-4.857614,2,1087250.004665
-5.178044,2,1087309.967688
-5.390333,2,1087375.549529
-5.119514,2,1087437.798149
-4.742247,2,1087499.134337
-5.178044,2,1087562.062594
-4.745765,2,1087623.824232
-5.181324,2,1087683.35796
-4.924772,2,1087747.572007
-5.181324,2,1087808.177547
-5.179667,2,1087871.213592
-5.184318,2,1087932.57229
-5.178044,2,1087996.279048
-4.841744,2,1088054.998879
-5.178044,2,1088119.658391
-5.18307,2,1088181.512124
-5.051818,2,1088240.870655
-4.742969,2,1088303.630733
-4.8014,2,1088363.942313
-5.178044,2,1088427.403384
-5.18307,2,1088490.516382
-5.002064,2,1088553.978829
-5.178044,2,1088618.371403
-5.277514,2,1088683.694947
-5.165065,2,1088749.54283
-4.858176,2,1088806.235714
-4.859621,2,1088870.543639
-4.791585,2,1088928.316078
-5.11243,2,1088984.708148
-5.181324,2,1089044.39406
-4.807559,2,1089105.130363
-4.867167,2,1089166.361767
-4.933021,2,1089238.428611
-4.74647,2,1089294.248572
-5.157163,2,1089357.871248
-4.990471,2,1089422.734816
-4.977788,2,1089481.708333
-5.185408,2,1089541.013618
-5.116147,2,1089601.012697
-5.117478,2,1089662.288666
-4.744905,2,1089726.939132
-4.7487,2,1089789.081288
-5.178044,2,1089852.948082
-5.181565,2,1089916.095049
-5.178044,2,1089977.286784
-5.178044,2,1090039.590669
-4.790767,2,1090102.490369
-4.742427,2,1090165.242828
-4.86301,2,1090228.265284
-5.233658,2,1090286.754548
-4.757067,2,1090352.835263
-4.938638,2,1090412.558901
-5.038899,2,1090479.264427
-5.079135,2,1090538.406429
-5.176198,2,1090601.799202
-4.839642,2,1090663.753898
-4.748993,2,1090726.508614
-5.178044,2,1090787.213352
-4.779761,2,1090849.657567
-5.178044,2,1090913.610208
-4.969543,2,1090973.703998
-5.242606,2,1091035.974916
-5.618384,3,1091132.419969
-4.740741,2,1091199.217384
-4.748212,2,1091257.791044
-5.178044,2,1091320.496711
-4.888061,2,1091382.613727
-5.178044,2,1091446.32546
-5.179667,2,1091505.280014
-4.782606,2,1091568.823829
-5.178044,2,1091632.407245
-5.179667,2,1091694.30846
-5.52155,3,1091779.014501
-4.73009,2,1091846.477829
-5.154077,2,1091909.180404
-5.413602,3,1091997.324338
-5.479604,3,1092083.61316
-5.345989,2,1092160.155152
-5.009397,2,1092218.793856
-4.742698,2,1092280.519512
-5.017176,2,1092341.610016
-5.181144,2,1092405.3943
-4.708145,2,1092467.928399
-4.706754,2,1092527.263785
-5.178621,2,1092589.444841
-4.83432,2,1092652.217291
-5.387506,3,1092739.782626
-5.178309,2,1092806.904275
-4.955774,2,1092865.501685
-5.007822,2,1092928.465641
-4.976089,2,1092990.12545
-5.156637,2,1093054.629243
-5.181144,2,1093118.088095
-4.861916,2,1093180.146933
-4.742241,2,1093241.787827
-4.713271,2,1093301.475283
-5.177875,2,1093362.227527
-4.766962,2,1093419.13071
-4.769931,2,1093479.440788
-4.762078,2,1093539.432719
-4.808447,2,1093603.305128
-5.177875,2,1093666.586794
-4.720759,2,1093728.296384
-5.301104,3,1093823.217242
-5.068154,2,1093885.345396
-5.183583,2,1093948.087103
-5.017449,2,1094007.8147
-5.181144,2,1094065.882677
-4.84469,2,1094127.192632
-4.705967,2,1094188.236965
-4.749509,2,1094251.850086
-5.181144,2,1094314.411611
-4.827576,2,1094375.835471
-5.190525,2,1094440.202019
-4.803597,2,1094497.400224
-4.870722,2,1094556.495537
-4.727619,2,1094619.351816
-4.806104,2,1094687.946216
-4.777805,2,1094744.734895
-4.7494,2,1094806.445831
-5.179551,2,1094872.481213
-5.032568,2,1094933.559
-5.177875,2,1094996.623959
-4.741369,2,1095055.577529
-4.952939,2,1095115.406345
-5.681047,3,1095204.603359
-4.914477,2,1095268.12643
-5.177875,2,1095330.805508
-5.179497,2,1095391.53694
-5.18289,2,1095451.772493
-4.695481,2,1095511.33886
-5.741783,3,1095592.65993
-4.838188,2,1095662.191574
-4.794516,2,1095725.581616
-4.813475,2,1095787.263629
-4.825733,2,1095851.651909
-4.774188,2,1095913.357807
-5.181144,2,1095974.758092
-5.177875,2,1096039.198805
-4.726831,2,1096098.82365
-4.7652,2,1096160.954953
-4.924273,2,1096226.84221
-5.430938,3,1096314.067763
-5.178294,2,1096382.677789
-5.18289,2,1096440.378278
-4.736001,2,1096503.433617
-5.181144,2,1096564.202151
-5.030346,2,1096624.486955
-5.999081,3,1096706.606223
-4.728783,2,1096774.342438
-5.05629,2,1096838.805317
-4.862664,2,1096898.475231
-5.616014,3,1096990.653258
-4.78589,2,1097052.951924
-5.170688,2,1097117.978981
-4.993268,2,1097183.249677
-4.973761,2,1097242.161318
-4.812636,2,1097306.62709
-5.177875,2,1097368.184482
-5.179497,2,1097426.58516
-4.782055,2,1097489.78838
-5.005907,2,1097549.726601
-4.770279,2,1097612.074025
-4.759798,2,1097677.32739
-4.740054,2,1097739.086121
-4.775706,2,1097800.516493
-4.733352,2,1097856.573007
-5.191755,2,1097917.839314
-5.18289,2,1097972.571383
-4.70854,2,1098034.500093
-5.181144,2,1098096.261944
-4.731745,2,1098160.943269
-4.769528,2,1098219.755044
-4.742872,2,1098281.026456
-5.114791,2,1098346.356218
-4.880351,2,1098406.96469
-4.773772,2,1098468.083034
-4.736751,2,1098528.714813
-5.177875,2,1098585.077644
-4.758334,2,1098643.731296
-4.7358,2,1098706.695575
-5.177875,2,1098767.001117
-4.795961,2,1098828.935921
-4.749667,2,1098890.649665
-4.875598,2,1098950.497025
-4.691734,2,1099017.442698
-5.020085,2,1099075.890062
-5.015025,2,1099136.478478
-4.920789,2,1099198.457965
-4.876458,2,1099267.821642
-4.724442,2,1099326.65563
-5.647859,3,1099417.031157
-4.740524,2,1099479.336764
-5.042715,2,1099540.687521
-4.760419,2,1099600.837293
-5.784723,3,1099685.669919
-4.766696,2,1099751.719764
-5.220916,2,1099818.662236
-5.123142,2,1099876.642984
-5.177875,2,1099938.604532
-4.737419,2,1099998.931471
-4.779824,2,1100061.746389
-4.742161,2,1100122.667723
-5.076134,2,1100184.615627
-4.746763,2,1100247.677527
-5.621568,3,1100327.083329
-5.16172,2,1100407.662924
-4.831255,2,1100467.243559
-4.990065,2,1100530.396906
-4.738988,2,1100591.656844
-5.1062,2,1100654.391272
-4.8818,2,1100717.857845
-5.181144,2,1100778.099789
-5.246254,2,1100843.962898
-5.181144,2,1100899.443666
-5.786743,3,1100984.53269
-4.76586,2,1101052.017677
-4.78722,2,1101114.654143
-4.780742,2,1101176.123873
-4.878946,2,1101237.454211
-4.776834,2,1101299.249078
-4.865494,2,1101360.072695
-4.946545,2,1101425.142914
-4.968893,2,1101487.010747
-5.111282,2,1101550.107214
-4.952344,2,1101611.420583
-4.781259,2,1101675.530334
-4.775138,2,1101734.269333
-5.182088,2,1101794.734849
-5.505228,3,1101876.721954
-4.714847,2,1101951.274849
-4.776388,2,1102010.205814
-4.853963,2,1102074.834179
-5.177875,2,1102137.129738
-4.742489,2,1102197.369713
-4.760326,2,1102257.210046
-4.941222,2,1102318.843556
-5.177875,2,1102376.968765
-4.723547,2,1102432.432884
-5.015422,2,1102493.039373
-5.089708,2,1102556.386496
-4.773864,2,1102616.805892
-5.359299,3,1102698.529974
-5.178095,2,1102769.597842
-5.155607,2,1102829.155814
-4.700915,2,1102892.026623
-4.854042,2,1102954.530417
-5.181144,2,1103013.149073
-4.853828,2,1103069.633053
-5.096353,2,1103129.656497
-5.177875,2,1103191.066292
-4.751547,2,1103252.254672
-4.923293,2,1103315.534586
-5.572788,3,1103398.448011
-4.778239,2,1103469.227212
-5.072775,2,1103531.577718
-4.743012,2,1103593.40743
-5.177875,2,1103655.341619
-5.177923,2,1103717.524063
-5.181144,2,1103779.207487
-4.760155,2,1103838.100165
-4.747219,2,1103900.188349
-5.177875,2,1103962.172949
-4.77974,2,1104024.763599
-5.069984,2,1104086.756248
-4.754596,2,1104148.135885
-5.181144,2,1104206.337192
-4.667393,2,1104275.959407
-4.742764,2,1104333.732228
-5.181144,2,1104393.346938
-4.905768,2,1104457.831725
-4.93042,2,1104525.560306
-5.177875,2,1104581.951694
-5.177875,2,1104651.359304
-4.751457,2,1104717.349852
-4.865406,2,1104773.485675
-4.914777,2,1104834.044167
-5.355334,3,1104922.472205
-4.735598,2,1104990.134644
-5.650684,3,1105082.912663
-4.929103,2,1105143.298982
-5.181144,2,1105203.472884
-4.979165,2,1105270.492791
-5.185254,2,1105334.263964
-4.985398,2,1105390.322749
-5.122037,2,1105453.773669
-4.982176,2,1105519.747366
-5.187075,2,1105574.892215
-4.72311,2,1105638.30341
-5.025763,2,1105699.887416
-4.876186,2,1105760.44814
-5.177875,2,1105823.617744
-5.162661,2,1105883.882293
-4.781643,2,1105946.966339
-5.068011,2,1106007.061438
-5.078538,2,1106067.706574
-4.849487,2,1106132.667833
-4.801265,2,1106194.322923
-5.087087,2,1106254.92171
-4.742254,2,1106316.161482
-4.998714,2,1106376.990156
-4.744679,2,1106439.554315
-5.181144,2,1106503.50087
-4.918643,2,1106563.532596
-5.219627,2,1106629.238769
-5.18289,2,1106688.904372
-4.871803,2,1106751.204949
-4.798359,2,1106811.035019
-5.177875,2,1106869.530028
-4.74197,2,1106925.306218
-5.081765,2,1106982.80672
-4.74298,2,1107048.31597
-4.848592,2,1107111.349368
-4.904215,2,1107176.37284
-5.054834,2,1107237.03185
-4.844746,2,1107300.556813
-5.181144,2,1107362.507343
-4.84779,2,1107424.908611
-5.177875,2,1107483.800912
-5.179497,2,1107540.713999
-4.74149,2,1107597.255689
-5.177875,2,1107656.837306
-4.894166,2,1107721.70839
-5.177875,2,1107784.864448
-4.743302,2,1107845.731307
-4.845244,2,1107906.22931
-4.744273,2,1107966.684374
-4.811867,2,1108029.202806
-4.781449,2,1108093.218696
-5.020311,2,1108152.738389
-5.074332,2,1108212.761527
-4.914416,2,1108277.988556
-5.004599,2,1108341.427348
-4.777294,2,1108405.082031
-5.181144,2,1108464.906907
-4.892519,2,1108530.383853
-5.177875,2,1108589.056827
-4.750262,2,1108649.212558
-5.208802,2,1108714.875317
-4.895609,2,1108774.476618
-5.184406,2,1108836.867252
-4.828374,2,1108899.045933
-4.741856,2,1108959.349822
-4.774526,2,1109021.582424
-4.751893,2,1109082.30793
-4.739952,2,1109145.079095
-5.177672,2,1109208.759438
-4.934041,2,1109271.806028
-5.48092,3,1109362.104667
-4.769937,2,1109424.035223
-5.177875,2,1109487.41565
-4.742516,2,1109549.325885
-4.785703,2,1109609.497694
-4.791279,2,1109672.554099
-5.177875,2,1109734.358183
-4.757361,2,1109796.028879
-4.928752,2,1109855.875134
-5.175498,2,1109918.36792
-4.749599,2,1109986.257446
-5.678077,2,1110049.045671
-5.073661,2,1110102.615279
-5.002641,2,1110168.69933
-4.827852,2,1110228.599622
-4.742788,2,1110291.306484
-5.060511,2,1110354.086185
-4.741188,2,1110414.527067
-4.695047,2,1110480.353125
-4.742038,2,1110542.023794
-4.832478,2,1110606.203105
-4.970413,2,1110673.685269
-4.774508,2,1110729.456249
-5.594468,3,1110820.521977
-4.768358,2,1110886.24997
-5.177875,2,1110949.979245
-4.738078,2,1111010.322411
-4.682505,2,1111078.632012
-4.742433,2,1111135.037168
-4.740633,2,1111193.41102
-5.181144,2,1111254.002518
-4.732913,2,1111313.167943
-4.76373,2,1111370.19876
-4.74242,2,1111430.87533
-4.749533,2,1111491.947842
-4.74215,2,1111556.211534
-5.054895,2,1111616.202312
-6.409275,3,1111697.908999
-4.705311,2,1111770.595417
-4.984521,2,1111835.243584
-5.180252,2,1111892.885203
-5.177875,2,1111954.487901
-4.981824,2,1112012.20504
-5.083916,2,1112069.679291
-4.950801,2,1112128.349061
-4.763099,2,1112190.521898
-4.846255,2,1112251.227273
-5.053668,2,1112319.535956
-4.889261,2,1112373.372006
-4.709118,2,1112436.018125
-4.741234,2,1112499.24204
-4.778819,2,1112561.950841
-5.177875,2,1112623.810223
-4.841272,2,1112686.960656
-5.624225,3,1112773.861068
-5.167685,2,1112838.723825
-4.750996,2,1112900.558567
-4.742737,2,1112962.66351
-5.177875,2,1113022.641368
-4.738692,2,1113087.303982
-5.181144,2,1113145.025394
-5.151379,2,1113207.314299
-5.071507,2,1113270.831743
-4.721394,2,1113332.217977
-4.765798,2,1113392.398542
-4.774154,2,1113456.567178
-4.722551,2,1113515.909672
-4.742543,2,1113581.944268
-4.743127,2,1113645.087102
-4.748687,2,1113702.89993
-5.063808,2,1113768.750005
-5.177875,2,1113833.318677
-5.23221,2,1113897.391204
-5.18289,2,1113956.508824
-4.758442,2,1114021.205911
-4.747438,2,1114085.211278
-5.177875,2,1114143.308527
-5.485641,3,1114225.248881
-4.726532,2,1114294.836945
-4.747567,2,1114358.525052
-5.099239,2,1114421.889411
-5.177875,2,1114487.495965
-4.877956,2,1114545.161353
-5.00865,2,1114608.261645
-4.8831,2,1114673.15527
-5.671388,3,1114756.296861
-5.658336,3,1114849.958417
-4.870845,2,1114918.488608
-5.222314,2,1114989.168005
-5.177875,2,1115045.300825
-5.175404,2,1115101.923519
-5.181144,2,1115167.213152
-4.745632,2,1115232.899999
-4.742811,2,1115290.028884
-4.828561,2,1115353.523922
-4.93793,2,1115413.909519
-4.906732,2,1115481.942739
-4.775862,2,1115540.486186
-5.177875,2,1115601.657359
-5.179497,2,1115664.588419
-5.04342,2,1115723.498575
-5.177875,2,1115784.609965
-4.878832,2,1115840.323562
-4.741097,2,1115898.223866
-4.705528,2,1115969.003115
-4.874227,2,1116026.037244
-5.177875,2,1116086.614289
-4.749764,2,1116147.678265
-4.836049,2,1116213.375353
-4.909326,2,1116275.461092
-5.177875,2,1116336.622171
-4.752639,2,1116403.799049
-4.978071,2,1116459.539005
-4.758823,2,1116523.200227
-4.782234,2,1116579.053499
-4.701294,2,1116636.69079
-4.712349,2,1116699.468586
-5.098487,2,1116760.98813
-5.177875,2,1116821.727956
-4.808575,2,1116882.830251
-4.805583,2,1116942.27712
-4.933901,2,1117003.88027
-4.782151,2,1117067.910008
-4.727777,2,1117128.271915
-5.098987,2,1117190.633008
-5.058779,2,1117251.890436
-4.712938,2,1117314.153238
-5.177875,2,1117376.52231
-4.736408,2,1117442.553138
-5.122598,2,1117500.518759
-4.802964,2,1117560.95065
-4.713449,2,1117622.601383
-4.754978,2,1117686.509069
-4.858266,2,1117747.123838
-5.177875,2,1117809.108156
-4.918574,2,1117874.260337
-4.750158,2,1117932.124058
-4.936243,2,1117995.186449
-5.057353,2,1118058.853839
-5.147954,2,1118117.526178
-4.979216,2,1118178.498134
-4.688584,2,1118243.665765
-4.723479,2,1118296.710108
-4.843324,2,1118363.403287
-4.729591,2,1118423.380927
-4.75398,2,1118489.15797
-5.177875,2,1118555.196696
-5.181144,2,1118616.643248
-4.746999,2,1118674.120971
-4.711524,2,1118737.562093
-5.02715,2,1118798.68383
-4.70816,2,1118856.049222
-4.748971,2,1118918.975049
-5.024347,2,1118979.245041
-5.177875,2,1119043.308088
-4.780664,2,1119104.414889
-4.706285,2,1119167.963803
-4.742339,2,1119231.541696
-4.711307,2,1119297.111756
-4.955051,2,1119363.053691
-5.03872,2,1119423.113944
-4.734848,2,1119482.826722
-4.743316,2,1119542.319745
-4.742841,2,1119604.182869
-4.787631,2,1119665.553111
-5.314927,2,1119731.914034
-4.78699,2,1119784.714566
-5.15513,2,1119844.508454
-4.861635,2,1119907.961274
-4.879475,2,1119967.391226
-4.764781,2,1120028.7693
-4.713814,2,1120090.730536
-4.783059,2,1120154.662371
-4.909777,2,1120215.935658
-4.89595,2,1120279.854984
-4.741143,2,1120338.288133
-5.724859,3,1120432.935304
-5.171542,2,1120493.632654
-4.74815,2,1120554.976622
-4.761598,2,1120615.444366
-4.993115,2,1120678.686857
-4.74885,2,1120739.852531
-5.177875,2,1120803.106027
-5.171164,2,1120863.3392
-5.181144,2,1120922.750662
-4.893917,2,1120983.985136
-5.181144,2,1121042.914407
-5.177875,2,1121101.718873
-5.246837,2,1121165.735329
-5.190509,2,1121223.845582
-4.746575,2,1121283.860594
-4.81584,2,1121349.694049
-6.561206,3,1121425.748331
-4.849202,2,1121499.924229
-4.762118,2,1121561.938715
-4.777987,2,1121621.347795
-4.771323,2,1121684.728117
-4.732182,2,1121746.734801
-4.695706,2,1121813.854805
-5.080327,2,1121874.485689
-4.965783,2,1121935.30305
-4.707042,2,1121999.089094
-4.751317,2,1122059.39603
-4.735107,2,1122125.635009
-5.10398,2,1122184.283226
-4.740549,2,1122251.752826
-4.693193,2,1122318.40289
-4.77716,2,1122376.121251
-4.824922,2,1122435.206193
-4.774468,2,1122499.207691
-4.759318,2,1122558.307924
-5.177875,2,1122619.692657
-4.70077,2,1122684.962027
-5.072375,2,1122745.72196
-5.153614,2,1122807.195272
-5.177875,2,1122869.081436
-5.062555,2,1122933.231043
-5.177875,2,1122994.376227
-4.747289,2,1123058.485008
-4.737876,2,1123117.820474
-4.878742,2,1123178.437881
-4.87429,2,1123239.985217
-4.993261,2,1123302.77202
-5.337627,3,1123385.09916
-4.79415,2,1123453.101889
-4.769829,2,1123514.148662
-5.177875,2,1123578.477966
-4.732761,2,1123640.308251
-5.048336,2,1123699.069683
-4.991692,2,1123766.524686
-4.821078,2,1123829.624546
-4.747898,2,1123890.896618
-4.741289,2,1123952.313766
-5.177875,2,1124015.010265
-5.293286,3,1124096.661026
-5.862983,3,1124198.860156
-4.701271,2,1124263.445377
-4.933302,2,1124325.14382
-4.881083,2,1124387.400715
-5.110093,2,1124447.90729
-5.181144,2,1124508.696982
-5.167775,2,1124571.173194
-4.887644,2,1124630.992196
-4.836672,2,1124693.762275
-5.17787,2,1124753.39952
-4.750429,2,1124810.384237
-4.770227,2,1124873.540416
-4.739292,2,1124933.570102
-4.76257,2,1124996.285538
-4.748988,2,1125059.209908
-4.847628,2,1125121.492368
-4.735241,2,1125186.739642
-4.914397,2,1125245.571794
-5.165967,2,1125310.558124
-4.926191,2,1125372.51403
-5.177875,2,1125434.211485
-5.018665,2,1125491.382881
-4.739531,2,1125550.531516
-4.979243,2,1125606.932277
-4.754272,2,1125666.474316
-5.177936,2,1125725.392146
-4.747337,2,1125789.885971
-4.752379,2,1125851.767944
-4.774802,2,1125917.664017
-4.836757,2,1125979.325747
-4.885006,2,1126042.90481
-4.689612,2,1126106.878395
-4.746091,2,1126164.559086
-4.986286,2,1126224.596841
-4.859051,2,1126287.568379
-5.081727,2,1126348.222211
-4.808348,2,1126408.619874
-4.99169,2,1126473.390965
-5.341005,2,1126534.531097
-4.745528,2,1126597.138293
-5.02701,2,1126658.516532
-5.206875,2,1126729.874719
-5.170152,2,1126785.80407
-4.905627,2,1126844.89422
-4.738913,2,1126908.158765
-4.905941,2,1126968.575316
-4.838082,2,1127027.499981
-4.794722,2,1127091.290648
-4.903411,2,1127155.701079
-4.769879,2,1127219.738264
-4.747699,2,1127282.009087
-4.778636,2,1127343.020667
-4.729728,2,1127408.106952
-4.740795,2,1127465.580912
-5.495604,3,1127550.162293
-5.387597,3,1127642.066452
-4.953065,2,1127718.774581
-4.749913,2,1127782.442492
-4.679494,2,1127848.139532
-4.713287,2,1127904.161608
-5.13221,2,1127960.707512
-4.848526,2,1128027.324973
-4.750423,2,1128087.511388
-4.74298,2,1128150.613724
-4.712471,2,1128210.892689
-5.168316,2,1128275.766597
-4.691217,2,1128338.63302
-4.70891,2,1128398.077506
-4.70826,2,1128464.024892
-5.177994,2,1128522.287074
-4.900661,2,1128583.908615
-4.902411,2,1128648.15943
-5.072394,2,1128706.681276
-4.772362,2,1128769.431168
-4.714362,2,1128828.926843
-5.133279,2,1128892.251075
-5.246009,2,1128950.321021
-4.756507,2,1129018.200997
-4.825275,2,1129079.025171
-4.863402,2,1129141.278595
-4.786189,2,1129200.36892
-4.758552,2,1129258.036567
-4.746476,2,1129319.937006
-4.858982,2,1129377.651379
-4.725313,2,1129438.291523
-4.725901,2,1129502.005188
-4.878457,2,1129561.890625
-4.772219,2,1129625.093392
-4.953816,2,1129689.681025
-5.349333,2,1129745.782549
-4.900365,2,1129818.542481
-4.726286,2,1129874.660263
-4.762522,2,1129933.552311
-4.971256,2,1129995.059299
-4.750603,2,1130055.099994
-4.706883,2,1130113.659398
-4.86947,2,1130171.313483
-5.397314,3,1130254.632027
-5.035466,2,1130323.241993
-4.74196,2,1130382.906948
-5.37053,3,1130466.28336
-4.856876,2,1130538.024718
-4.981444,2,1130601.238958
-4.772396,2,1130664.76445
-4.776492,2,1130728.195948
-4.965144,2,1130793.897855
-4.824644,2,1130851.977161
-4.710528,2,1130913.156776
-4.878063,2,1130976.203075
-4.740084,2,1131037.839337
-4.893607,2,1131096.919461
-4.736585,2,1131159.383611
-4.741227,2,1131227.954811
-4.783024,2,1131286.15716
-4.755899,2,1131345.661097
-4.742337,2,1131406.992682
-4.78465,2,1131467.600938
-4.971178,2,1131531.623258
-5.181144,2,1131592.755512
-4.775881,2,1131651.500903
-5.043849,2,1131715.570468
-4.744324,2,1131778.622964
-4.744607,2,1131840.733739
-5.614857,2,1131904.498696
-5.284592,3,1131995.977468
-4.741837,2,1132061.470851
-4.749752,2,1132125.973183
-4.764594,2,1132187.776747
-4.879785,2,1132247.377644
-4.764679,2,1132309.154011
-4.857059,2,1132366.967825
-5.683548,3,1132453.514165
-4.739953,2,1132523.832237
-4.757797,2,1132583.315096
-4.763678,2,1132647.824419
-4.742082,2,1132712.791252
-5.030652,2,1132778.898391
-4.739079,2,1132834.805258
-4.740455,2,1132899.111343
-4.920365,2,1132958.102601
-4.759061,2,1133023.531947
-5.208802,2,1133090.674468
-4.741719,2,1133147.854248
-5.177875,2,1133208.635976
-5.028968,2,1133271.057423
-4.827662,2,1133330.531699
-4.869509,2,1133393.687546
-4.753022,2,1133459.60926
-4.782271,2,1133514.245555
-5.965696,3,1133598.908594
-5.519464,3,1133691.699558
-5.239457,2,1133752.304188
-4.741174,2,1133812.172476
-4.737131,2,1133877.13734
-5.177656,2,1133942.278125
-5.073907,2,1133998.350809
-4.898073,2,1134063.046582
-4.744629,2,1134123.266114
-4.763901,2,1134186.003065
-5.001858,2,1134248.521094
-5.076857,2,1134314.10299
-5.648051,3,1134403.395379
-4.989625,2,1134468.459714
-4.758778,2,1134527.091444
-4.979962,2,1134587.96908
-4.949528,2,1134643.030082
-5.195261,2,1134701.235912
-5.062897,2,1134768.648613
-4.742329,2,1134828.740113
-4.767022,2,1134889.277343
-4.711611,2,1134950.260139
-4.74868,2,1135012.181803
-4.741253,2,1135078.096943
-4.689337,2,1135139.529209
-4.976385,2,1135201.417033
-4.771524,2,1135263.680525
-5.179093,2,1135326.238851
-4.858553,2,1135389.636883
-4.703036,2,1135451.782216
-4.749055,2,1135512.313952
-4.840391,2,1135572.298465
-5.394425,3,1135657.737495
-4.815241,2,1135730.336032
-4.733478,2,1135794.997349
-4.774075,2,1135854.939298
-4.735138,2,1135920.764974
-4.969194,2,1135981.704701
-4.737408,2,1136045.084955
-4.742707,2,1136105.295343
-4.981984,2,1136168.1077
-4.772894,2,1136231.827654
-4.673516,2,1136301.214962
-4.840441,2,1136356.993346
-4.847449,2,1136418.531796
-4.967779,2,1136485.489208
-4.774925,2,1136541.801892
-4.777892,2,1136603.43394
-4.751017,2,1136665.018965
-4.993864,2,1136725.113145
-5.212685,2,1136783.2213
-4.761082,2,1136849.101518
-4.760263,2,1136909.688919
-4.737295,2,1136973.598884
-4.724028,2,1137035.991906
-4.746826,2,1137096.574091
-4.844369,2,1137157.003956
-4.78511,2,1137218.295676
-4.743643,2,1137283.388458
-5.359146,3,1137362.681729
-5.087211,2,1137434.688587
-4.744951,2,1137498.762358
-4.871808,2,1137557.817624
-5.412315,2,1137630.200948
-4.77237,2,1137684.991049
-4.710024,2,1137743.876862
-5.415752,3,1137824.737398
-5.799186,3,1137921.316477
-4.751201,2,1137986.241915
-4.699103,2,1138049.915155
-4.770274,2,1138109.159851
-4.747773,2,1138169.679219
-5.529822,3,1138246.495416
-4.690605,2,1138310.21749
-5.505459,3,1138399.498239
-4.86087,2,1138468.14434
-5.072012,2,1138526.823563
-5.073661,2,1138596.125947
-4.900396,2,1138650.718841
-4.702226,2,1138715.17961
-5.080264,2,1138775.92738
-4.778139,2,1138839.703073
-4.707145,2,1138900.336283
-4.792544,2,1138963.172241
-5.080561,2,1139024.319089
-4.747502,2,1139090.84268
-4.784968,2,1139142.495868
-4.743108,2,1139204.476966
-4.742042,2,1139262.317731
-4.922664,2,1139322.291775
-4.773141,2,1139385.023953
-4.739276,2,1139446.306462
-5.054163,2,1139509.284006
-4.715546,2,1139568.729326
-4.761364,2,1139634.582454
-4.735262,2,1139693.632189
-4.767492,2,1139756.344166
-5.039383,2,1139820.071305
-4.736208,2,1139882.184211
-4.708884,2,1139944.234496
-4.743519,2,1140007.500433
-5.052649,2,1140067.718117
-4.748973,2,1140132.664509
-5.177875,2,1140191.397654
-4.75409,2,1140253.112016
-4.841884,2,1140314.418102
-4.963253,2,1140377.679561
-4.744098,2,1140441.518318
-5.347308,3,1140526.128258
-4.736127,2,1140594.99061
-5.181144,2,1140656.993107
-4.772449,2,1140720.881829
-5.181144,2,1140779.240803
-4.819797,2,1140846.238508
-4.738945,2,1140903.515062
-4.876154,2,1140965.840963
-5.322864,3,1141056.257044
-5.143246,2,1141128.604413
-4.726883,2,1141189.756371
-4.740555,2,1141252.358508
-4.883925,2,1141314.551043
-4.700751,2,1141376.958179
-4.71248,2,1141435.613986
-4.834019,2,1141498.057405
-4.793387,2,1141555.914363
-4.741878,2,1141621.466473
-5.419614,3,1141705.594742
-4.772582,2,1141780.18793
-5.011181,2,1141837.873434
-4.781683,2,1141896.794262
-5.180102,2,1141958.898448
-5.027476,2,1142023.201947
-4.895558,2,1142085.175086
-4.697274,2,1142143.637158
-4.716942,2,1142207.711021
-4.957377,2,1142268.042676
-4.687705,2,1142329.866912
-4.783073,2,1142387.580114
-4.775482,2,1142451.07601
-5.231833,3,1142540.287278
-5.625078,3,1142624.33671
-5.060134,2,1142695.45868
-5.128848,2,1142748.736001
-5.134044,2,1142812.643274
-5.178621,2,1142869.47789
-4.752612,2,1142931.381004
-5.181144,2,1142991.64334
-4.822506,2,1143053.99148
-4.733847,2,1143117.905081
-4.85887,2,1143183.848362
-5.072897,2,1143244.057379
-5.177875,2,1143307.950525
-4.78016,2,1143373.567472
-5.007933,2,1143437.314714
-4.937822,2,1143495.559521
-4.689084,2,1143559.653553
-5.089923,2,1143611.903442
-4.750832,2,1143669.512791
-5.16202,2,1143726.927959
-5.181144,2,1143787.713199
-4.751744,2,1143852.276156
-4.681628,2,1143914.116529
-4.953207,2,1143974.450234
-4.763659,2,1144037.92664
-4.72502,2,1144098.299276
-4.735786,2,1144158.267418
-4.947773,2,1144224.075223
-4.802443,2,1144288.949574
-5.785886,3,1144366.638962
-4.879263,2,1144439.22235
-4.969185,2,1144501.716291
-4.874878,2,1144562.946974
-4.72566,2,1144627.731514
-4.783066,2,1144683.978868
-5.757009,3,1144766.320219
-5.162814,2,1144835.082594
-5.052295,2,1144903.943538
-4.851417,2,1144958.507729
-4.695418,2,1145021.786741
-4.798962,2,1145083.904137
-4.830433,2,1145144.780771
-4.74763,2,1145205.509849
-4.734089,2,1145268.881856
-4.738517,2,1145331.491057
-4.768415,2,1145396.717554
-4.833339,2,1145456.424327
-4.884389,2,1145518.987399
-4.764757,2,1145580.640634
-4.740982,2,1145641.593688
-4.723867,2,1145706.389262
-5.074447,2,1145761.731925
-4.743496,2,1145825.991047
-5.177875,2,1145887.664201
-4.775036,2,1145947.580898
-5.149142,2,1146010.978753
-4.737096,2,1146076.193974
-4.745449,2,1146142.226732
-5.038672,2,1146205.329182
-4.783146,2,1146268.234729
-4.74773,2,1146328.482772
-5.182811,2,1146391.340939
-5.258431,2,1146460.030661
-4.781241,2,1146521.81389
-4.841666,2,1146581.995019
-4.741816,2,1146645.821646
-4.748345,2,1146704.875063
-4.749583,2,1146766.943029
-4.868356,2,1146827.873876
-4.758706,2,1146894.660459
-4.905992,2,1146957.816162
-4.706617,2,1147018.927166
-5.177875,2,1147079.348631
-4.670765,2,1147147.361756
-4.765095,2,1147198.833978
-4.974927,2,1147259.672578
-4.769199,2,1147314.28733
-4.846502,2,1147375.481396
-4.746151,2,1147437.711841
-4.704617,2,1147498.144035
-4.749145,2,1147559.193851
-4.680376,2,1147624.817008
-4.743007,2,1147680.324511
-4.812106,2,1147740.376891
-4.744221,2,1147804.636026
-5.09161,2,1147865.337412
-5.464611,3,1147944.894723
-4.83921,2,1148011.856586
-4.672487,2,1148073.864896
-4.742536,2,1148122.232348
-4.733222,2,1148175.665256
-4.791916,2,1148231.103024
-4.706513,2,1148290.141816
-5.177875,2,1148350.369678
-4.766486,2,1148412.575735
-4.763213,2,1148475.25887
-4.733773,2,1148533.179628
-4.773666,2,1148592.589903
-4.698488,2,1148649.940402
-4.863285,2,1148710.436876
-5.181144,2,1148769.618403
-4.791901,2,1148827.330874
-5.176832,2,1148886.319221
-4.77612,2,1148944.686786
-4.935408,2,1149003.090942
-4.877988,2,1149062.580703
-4.741944,2,1149121.42894
-5.159216,2,1149176.867544
-4.735599,2,1149236.167606
-4.881756,2,1149294.127192
-5.11266,2,1149355.146284
-4.744175,2,1149414.595545
-5.177875,2,1149478.238928
-4.81715,2,1149538.884198
-4.743259,2,1149594.144549
-4.763936,2,1149654.601087
-4.687498,2,1149716.127956
-4.815952,2,1149771.99565
-4.844961,2,1149826.79044
-4.686403,2,1149890.4239
-4.740763,2,1149945.393965
-5.367023,3,1150029.817054
-4.707385,2,1150091.562532
-5.177875,2,1150149.88461
-5.047312,2,1150207.840166
-4.783736,2,1150264.13472
-5.177875,2,1150319.732094
-5.084038,2,1150381.350443
-4.737586,2,1150440.919852
-4.742848,2,1150498.576608
-4.847767,2,1150558.060786
-4.742122,2,1150615.993555
-5.177875,2,1150676.590391
-4.788508,2,1150734.906294
-4.712681,2,1150793.152953
-5.491522,3,1150873.684044
-4.708113,2,1150940.775977
-4.742549,2,1150998.501573
-4.789817,2,1151061.015752
-4.721205,2,1151120.245999
-4.923035,2,1151178.519155
-4.732657,2,1151240.441498
-4.74204,2,1151300.790608
-4.768102,2,1151355.748101
-4.749606,2,1151415.572365
-4.872272,2,1151473.12417
-4.742263,2,1151524.123935
-5.181144,2,1151580.767959
-5.004932,2,1151637.969546
-4.741737,2,1151697.247355
-4.840779,2,1151758.528547
-4.696711,2,1151818.952723
-5.1209,2,1151876.865992
-4.700652,2,1151937.103059
-4.732119,2,1151996.684974
-4.973402,2,1152052.084742
-5.050703,2,1152113.0172
-4.739548,2,1152176.922663
-5.676492,3,1152257.632055
-4.735394,2,1152320.663678
-4.74327,2,1152372.554273
-4.716915,2,1152427.441701
-4.741912,2,1152480.420098
-4.99983,2,1152539.916877
-5.181144,2,1152597.732332
-4.722055,2,1152654.073728
-4.790498,2,1152710.748522
-5.750715,3,1152796.280493
-4.719718,2,1152861.445403
-4.780365,2,1152918.395887
-4.743965,2,1152981.237972
-4.775555,2,1153036.47336
-4.87685,2,1153095.088759
-5.152906,2,1153154.991574
-4.742298,2,1153212.038096
-4.739351,2,1153275.825149
-4.839126,2,1153327.409766
-5.630531,3,1153411.500434
-4.775236,2,1153472.0693
-5.606523,2,1153530.623331
-4.759784,2,1153587.530774
-4.92158,2,1153645.259962
-4.775103,2,1153704.648492
-4.749812,2,1153763.297136
-5.106683,2,1153826.98646
-5.009271,2,1153884.116957
-4.9233,2,1153943.447157
-4.732898,2,1154005.069145
-5.188095,2,1154062.699359
-4.80217,2,1154118.688929
-5.513369,3,1154201.93392
-4.750886,2,1154265.931422
-4.707979,2,1154326.059126
-4.771775,2,1154380.615613
-5.041128,2,1154440.134497
-4.765265,2,1154499.201298
-4.850509,2,1154553.939996
-4.796088,2,1154613.208077
-4.773741,2,1154673.294749
-5.323735,2,1154730.307278
-4.742417,2,1154786.954726
-4.737764,2,1154847.255976
-4.74616,2,1154907.85999
-4.744546,2,1154961.799056
-4.718357,2,1155022.288364
-4.958776,2,1155081.650672
-4.820855,2,1155140.199177
-4.744389,2,1155198.806441
-4.742172,2,1155261.743665
-4.784792,2,1155316.985721
-5.473833,3,1155402.027104
-4.872941,2,1155465.055237
-4.747746,2,1155521.964815
-4.742407,2,1155579.840509
-5.177875,2,1155637.116625
-5.881658,3,1155715.810067
-4.954021,2,1155776.755713
-4.731968,2,1155829.826561
-4.987855,2,1155894.351038
-4.782946,2,1155945.55401
-4.756916,2,1156007.377631
-4.770002,2,1156068.866714
-5.344015,3,1156143.19931
-4.844206,2,1156214.85889
-4.703008,2,1156273.390778
-4.854117,2,1156334.984142
-4.73257,2,1156393.448477
-4.863876,2,1156454.924012
-4.787171,2,1156513.440449
-4.76253,2,1156569.922542
-4.957766,2,1156628.000929
-4.750188,2,1156684.773426
-4.953786,2,1156738.488064
-4.822781,2,1156789.879694
-4.812475,2,1156851.782484
-4.721185,2,1156909.30553
-4.778011,2,1156968.325672
-4.814402,2,1157028.013945
-4.882889,2,1157089.907652
-4.925186,2,1157149.86907
-4.744418,2,1157210.21139
-4.797643,2,1157269.377604
-4.702149,2,1157329.528888
-4.804561,2,1157383.480456
-4.77755,2,1157444.201304
-4.717474,2,1157504.435854
-4.826501,2,1157562.463807
-5.415909,3,1157644.516747
-5.178208,2,1157707.928394
-5.177875,2,1157762.520501
-4.981837,2,1157824.014653
-4.736816,2,1157880.080209
-5.177875,2,1157939.77951
-4.743081,2,1158000.946786
-4.750341,2,1158058.688884
-4.73093,2,1158117.527924
-4.809165,2,1158179.612153
-4.745428,2,1158242.72707
-4.686379,2,1158303.076797
-4.759529,2,1158359.781924
-4.757896,2,1158418.898353
-4.971772,2,1158479.146312
-4.939149,2,1158536.023849
-4.736433,2,1158600.318153
-4.950062,2,1158654.55376
-5.177786,2,1158712.931874
-5.356496,3,1158794.681039
-4.759636,2,1158855.217146
-4.923869,2,1158921.006421
-4.803155,2,1158973.663357
-4.695678,2,1159034.910359
-4.746995,2,1159092.197006
-4.741852,2,1159153.004471
-5.168965,2,1159220.292289
-4.697948,2,1159270.945078
-5.177644,2,1159331.282892
-4.778197,2,1159389.321346
-4.803887,2,1159448.933552
-5.092383,2,1159508.761239
-4.709971,2,1159566.963929
-4.806519,2,1159626.758294
-4.742819,2,1159683.897404
-4.840165,2,1159752.411712
-4.809035,2,1159805.79009
-4.747808,2,1159863.85766
-4.769723,2,1159920.91522
-4.798745,2,1159980.875752
-4.966689,2,1160036.013308
-4.705861,2,1160093.507171
-4.756056,2,1160146.398572
-4.74786,2,1160204.383409
-4.755052,2,1160264.873002
-4.739511,2,1160321.547084
-4.763292,2,1160382.38301
-5.025929,2,1160441.951097
-4.761536,2,1160504.898875
-4.751461,2,1160562.963489
-4.73194,2,1160619.45063
-4.825228,2,1160683.479933
-4.747839,2,1160746.931327
-5.384268,3,1160829.377926
-4.727736,2,1160898.149564
-4.709612,2,1160960.472323
-4.886764,2,1161010.385148
-4.74938,2,1161060.151588
-4.842726,2,1161120.298453
-4.741772,2,1161180.475293
-4.794684,2,1161240.790832
-4.906065,2,1161299.689579
-5.181144,2,1161358.221325
-4.857773,2,1161422.400862
-4.783928,2,1161477.276369
-4.706735,2,1161535.100123
-4.740941,2,1161595.915635
-4.75024,2,1161654.811697
-4.74181,2,1161714.192845
-4.852915,2,1161769.952648
-4.857933,2,1161832.409185
-4.707487,2,1161892.711004
-4.749063,2,1161949.557508
-5.413382,3,1162024.237818
-4.743486,2,1162092.27182
-4.759963,2,1162153.428068
-4.792559,2,1162210.465261
-4.742788,2,1162269.489242
-4.765073,2,1162328.967343
-4.746273,2,1162387.973156
-4.744856,2,1162446.92213
-4.70685,2,1162504.147959
-5.177786,2,1162564.608325
-4.782781,2,1162624.606993
-4.737124,2,1162684.795374
-4.778074,2,1162742.582661
-4.734827,2,1162803.45343
-4.707356,2,1162859.265736
-4.742278,2,1162918.014434
-4.907646,2,1162972.948949
-5.181144,2,1163030.612184
-4.919911,2,1163087.25858
-4.782585,2,1163148.506543
-4.749595,2,1163204.771155
-4.715439,2,1163267.202927
-4.974187,2,1163325.643373
-4.727514,2,1163384.701479
-4.741539,2,1163443.182772
-4.744002,2,1163500.850793
-5.104302,2,1163565.912936
-5.177875,2,1163623.34943
-4.734416,2,1163682.579921
-4.73128,2,1163743.371374
-4.840305,2,1163801.927437
-4.911691,2,1163860.119634
-4.738636,2,1163922.965793
-4.789419,2,1163983.090462
-4.803231,2,1164043.953309
-4.747216,2,1164105.054253
-5.392849,3,1164185.798152
-4.741217,2,1164256.10033
-5.124108,2,1164307.896212
-4.743038,2,1164364.012981
-4.74228,2,1164416.454889
-4.724179,2,1164475.637828
-4.788284,2,1164537.101436
-4.780251,2,1164597.114941
-5.346521,3,1164676.388324
-4.871972,2,1164746.149622
-4.936879,2,1164802.547758
-4.99468,2,1164865.827026
-4.780021,2,1164922.617079
-4.820154,2,1164989.16108
-4.73346,2,1165042.640378
-4.778055,2,1165102.053099
-4.886252,2,1165161.774998
-4.781647,2,1165220.52248
-4.726836,2,1165275.543219
-4.74363,2,1165327.41948
-4.747311,2,1165383.38
-4.727687,2,1165442.052101
-4.672313,2,1165507.611366
-4.777795,2,1165562.258927
-4.728227,2,1165622.65821
-5.050828,2,1165682.181894
-4.702074,2,1165740.959546
-4.739158,2,1165801.240423
-4.928231,2,1165864.400316
-5.040702,2,1165918.944371
-5.084745,2,1165978.04006
-4.738559,2,1166036.100775
-4.788511,2,1166091.534788
-4.735959,2,1166160.047819
-4.792115,2,1166220.826078
-4.89103,2,1166283.786242
-4.911807,2,1166336.042362
-4.945258,2,1166392.330264
-4.703119,2,1166453.346236
-4.922638,2,1166516.550893
-4.774607,2,1166573.049943
-4.738914,2,1166630.620459
-4.744523,2,1166687.539163
-4.761934,2,1166744.01725
-4.742029,2,1166804.964129
-4.757011,2,1166869.845048
-5.036963,2,1166924.485402
-4.96961,2,1166983.755327
-4.699491,2,1167043.544157
-4.93624,2,1167105.473212
-5.757399,3,1167188.751026
-4.727525,2,1167247.178263
-5.091392,2,1167303.790046
-5.103164,2,1167363.973472
-4.904208,2,1167420.491289
-5.181144,2,1167477.406703
-4.78309,2,1167543.001172
-4.73032,2,1167602.941804
-4.737944,2,1167661.171831
-4.774251,2,1167717.636575
-4.754951,2,1167780.480044
-5.074281,2,1167837.397865
-4.750651,2,1167893.047816
-4.744337,2,1167951.778109
-4.736792,2,1168013.955805
-4.750747,2,1168072.993086
-4.84033,2,1168134.460472
-4.739,2,1168192.939978
-4.84328,2,1168252.457174
-4.939624,2,1168312.297873
-4.770547,2,1168374.131727
-4.738092,2,1168434.170306
-4.693272,2,1168495.910189
-4.930261,2,1168552.362188
-4.683096,2,1168616.363017
-4.738337,2,1168669.387721
-4.738738,2,1168726.632489
-4.980043,2,1168786.376393
-4.783885,2,1168847.261643
-4.899165,2,1168910.074762
-4.746744,2,1168969.871271
-4.775363,2,1169031.092815
-4.782451,2,1169090.681854
-4.7407,2,1169154.716162
-4.805042,2,1169217.923948
-5.016944,2,1169275.4226
-4.744205,2,1169338.832238
-4.965447,2,1169398.175265
-5.374241,3,1169484.756855
-4.738942,2,1169547.359363
-4.736708,2,1169611.25474
-4.732957,2,1169663.378117
-4.74197,2,1169721.367993
-4.736535,2,1169779.890833
-4.923824,2,1169842.475768
-4.769745,2,1169899.803444
-4.74158,2,1169961.626747
-4.8496,2,1170022.629433
-4.74937,2,1170090.692432
-4.765094,2,1170151.819929
-4.789551,2,1170213.116052
-5.177875,2,1170272.813741
-4.865846,2,1170334.861573
-4.754314,2,1170389.799836
-4.982144,2,1170455.995137
-4.708798,2,1170514.30101
-4.737356,2,1170578.593497
-5.489608,3,1170661.668425
-4.886527,2,1170728.804372
-4.835223,2,1170791.499628
-4.763125,2,1170859.339959
-4.896351,2,1170917.796591
-4.708595,2,1170979.311328
-4.854291,2,1171037.810379
-4.740715,2,1171097.446359
-4.87225,2,1171158.95139
-4.746974,2,1171220.202662
-5.022305,2,1171277.665388
-4.751295,2,1171340.016136
-5.03483,2,1171399.486623
-4.755671,2,1171465.439475
-4.780778,2,1171523.666393
-4.758507,2,1171584.184222
-4.792304,2,1171641.261055
-4.761517,2,1171699.441549
-4.753276,2,1171765.912528
-4.904897,2,1171822.655283
-4.931853,2,1171895.356775
-4.788511,2,1171952.396943
-5.105013,2,1172009.416358
-4.730136,2,1172075.621845
-4.750224,2,1172130.178813
-4.910495,2,1172188.59464
-5.177875,2,1172252.340106
-4.736798,2,1172317.036378
-5.093359,2,1172374.004673
-4.750911,2,1172437.505011
-4.78731,2,1172497.180228
-4.889124,2,1172557.467028
-4.844532,2,1172614.101012
-4.70892,2,1172673.205758
-4.985529,2,1172735.977357
-5.057777,2,1172792.748406
-4.743301,2,1172855.612714
-5.04171,2,1172913.757747
-4.856241,2,1172979.606392
-4.782523,2,1173032.834201
-4.683584,2,1173092.394112
-5.037998,2,1173149.770657
-4.76136,2,1173211.213655
-4.69971,2,1173273.391326
-4.754179,2,1173332.977069
-4.73334,2,1173395.675022
-4.832478,2,1173461.03281
-4.771368,2,1173518.500832
-4.879621,2,1173579.961691
-4.925738,2,1173644.640845
-4.760352,2,1173702.272085
-4.898235,2,1173765.564727
-4.72103,2,1173826.799179
-4.677273,2,1173891.26422
-4.75322,2,1173944.96996
-4.866527,2,1174009.544639
-5.069234,2,1174065.715466
-4.742334,2,1174129.046209
-4.753419,2,1174187.030863
-4.966876,2,1174256.191371
-4.725043,2,1174311.749898
-4.783796,2,1174370.855233
-4.734522,2,1174434.702886
-4.752246,2,1174496.715985
-4.732421,2,1174552.687898
-5.987152,3,1174651.634931
-4.774476,2,1174705.417403
-4.751233,2,1174763.923434
-4.964674,2,1174823.656964
-4.740621,2,1174884.68844
-4.763639,2,1174949.42378
-4.781535,2,1175010.917419
-4.74539,2,1175071.136843
-4.789784,2,1175130.609412
-4.866761,2,1175189.612579
-4.720553,2,1175257.220156
-4.772771,2,1175315.661891
-4.741462,2,1175378.686291
-4.843374,2,1175440.43308
-4.750517,2,1175502.47794
-5.177875,2,1175562.156406
-4.742382,2,1175625.374675
-5.177875,2,1175685.547586
-4.742287,2,1175746.193052
-5.108383,2,1175807.165591
-4.884771,2,1175869.651489
-4.781264,2,1175929.734224
-4.79725,2,1175987.194335
-4.749725,2,1176047.080979
-4.742208,2,1176104.562965
-4.724295,2,1176171.36173
-4.750564,2,1176233.662271
-4.738856,2,1176296.248492
-4.731886,2,1176357.799007
-4.731977,2,1176414.31032
-4.890671,2,1176474.200826
-4.819872,2,1176537.457892
-4.869318,2,1176597.734667
-4.897361,2,1176656.961059
-4.770756,2,1176718.091929
-5.089157,2,1176774.712185
-4.816635,2,1176837.97787
-4.742513,2,1176896.062536
-4.742106,2,1176955.554991
-4.736628,2,1177018.054177
-4.70889,2,1177077.945872
-4.712639,2,1177139.009582
-4.804731,2,1177198.505723
-4.718276,2,1177258.856139
-4.8941,2,1177317.909193
-4.883916,2,1177375.895315
-4.753488,2,1177432.288623
-4.774987,2,1177488.94338
-4.737478,2,1177549.393166
-4.737368,2,1177613.071756
-4.775605,2,1177674.489262
-4.768047,2,1177735.304782
-5.058729,2,1177796.136661
-4.748192,2,1177860.058671
-4.745004,2,1177918.962128
-4.749224,2,1177978.692519
-4.769687,2,1178039.47223
-4.887292,2,1178097.823889
-4.764368,2,1178159.684566
-4.948096,2,1178228.027097
-4.735318,2,1178285.30317
-5.009553,2,1178344.193412
-4.748365,2,1178401.593901
-4.760744,2,1178453.687503
-5.072875,2,1178511.629263
-4.735276,2,1178571.600271
-4.744938,2,1178631.241961
-4.773134,2,1178690.067781
-5.087381,2,1178751.242366
-4.691215,2,1178813.261276
-4.737058,2,1178874.517093
-5.541158,3,1178966.79616
-5.150858,2,1179030.175137
-4.906577,2,1179089.341901
-4.892053,2,1179148.477618
-4.723913,2,1179208.174088
-4.749591,2,1179269.504809
-4.802418,2,1179331.890811
-4.765589,2,1179396.542133
-4.749585,2,1179454.555961
-4.743559,2,1179513.926077
-4.965192,2,1179573.711642
-4.712019,2,1179639.922587
-4.70846,2,1179698.006363
-4.742802,2,1179756.101931
-4.713519,2,1179816.690333
-4.7503,2,1179875.038535
-4.75188,2,1179943.855076
-4.742742,2,1180002.266976
-5.12517,2,1180063.37605
-4.722607,2,1180125.746477
-4.74165,2,1180187.401365
-4.782361,2,1180250.462591
-4.755095,2,1180310.003639
-5.063527,2,1180373.562486
-4.770384,2,1180429.925615
-5.358966,2,1180493.83179
-4.738091,2,1180551.211612
-4.725289,2,1180610.854487
-4.751212,2,1180670.400727
-4.750472,2,1180731.88126
-4.961299,2,1180792.808909
-4.713263,2,1180855.311114
-4.777225,2,1180913.819252
-4.700486,2,1180978.352124
-4.738664,2,1181037.990547
-4.735815,2,1181104.977004
-4.884441,2,1181162.111865
-4.716859,2,1181224.113035
-4.764669,2,1181284.239923
-4.75983,2,1181347.051806
-4.983226,2,1181410.716542
-4.740987,2,1181467.463959
-4.832477,2,1181529.378064
-4.704597,2,1181589.720046
-4.712099,2,1181650.297853
-4.687784,2,1181713.936056
-5.09844,2,1181767.13757
-4.771765,2,1181821.304538
-4.707776,2,1181883.543181
-7.361185,3,1181964.030177
-4.821278,2,1182040.958646
-4.840849,2,1182098.977178
-4.723062,2,1182161.891978
-4.852561,2,1182228.487933
-4.791297,2,1182288.743088
-4.798189,2,1182351.435796
-4.696375,2,1182413.493848
-4.758927,2,1182476.492003
-4.748277,2,1182531.711374
-4.934747,2,1182591.056057
-5.073388,2,1182651.053105
-4.739884,2,1182710.138899
-4.747951,2,1182777.440366
-4.719898,2,1182831.330788
-4.797552,2,1182890.19783
-4.745395,2,1182945.95038
-4.844767,2,1183011.806444
-4.863283,2,1183067.187817
-4.708835,2,1183128.011607
-4.827032,2,1183193.346818
-4.708781,2,1183253.016016
-4.723563,2,1183313.261151
-4.835692,2,1183373.97798
-4.775067,2,1183438.635437
-4.72317,2,1183499.443916
-4.745646,2,1183562.522277
-4.742666,2,1183619.869468
-4.849602,2,1183682.297266
-4.75207,2,1183747.335713
-4.743732,2,1183801.646724
-4.750813,2,1183864.128281
-5.0019,2,1183921.910578
-4.777145,2,1183980.157866
-4.76873,2,1184042.763765
-4.836723,2,1184104.344818
-4.750902,2,1184164.989526
-4.816642,2,1184226.561696
-4.741717,2,1184286.351772
-4.742677,2,1184346.831922
-4.744604,2,1184411.03669
-4.865807,2,1184472.893818
-4.752531,2,1184532.736426
-4.951051,2,1184592.62917
-4.733019,2,1184657.992525
-4.740204,2,1184716.173814
-4.74974,2,1184774.527272
-4.77199,2,1184836.042511
-4.705148,2,1184893.282574
-4.809983,2,1184954.051319
-4.706406,2,1185011.909201
-4.748964,2,1185073.05327
-4.985652,2,1185133.66761
-4.912869,2,1185192.836806
-4.742187,2,1185253.145315
-4.813257,2,1185316.062521
-4.748644,2,1185373.506325
-4.741629,2,1185436.891955
-4.754798,2,1185496.733875
-4.734934,2,1185559.943497
-4.784466,2,1185620.707307
-4.799757,2,1185683.019374
-4.769796,2,1185741.843378
-4.743842,2,1185803.087176
-4.950875,2,1185861.922586
-4.783329,2,1185923.675568
-4.940196,2,1185989.075861
-4.777596,2,1186044.099162
-4.74165,2,1186100.871859
-4.748957,2,1186160.268061
-4.745294,2,1186216.527942
-4.895604,2,1186280.376331
-4.76115,2,1186340.287676
-4.795318,2,1186397.106357
-5.24992,2,1186466.63801
-4.761028,2,1186518.885477
-4.772626,2,1186584.540891
-4.857669,2,1186644.691042
-5.17218,2,1186701.717208
-4.777336,2,1186765.21254
-4.762783,2,1186825.830536
-4.800474,2,1186889.749104
-4.743121,2,1186950.826167
-5.119233,2,1187013.475023
-4.735796,2,1187073.561026
-4.742695,2,1187134.962682
-4.749248,2,1187194.059933
-5.558884,3,1187270.21908
-4.741645,2,1187333.497756
-4.755344,2,1187393.216254
-4.746813,2,1187453.393656
-4.774387,2,1187518.896656
-4.837131,2,1187578.302475
-4.968152,2,1187643.960137
-4.790404,2,1187704.03557
-4.676677,2,1187766.562029
-4.752005,2,1187821.663176
-4.926791,2,1187886.446277
-4.733266,2,1187943.622586
-4.825034,2,1188007.38568
-4.732168,2,1188068.154556
-5.181144,2,1188130.922779
-4.982235,2,1188199.08887
-4.741694,2,1188254.305672
-4.772119,2,1188316.894879
-4.884811,2,1188375.335877
-4.75124,2,1188442.666976
-4.707847,2,1188503.695482
-4.769937,2,1188559.957798
-4.790884,2,1188619.5286
-4.741886,2,1188683.575405
-4.8365,2,1188742.401459
-4.772506,2,1188802.864699
-5.381244,3,1188886.364256
-4.718076,2,1188954.418603
-4.768775,2,1189017.328251
-4.812599,2,1189077.632207
-4.779069,2,1189136.993369
-5.316667,3,1189225.84212
-4.742069,2,1189284.656795
-4.770932,2,1189345.690068
-4.722479,2,1189409.49633
-4.744668,2,1189465.901779
-4.936272,2,1189530.594371
-4.732833,2,1189593.476402
-4.912983,2,1189653.358965
-4.76109,2,1189718.551849
-4.702126,2,1189773.775297
-4.749525,2,1189832.809834
-4.853727,2,1189893.034993
-4.761102,2,1189953.906637
-4.688386,2,1190017.447686
-4.737216,2,1190073.917747
-4.737637,2,1190133.914929
-4.742077,2,1190194.863621
-4.743755,2,1190255.887498
-4.764194,2,1190314.440497
-4.744305,2,1190376.750976
-4.825455,2,1190437.484869
-4.821782,2,1190500.021686
-4.712063,2,1190561.26731
-4.747928,2,1190613.423065
-4.748777,2,1190670.444144
-4.73733,2,1190729.426254
-4.744995,2,1190790.60755
-4.833578,2,1190857.147256
-4.700209,2,1190911.810646
-4.970786,2,1190974.373306
-4.764409,2,1191035.242949
-4.770918,2,1191095.640662
-4.750261,2,1191160.563838
-4.735116,2,1191222.606742
-4.716726,2,1191285.832506
-4.749184,2,1191346.75457
-4.901719,2,1191411.004979
-4.782746,2,1191469.527244
-4.758935,2,1191531.719278
-4.754056,2,1191591.838506
-4.754287,2,1191651.200085
-4.707872,2,1191710.469042
-4.700432,2,1191771.389318
-4.774761,2,1191825.545465
-4.890879,2,1191890.095318
-4.790716,2,1191946.301424
-4.796469,2,1192011.098098
-4.742447,2,1192064.915504
-4.748807,2,1192129.348278
-4.757462,2,1192191.261929
-4.713865,2,1192253.513063
-4.768064,2,1192310.906898
-4.740132,2,1192371.286204
-4.748057,2,1192433.252517
-4.71254,2,1192492.430429
-4.759452,2,1192559.55062
-4.77829,2,1192612.570391
-4.954389,2,1192679.787815
-4.99704,2,1192738.367317
-4.840539,2,1192790.595717
-5.177875,2,1192855.364774
-5.800245,3,1192938.491266
-4.693344,2,1193005.027674
-4.88626,2,1193068.080554
-5.116954,2,1193136.18738
-4.735103,2,1193190.497438
-4.784412,2,1193248.699769
-4.764148,2,1193310.994039
-4.739995,2,1193372.619682
-4.742922,2,1193430.821133
-4.750447,2,1193489.554556
-4.882525,2,1193551.494051
-4.754458,2,1193610.996211
-4.768225,2,1193672.552371
-4.745951,2,1193734.845184
-4.673309,2,1193803.716065
-4.73974,2,1193860.964157
-4.74078,2,1193921.387448
-4.74603,2,1193983.617168
-4.741661,2,1194045.691795
-4.742,2,1194107.811778
-4.742115,2,1194168.237731
-4.792971,2,1194231.272649
-4.804598,2,1194293.210034
-4.740965,2,1194358.112662
-4.756352,2,1194420.275829
-4.692463,2,1194483.528152
-4.747773,2,1194542.640502
-5.105158,2,1194601.359347
-4.774352,2,1194664.126571
-4.730284,2,1194724.024889
-4.777748,2,1194787.908634
-4.739125,2,1194849.300559
-4.685736,2,1194910.788244
-4.741861,2,1194963.894783
-4.861995,2,1195019.59121
-4.742061,2,1195079.480841
-4.745741,2,1195146.016177
-4.809243,2,1195213.400826
-4.926549,2,1195267.699037
-4.976375,2,1195327.73755
-5.091471,2,1195391.261089
-4.809451,2,1195451.575691
-5.181144,2,1195508.479225
-4.894208,2,1195570.452216
-4.759614,2,1195635.553304
-4.973977,2,1195692.167477
-4.800342,2,1195751.82638
-4.741545,2,1195814.055487
-4.80538,2,1195876.930415
-4.947985,2,1195939.218868
-4.745505,2,1196000.375009
-4.71233,2,1196057.352523
-4.743006,2,1196112.545506
-4.751874,2,1196166.710807
-4.706282,2,1196228.508132
-4.74735,2,1196289.888324
-4.739601,2,1196352.940962
-4.771936,2,1196412.564745
-4.713904,2,1196475.900699
-4.8116,2,1196539.676102
-4.74546,2,1196596.501325
-4.743027,2,1196660.285974
-4.888579,2,1196721.897285
-4.740639,2,1196785.33323
-4.698446,2,1196848.862626
-4.749838,2,1196907.917878
-4.81848,2,1196967.603105
-4.714405,2,1197031.705895
-4.742583,2,1197090.246188
-4.737641,2,1197153.397872
-4.722693,2,1197214.387762
-4.967219,2,1197277.598807
-4.847083,2,1197333.938362
-4.696022,2,1197395.563822
-5.337812,3,1197474.43684
-4.741086,2,1197547.638741
-4.725662,2,1197609.952219
-4.777752,2,1197670.121664
-4.884552,2,1197733.166063
-4.793857,2,1197794.284219
-5.27605,3,1197875.034545
-5.271435,2,1197950.792709
-4.732667,2,1198007.132381
-4.708139,2,1198062.186436
-4.903976,2,1198125.279416
-4.857367,2,1198185.216531
-4.709108,2,1198245.205996
-4.746506,2,1198307.690788
-4.772797,2,1198371.141045
-4.738349,2,1198437.024405
-4.790684,2,1198494.922298
-4.878333,2,1198555.693473
-5.050541,2,1198617.337318
-4.736391,2,1198677.747664
-5.019416,2,1198738.90965
-4.898898,2,1198800.070614
-4.821584,2,1198862.450653
-4.742417,2,1198923.140607
-4.726655,2,1198985.752828
-4.882574,2,1199048.545679
-4.745902,2,1199109.80248
-4.82091,2,1199167.382368
-4.707225,2,1199225.527863
-4.916154,2,1199285.399276
-4.967102,2,1199342.389184
-4.704163,2,1199400.200698
-4.762418,2,1199466.159031
-4.744223,2,1199527.006654
-4.960781,2,1199588.339227
-4.7378,2,1199646.818671
-4.967513,2,1199708.283396
-5.029656,2,1199769.121156
-4.707123,2,1199829.400921
-4.898106,2,1199892.816251
-4.736347,2,1199949.722196
-5.178249,2,1200011.463326
-4.720884,2,1200074.837894
-4.734049,2,1200132.624594
-4.741374,2,1200194.731917
-4.94527,2,1200263.761688
-4.957046,2,1200320.44878
-4.819911,2,1200379.784755
-5.072171,2,1200441.082684
-4.726865,2,1200500.380376
-4.715211,2,1200590.916408
-4.70883,2,1200681.845684
-4.800082,2,1200745.824183
-4.738526,2,1200805.166985
-4.78017,2,1200863.712142
-4.857456,2,1200923.607745
-4.748502,2,1200985.19902
-4.776783,2,1201047.502559
-4.760276,2,1201109.286818
-4.795728,2,1201170.462899
-4.873716,2,1201230.476268
-5.607877,3,1201319.651657
-4.722826,2,1201380.375098
-5.00366,2,1201443.399272
-4.749291,2,1201506.248755
-4.740027,2,1201566.246931
-4.790834,2,1201625.71674
-4.873279,2,1201690.744723
-4.769871,2,1201749.342033
-4.81825,2,1201811.514002
-4.758678,2,1201877.538963
-4.869274,2,1201932.148957
-4.744333,2,1201990.567056
-4.890305,2,1202054.239404
-4.744159,2,1202113.74451
-4.742128,2,1202172.39149
-4.716518,2,1202236.726519
-4.754074,2,1202298.940712
-4.70098,2,1202355.322012
-4.740079,2,1202416.693931
-4.778447,2,1202479.014629
-4.745689,2,1202536.637372
-4.73293,2,1202597.81931
-4.738868,2,1202665.76504
-4.778705,2,1202726.818352
-4.773982,2,1202791.203399
-4.687066,2,1202851.077461
-4.784729,2,1202910.451395
-4.760042,2,1202978.619334
-4.681935,2,1203039.043302
-4.692528,2,1203097.718154
-4.743099,2,1203157.545561
-4.804541,2,1203219.528035
-4.986893,2,1203279.478478
-4.775028,2,1203340.421857
-4.708799,2,1203397.347379
-4.986334,2,1203458.195244
-4.752667,2,1203519.865389
-4.710062,2,1203577.17069
-4.708154,2,1203638.046059
-4.741383,2,1203698.888317
-4.711454,2,1203753.184391
-4.707401,2,1203808.18649
-4.736497,2,1203865.95907
-4.857281,2,1203926.061396
-4.770776,2,1203992.130669
-4.692458,2,1204053.866354
-4.723856,2,1204118.497502
-4.760422,2,1204173.538788
-4.707339,2,1204237.258279
-4.741723,2,1204294.962555
-4.712251,2,1204358.121982
-4.709587,2,1204418.746322
-4.752372,2,1204480.805548
-4.75188,2,1204540.349524
-4.699856,2,1204602.06254
-4.708917,2,1204661.276821
-5.037015,2,1204725.750775
-4.755253,2,1204785.862378
-4.893963,2,1204845.839831
-4.708026,2,1204904.743033
-5.465969,2,1204962.225785
-4.708289,2,1205018.485062
-4.711964,2,1205072.634847
-4.705252,2,1205136.082018
-4.796136,2,1205193.833051
-4.701041,2,1205259.136658
-4.741897,2,1205318.469573
-4.759659,2,1205376.792018
-4.70705,2,1205447.691281
-5.431445,3,1205532.686506
-4.79093,2,1205598.711628
-4.94992,2,1205659.625172
-4.74274,2,1205718.23595
-4.776065,2,1205779.257746
-5.1779,2,1205840.535013
-4.753356,2,1205905.786953
-4.785234,2,1205964.359562
-4.764724,2,1206023.461251
-4.799544,2,1206082.165408
-5.0445,2,1206155.657885
-4.748812,2,1206213.410274
-4.952581,2,1206272.337438
-4.770984,2,1206331.345815
-4.800339,2,1206396.092409
-4.762282,2,1206460.58403
-4.794207,2,1206517.747656
-4.756538,2,1206577.783386
-4.807083,2,1206642.898203
-4.944001,2,1206697.331728
-4.707172,2,1206761.980678
-4.782465,2,1206823.933989
-4.773565,2,1206879.793093
-4.707761,2,1206941.285786
-4.712478,2,1206999.991865
-5.037772,2,1207058.931562
-4.723556,2,1207118.494572
-4.920047,2,1207179.677223
-4.742635,2,1207241.546848
-4.789771,2,1207301.083037
-4.680164,2,1207366.996572
-4.709005,2,1207422.707112
-4.736023,2,1207485.098065
-4.710924,2,1207543.609433
-4.849528,2,1207602.054798
-4.855759,2,1207671.06968
-4.770358,2,1207728.867078
-4.743737,2,1207791.624175
-4.720288,2,1207857.415439
-4.77099,2,1207921.05125
-4.872383,2,1207978.157853
-4.916762,2,1208043.098157
-4.775237,2,1208095.995523
-4.782737,2,1208151.648078
-5.120414,2,1208207.605405
-4.738921,2,1208267.518172
-4.740871,2,1208329.182264
-4.787782,2,1208392.099346
-4.809673,2,1208455.627691
-4.7597,2,1208517.166279
-4.735022,2,1208574.017909
-4.781927,2,1208632.412997
-4.729882,2,1208698.926827
-4.741997,2,1208757.144493
-5.572895,3,1208850.655153
-4.736906,2,1208911.318147
-4.752972,2,1208974.381857
-4.903451,2,1209032.514304
-4.708636,2,1209093.573541
-4.723638,2,1209157.019729
-4.742751,2,1209221.750608
-4.724957,2,1209280.6154
-4.703883,2,1209339.696632
-4.729661,2,1209397.327874
-4.909163,2,1209452.052641
-4.751416,2,1209511.513464
-4.722205,2,1209572.407312
-4.807728,2,1209628.981445
-4.782412,2,1209688.655048
-4.698623,2,1209751.717
-4.723693,2,1209814.008375
-4.776432,2,1209874.834282
-4.835965,2,1209935.203165
-4.759344,2,1209994.678876
-5.006017,2,1210057.094424
-5.022068,2,1210122.528884
-4.726067,2,1210174.254398
-4.750726,2,1210235.519966
-4.747469,2,1210294.615313
-4.686749,2,1210361.041695
-4.733618,2,1210416.806149
-4.792163,2,1210474.245228
-4.708249,2,1210534.985015
-5.015052,2,1210597.355723
-4.705336,2,1210659.757301
-4.767622,2,1210717.203159
-4.791118,2,1210780.567978
-4.775589,2,1210840.886179
-4.846326,2,1210907.200924
-4.713412,2,1210963.28068
-4.731771,2,1211026.613117
-4.749307,2,1211081.843821
-4.723164,2,1211142.377311
-4.899947,2,1211205.246732
-4.879728,2,1211267.759959
-4.743465,2,1211325.669473
-4.710681,2,1211391.232018
-4.757129,2,1211453.317607
-4.686447,2,1211511.712903
-4.737352,2,1211569.527283
-4.752249,2,1211630.760364
-4.727591,2,1211699.414854
-4.889349,2,1211753.829797
-4.742922,2,1211815.781834
-4.783912,2,1211874.620632
-4.941962,2,1211935.728633
-4.74178,2,1211996.898175
-4.76871,2,1212055.604871
-4.935048,2,1212115.502656
-4.747931,2,1212177.004439
-4.741708,2,1212237.798539
-4.869786,2,1212300.277961
-4.742393,2,1212360.273971
-4.780962,2,1212414.432701
-4.861215,2,1212473.270484
-5.145198,2,1212530.267402
-4.929927,2,1212588.681017
-4.775722,2,1212649.69917
-4.697018,2,1212707.873893
-4.742618,2,1212769.632021
-4.78617,2,1212830.756914
-4.716736,2,1212892.868607
-4.701811,2,1212957.525981
-4.742895,2,1213017.544136
-4.773591,2,1213083.423614
-4.860288,2,1213141.689247
-4.740263,2,1213203.977346
-4.724364,2,1213265.775722
-5.093798,2,1213327.19654
-4.760542,2,1213388.405462
-4.723591,2,1213449.499098
-4.861102,2,1213512.109046
-4.697799,2,1213572.783036
-4.674343,2,1213640.4993
-4.867558,2,1213697.500755
-4.744131,2,1213756.054255
-4.721973,2,1213811.497773
-5.34528,3,1213887.329739
-4.707375,2,1213956.639752
-4.710444,2,1214022.070308
-4.767381,2,1214075.819184
-4.750164,2,1214139.586138
-4.939516,2,1214200.848246
-4.773839,2,1214260.346812
-4.717824,2,1214323.379396
-4.734837,2,1214383.902058
-4.741993,2,1214444.323771
-5.36437,3,1214524.493402
-4.763486,2,1214596.825732
-4.742347,2,1214657.597862
-4.750369,2,1214720.567774
-4.75044,2,1214783.68085
-4.779921,2,1214845.587736
-4.738243,2,1214901.652315
-4.774566,2,1214967.153467
-4.74964,2,1215027.580531
-4.748748,2,1215087.142094
-4.737522,2,1215151.141203
-4.739963,2,1215212.983221
-4.74866,2,1215274.045437
-4.742266,2,1215334.658428
-4.740471,2,1215397.490582
-4.743335,2,1215459.295518
-4.707163,2,1215518.036233
-4.727446,2,1215587.348936
-4.745828,2,1215639.919192
-4.70756,2,1215702.863549
-4.736841,2,1215765.351298
-4.824096,2,1215829.279382
-4.70515,2,1215887.824859
-4.82064,2,1215950.938874
-4.704644,2,1216012.699528
-4.743039,2,1216072.808656
-4.704707,2,1216140.809585
-4.74957,2,1216196.417385
-4.750611,2,1216256.01982
-5.515786,3,1216339.066165
-4.780634,2,1216409.519886
-4.738734,2,1216469.283653
-4.740486,2,1216530.495774
-4.782443,2,1216591.695678
-4.889157,2,1216654.24795
-4.93349,2,1216716.723901
-4.707133,2,1216773.875029
-4.745531,2,1216833.927258
-4.686795,2,1216898.125951
-4.751624,2,1216950.579148
-4.724031,2,1217004.524528
-4.760512,2,1217067.066779
-4.744843,2,1217125.317043
-4.708301,2,1217190.183065
-4.757762,2,1217248.718147
-4.682987,2,1217315.634718
-4.742742,2,1217371.108084
-4.745727,2,1217438.394951
-4.68678,2,1217495.761858
-4.713583,2,1217552.913431
-4.74945,2,1217610.24336
-4.832171,2,1217671.477655
-4.7729,2,1217730.489768
-4.739905,2,1217790.883249
-4.905964,2,1217852.865488
-4.738536,2,1217916.62809
-4.743653,2,1217974.242937
-4.758451,2,1218033.450262
-4.785957,2,1218092.015641
-4.804247,2,1218150.713378
-4.743012,2,1218214.888567
-4.744314,2,1218273.971912
-4.811686,2,1218333.942866
-4.742597,2,1218395.482993
-4.767344,2,1218456.041797
-4.777848,2,1218517.091102
-4.762344,2,1218576.714246
-4.843545,2,1218635.853642
-4.74342,2,1218701.959946
-4.833263,2,1218763.859548
-4.755561,2,1218823.17245
-4.898523,2,1218883.942895
-4.744044,2,1218941.01147
-4.794699,2,1219007.59136
-4.745023,2,1219065.142364
-4.748079,2,1219127.493902
-4.740728,2,1219188.474604
-4.69121,2,1219253.059335
-4.903105,2,1219313.724353
-4.865752,2,1219375.501765
-4.773707,2,1219437.604368
-4.887711,2,1219501.728696
-4.771915,2,1219565.109739
-4.818161,2,1219622.837991
-4.744595,2,1219682.913408
-4.741383,2,1219747.798293
-4.74831,2,1219807.820508
-4.772374,2,1219873.760967
-4.708094,2,1219931.19823
-4.746422,2,1219993.511912
-4.737092,2,1220055.607132
-4.774905,2,1220121.029607
-4.725214,2,1220181.08791
-4.75302,2,1220245.281796
-4.860529,2,1220302.932359
-4.744135,2,1220358.024566
-4.758249,2,1220420.22312
-4.821209,2,1220484.418709
-4.81628,2,1220541.412345
-4.778322,2,1220605.839933
-4.788621,2,1220670.157997
-4.73597,2,1220727.833715
-4.963308,2,1220790.413256
-4.753998,2,1220853.092903
-4.749333,2,1220917.497721
-4.686238,2,1220980.556357
-4.701514,2,1221039.642293
-4.77834,2,1221101.981834
-4.843129,2,1221162.695064
-4.685497,2,1221226.124591
-5.374758,3,1221312.599933
-4.819813,2,1221365.627674
-4.745644,2,1221427.843417
-4.810338,2,1221487.173225
-4.70739,2,1221548.173054
-4.777103,2,1221607.686242
-4.747253,2,1221672.62641
-4.753177,2,1221732.448724
-4.723979,2,1221794.400375
-4.739375,2,1221855.222772
-4.742321,2,1221915.43056
-4.714433,2,1221975.934915
-4.792051,2,1222035.083453
-4.995079,2,1222104.640695
-4.884152,2,1222160.360831
-4.708601,2,1222220.89279
-4.906246,2,1222284.25492
-4.742283,2,1222346.846575
-4.758198,2,1222413.335609
-4.722977,2,1222469.133295
-4.860565,2,1222532.832578
-4.710522,2,1222597.563283
-4.779839,2,1222650.616352
-4.728895,2,1222707.56872
-4.769706,2,1222770.7776
-4.79292,2,1222825.852051
-4.74789,2,1222888.533214
-4.742366,2,1222950.038736
-4.708261,2,1223013.544327
-4.707547,2,1223074.555602
-4.728551,2,1223137.959571
-4.71282,2,1223201.587511
-4.706668,2,1223262.498105
-5.888087,3,1223344.971853
-4.758135,2,1223411.729265
-4.705892,2,1223476.16218
-4.715163,2,1223540.507649
-4.738853,2,1223602.923565
-4.708032,2,1223663.686058
-4.72248,2,1223722.217587
-4.746512,2,1223791.606311
-4.741106,2,1223848.189739
-4.704678,2,1223909.312335
-4.860164,2,1223967.170367
-4.698004,2,1224030.423134
-4.747401,2,1224095.415337
-4.736266,2,1224156.95957
-4.700553,2,1224217.504049
-4.745764,2,1224279.02967
-4.716201,2,1224343.569506
-4.748653,2,1224402.351981
-4.6777,2,1224467.465884
-5.74028,3,1224549.250245
-4.721245,2,1224619.680683
-4.720514,2,1224678.128917
-4.693595,2,1224740.949186
-4.854555,2,1224807.518647
-4.744088,2,1224867.122222
-4.808488,2,1224926.370556
-4.765307,2,1224989.43112
-4.744099,2,1225047.861887
-4.750066,2,1225111.668622
-4.68464,2,1225179.979179
-4.780851,2,1225236.782698
-4.71686,2,1225296.202199
-4.756911,2,1225359.038369
-4.743269,2,1225418.664974
-4.840832,2,1225478.445136
-4.87517,2,1225541.768948
-4.834522,2,1225599.416431
-4.778417,2,1225659.195534
-4.777004,2,1225715.033701
-4.746711,2,1225767.454844
-4.705327,2,1225827.990185
-5.124476,2,1225889.610147
-4.759063,2,1225948.263012
-4.761433,2,1226009.956598
-4.753016,2,1226074.009439
-4.724231,2,1226129.405694
-4.802842,2,1226195.211632
-5.363135,3,1226276.01359
-4.788184,2,1226347.88721
-4.74415,2,1226410.40635
-5.298804,3,1226491.939605
-4.693001,2,1226565.523063
-4.693227,2,1226628.083911
-4.780164,2,1226692.694352
-4.759141,2,1226753.954144
-4.756131,2,1226811.938397
-4.886153,2,1226872.903388
-4.752382,2,1226933.812278
-5.003492,2,1226997.259943
-4.805522,2,1227049.195216
-4.977079,2,1227104.674608
-5.023699,2,1227168.184019
-4.72637,2,1227233.729436
-4.763522,2,1227292.84157
-4.714458,2,1227356.510746
-4.946218,2,1227423.33728
-4.749387,2,1227478.357197
-4.710113,2,1227546.575631
-4.744641,2,1227606.20671
-5.357534,3,1227689.205996
-4.717601,2,1227762.036095
-4.712321,2,1227820.488837
-4.834458,2,1227882.626235
-4.722771,2,1227944.728981
-4.75313,2,1228004.185433
-4.710203,2,1228065.645613
-4.816429,2,1228123.412531
-4.785857,2,1228185.338829
-4.77413,2,1228246.278203
-4.74986,2,1228316.00029
-4.779579,2,1228373.182602
-4.727205,2,1228430.847018
-4.771731,2,1228491.178723
-4.78088,2,1228551.999337
-4.751601,2,1228618.937579
-4.781894,2,1228673.753872
-4.717699,2,1228735.411838
-4.740576,2,1228796.043917
-4.778093,2,1228855.478864
-4.767553,2,1228921.556455
-4.765743,2,1228982.739602
-4.674571,2,1229049.611914
-4.742529,2,1229103.174004
-4.716763,2,1229164.689242
-4.706365,2,1229230.198794
-4.998459,2,1229290.135307
-4.680803,2,1229355.718354
-4.780567,2,1229413.525127
-4.711293,2,1229474.927749
-4.798048,2,1229535.703376
-4.796303,2,1229595.530361
-4.744801,2,1229660.12165
-4.695536,2,1229724.45714
-4.768954,2,1229783.81128
-4.753079,2,1229849.118034
-4.739414,2,1229904.841357
-4.744237,2,1229963.509933
-4.748834,2,1230026.352885
-4.755265,2,1230082.167855
-4.736441,2,1230136.368061
-4.784378,2,1230191.948761
-4.742913,2,1230251.581084
-4.726223,2,1230315.600312
-4.77049,2,1230373.805795
-4.750441,2,1230439.728476
-5.024441,2,1230499.686154
-4.702628,2,1230556.591737
-4.692444,2,1230625.317384
-4.811837,2,1230684.42718
-4.698662,2,1230747.72642
-4.736211,2,1230807.375135
-4.782955,2,1230866.541611
-4.75724,2,1230937.345877
-4.753641,2,1231000.975544
-4.75581,2,1231059.634856
-4.749948,2,1231120.74804
-4.708216,2,1231174.591418
-4.747408,2,1231241.514455
-4.739529,2,1231299.306479
-4.767613,2,1231362.216929
-4.749157,2,1231418.763871
-4.739655,2,1231477.220187
-4.684831,2,1231534.07203
-4.678401,2,1231596.413524
-4.773903,2,1231650.564128
-4.716472,2,1231710.998449
-4.747192,2,1231771.258627
-4.773518,2,1231831.328313
-4.904009,2,1231889.688972
-4.707966,2,1231956.262781
-4.776923,2,1232018.341399
-4.723258,2,1232074.142261
-4.704352,2,1232135.989701
-4.703074,2,1232193.929244
-4.735924,2,1232256.963962
-4.715657,2,1232322.015823
-4.716715,2,1232382.101454
-4.837659,2,1232448.25463
-4.769084,2,1232509.403343
-4.78933,2,1232567.363953
-4.839452,2,1232627.324008
-4.989971,2,1232686.533288
-4.722608,2,1232751.012996
-4.744487,2,1232816.67096
-4.714373,2,1232873.815413
-4.745228,2,1232936.899867
-4.738433,2,1232995.463186
-4.837119,2,1233054.637527
-4.932308,2,1233122.150753
-4.780005,2,1233179.979129
-4.698187,2,1233246.079195
-4.690974,2,1233309.532653
-4.686608,2,1233371.123222
-4.734713,2,1233431.064796
-4.68931,2,1233494.88713
-4.806138,2,1233551.891833
-4.694599,2,1233616.157743
-4.858244,2,1233674.4172
-4.673123,2,1233742.795339
-4.701818,2,1233798.170504
-4.745066,2,1233858.043834
-4.698702,2,1233918.256943
-4.734057,2,1233982.477277
-4.695581,2,1234048.306826
-4.735209,2,1234106.035694
-4.905114,2,1234164.297122
-4.780667,2,1234229.674249
-4.776649,2,1234288.099512
-4.692438,2,1234350.210853
-4.772244,2,1234407.583269
-4.744753,2,1234461.642542
-4.748881,2,1234519.247311
-4.742948,2,1234572.577783
-4.742856,2,1234632.446409
-4.752802,2,1234697.935642
-4.706393,2,1234755.325381
-4.856284,2,1234816.339087
-4.6721,2,1234883.269052
-4.794024,2,1234937.73937
-4.879446,2,1235000.01262
-5.036495,2,1235063.789309
-4.713291,2,1235126.366655
-4.741573,2,1235186.890435
-4.731664,2,1235252.162739
-4.772067,2,1235308.368663
-4.694506,2,1235370.127312
-4.743721,2,1235430.47708
-4.747633,2,1235493.681015
-4.693755,2,1235554.542206
-4.745308,2,1235615.856787
-4.744464,2,1235677.100337
-4.74687,2,1235737.879597
-4.738334,2,1235801.544526
-4.748841,2,1235853.379827
-4.858064,2,1235914.788963
-4.691446,2,1235972.218181
-4.78534,2,1236029.319646
-4.725236,2,1236091.037437
-4.742641,2,1236151.013389
-4.751414,2,1236210.094671
-5.147129,2,1236278.58048
-4.915465,2,1236334.560338
-4.746392,2,1236395.382528
-4.75025,2,1236461.850665
-4.918855,2,1236529.499411
-4.821335,2,1236586.065672
-4.742851,2,1236646.950111
-4.765962,2,1236711.463782
-4.776454,2,1236770.074016
-4.749218,2,1236829.628234
-4.773926,2,1236887.962898
-4.779541,2,1236951.632747
-4.830271,2,1237013.60025
-4.741668,2,1237074.313603
-4.755442,2,1237138.102996
-4.783634,2,1237195.419047
-4.935113,2,1237258.583174
-4.711148,2,1237321.322626
-4.771446,2,1237385.103628
-4.747402,2,1237443.117841
-4.780264,2,1237505.881358
-4.798079,2,1237568.49633
-4.79576,2,1237625.470641
-4.723118,2,1237687.925787
-4.786742,2,1237748.179204
-4.963406,2,1237811.384264
-4.691428,2,1237875.721134
-4.74553,2,1237932.652162
-4.707549,2,1237993.35163
-4.71211,2,1238051.485064
-4.753486,2,1238114.900196
-4.693376,2,1238179.577545
-4.777085,2,1238241.643215
-4.891391,2,1238302.726335
-4.745162,2,1238365.779008
-4.744559,2,1238430.840791
-4.708954,2,1238490.274006
-4.708382,2,1238553.404184
-4.792792,2,1238613.227097
-4.729443,2,1238676.615019
-4.68813,2,1238738.935709
-4.796019,2,1238800.529345
-4.738892,2,1238862.770726
-4.750203,2,1238917.470986
-4.744996,2,1238975.117033
-4.70904,2,1239037.266487
-4.745894,2,1239099.449379
-4.785504,2,1239163.253932
-4.742664,2,1239221.551732
-4.738493,2,1239281.529348
-4.870652,2,1239341.555712
-4.746744,2,1239402.612973
-4.709079,2,1239468.251169
-4.742092,2,1239527.685267
-4.768782,2,1239593.080272
-4.854225,2,1239651.260574
-4.695601,2,1239716.689365
-4.73757,2,1239772.060506
-4.712898,2,1239832.731811
-4.689271,2,1239897.408252
-4.728198,2,1239954.941643
-4.70444,2,1240014.809395
-4.802433,2,1240078.041431
-4.752145,2,1240138.019664
-4.754971,2,1240194.880559
-4.737905,2,1240257.753922
-5.178151,2,1240312.729371
-4.849162,2,1240367.984146
-4.743722,2,1240428.213022
-4.709312,2,1240497.353394
-4.771547,2,1240551.629267
-4.696314,2,1240615.475346
-4.709456,2,1240669.825605
-4.734341,2,1240741.232431
-4.689503,2,1240798.00591
-4.707313,2,1240862.655608
-4.778797,2,1240919.427496
-4.713573,2,1240981.827278
-4.977095,2,1241046.873866
-4.861457,2,1241105.98301
-4.803822,2,1241172.942508
-4.767722,2,1241230.517008
-4.703352,2,1241300.499528
-4.812931,2,1241357.594881
-4.836659,2,1241412.143223
-4.710264,2,1241476.21487
-4.737829,2,1241535.839514
-4.771435,2,1241597.54602
-4.816773,2,1241659.215966
-4.848107,2,1241721.245844
-4.776016,2,1241780.685192
-4.924499,2,1241839.859442
-4.737646,2,1241909.986759
-4.749555,2,1241964.322426
-4.777449,2,1242021.872401
-4.714228,2,1242082.807466
-4.778089,2,1242142.216445
-4.742742,2,1242203.952591
-4.743502,2,1242265.658211
-4.749568,2,1242327.088388
-4.866728,2,1242387.005577
-4.747501,2,1242446.615202
-4.739747,2,1242512.198323
-4.707386,2,1242574.531943
-4.815946,2,1242641.356156
-4.778443,2,1242698.794355
-4.856232,2,1242759.606138
-4.742491,2,1242821.935342
-4.760731,2,1242885.147124
-4.746827,2,1242946.942903
-4.915449,2,1243007.664425
-4.707736,2,1243071.598164
-4.739408,2,1243136.576985
-5.032486,2,1243194.16155
-4.749255,2,1243252.278921
-4.802715,2,1243306.940159
-4.747574,2,1243369.170182
-4.798108,2,1243429.52546
-4.780218,2,1243491.442918
-4.794106,2,1243552.690353
-4.715428,2,1243616.752202
-4.707512,2,1243673.778779
-4.777032,2,1243732.098591
-4.751409,2,1243799.528815
-4.742381,2,1243860.879151
-4.742937,2,1243923.35906
-4.744387,2,1243980.607523
-4.69505,2,1244046.717444
-4.749827,2,1244104.942206
-4.735572,2,1244167.408909
-4.729554,2,1244229.609967
-4.709729,2,1244289.602629
-4.883588,2,1244351.148631
-4.767253,2,1244413.074554
-4.69639,2,1244480.292291
-5.334407,2,1244548.91473
-4.687299,2,1244603.417854
-4.771318,2,1244659.564376
-4.744168,2,1244717.694741
-4.73602,2,1244770.625618
-4.713008,2,1244828.996047
-4.757616,2,1244889.942027
-4.73921,2,1244951.888506
-4.791005,2,1245008.719567
-4.703852,2,1245069.255846
-4.753179,2,1245130.83167
-4.737207,2,1245198.358506
-4.743651,2,1245258.432848
-4.764966,2,1245320.062301
-4.77677,2,1245374.37427
-4.742464,2,1245437.191343
-4.740979,2,1245497.715892
-4.714195,2,1245559.995812
-4.765618,2,1245620.038489
-4.736747,2,1245680.044836
-4.739843,2,1245742.009007
-4.668012,2,1245809.715006
-4.748363,2,1245869.744654
-4.779367,2,1245925.099275
-4.700092,2,1245987.883832
-4.866768,2,1246053.100994
-4.711428,2,1246112.891166
-4.806354,2,1246170.2054
-4.743453,2,1246232.098626
-4.748587,2,1246294.709827
-4.77577,2,1246362.689443
-4.722442,2,1246413.707355
-4.721717,2,1246478.617953
-4.693922,2,1246542.729493
-4.777392,2,1246601.799358
-4.767652,2,1246660.371349
-4.795211,2,1246723.130936
-4.836609,2,1246787.214019
-4.739475,2,1246846.589731
-4.832781,2,1246913.438745
-4.790049,2,1246971.498832
-4.741848,2,1247034.869056
-4.740619,2,1247095.712284
-4.689261,2,1247162.448584
-4.707942,2,1247220.076121
-4.747797,2,1247288.897098
-4.781021,2,1247345.738197
-4.761178,2,1247410.510113
-4.740121,2,1247469.784127
-4.735177,2,1247532.762196
-4.769423,2,1247592.408394
-4.729515,2,1247649.298616
-4.713792,2,1247703.542449
-4.7455,2,1247763.133932
-4.768961,2,1247821.402433
-4.710424,2,1247881.737826
-4.797402,2,1247951.92073
-4.74286,2,1248010.763179
-4.741078,2,1248070.540682
-4.695786,2,1248133.314853
-4.788756,2,1248196.615314
-4.767978,2,1248254.978121
-4.783837,2,1248316.515701
-4.81167,2,1248378.570894
-4.743015,2,1248440.787656
-4.871079,2,1248500.413741
-4.867855,2,1248562.98375
-4.746462,2,1248624.018127
-4.742571,2,1248684.103769
-4.685676,2,1248751.125738
-4.678277,2,1248814.127937
-4.777095,2,1248868.971424
-4.690978,2,1248932.968287
-4.881898,2,1248992.226568
-4.743552,2,1249054.144501
-4.750384,2,1249111.875196
-4.75893,2,1249172.1306
-4.672344,2,1249240.771353
-4.747413,2,1249294.430213
-4.717783,2,1249356.560156
-4.742164,2,1249420.830479
-4.744043,2,1249480.553401
-4.775548,2,1249541.172942
-4.769334,2,1249606.063359
-4.90283,2,1249666.402745
-4.745141,2,1249729.78985
-4.737924,2,1249787.277645
-5.053032,2,1249855.210668
-4.736756,2,1249911.169026
-4.704027,2,1249976.753865
-4.744728,2,1250038.961969
-4.742464,2,1250100.468023
-4.786964,2,1250165.827015
-4.74282,2,1250224.430134
-4.737738,2,1250285.845879
-4.740989,2,1250347.840824
-4.732597,2,1250406.655348
-4.841379,2,1250463.98391
-4.722954,2,1250524.785497
-4.709644,2,1250591.970019
-4.746033,2,1250649.866829
-4.708346,2,1250713.269854
-4.754724,2,1250776.148037
-4.759287,2,1250835.67266
-4.74392,2,1250898.276023
-4.775656,2,1250958.641683
-4.728124,2,1251021.376242
-4.861181,2,1251081.790077
-4.708518,2,1251145.128519
-4.746265,2,1251210.008277
-4.70405,2,1251267.174142
-4.742604,2,1251330.297742
-4.684954,2,1251398.015543
-4.77776,2,1251453.788262
-4.823651,2,1251520.375768
-4.778477,2,1251580.557883
-4.735285,2,1251645.155401
-4.738112,2,1251710.590335
-4.70143,2,1251768.333452
-4.777353,2,1251827.623847
-4.76025,2,1251886.889256
-4.767767,2,1251947.943276
-4.666042,2,1252017.213169
-4.946866,2,1252065.608177
-4.713281,2,1252121.457494
-4.746222,2,1252178.489137
-4.741938,2,1252239.250826
-4.944001,2,1252297.13146
-4.794478,2,1252359.072346
-4.795616,2,1252423.925878
-4.707808,2,1252481.831849
-4.755473,2,1252543.835005
-4.740074,2,1252608.792327
-4.820915,2,1252668.732939
-4.742999,2,1252733.000406
-4.748819,2,1252791.109753
-4.676777,2,1252854.764377
-4.710155,2,1252918.789641
-4.712651,2,1252977.660237
-4.76857,2,1253043.872313
-4.788286,2,1253102.393647
-4.692619,2,1253165.917472
-4.812962,2,1253225.149856
-4.769965,2,1253287.860807
-4.751808,2,1253351.682045
-4.725737,2,1253412.102058
-4.754648,2,1253471.550077
-4.747245,2,1253533.316149
-4.777603,2,1253588.854306
-4.708634,2,1253644.548982
-4.754198,2,1253704.034778
-4.693697,2,1253770.21733
-4.87325,2,1253830.752133
-4.747817,2,1253891.1134
-4.739631,2,1253950.925926
-4.732425,2,1254009.368022
-4.741886,2,1254070.902227
-4.743599,2,1254134.590959
-4.689006,2,1254197.124314
-4.782576,2,1254258.548497
-4.766913,2,1254318.655389
-4.720658,2,1254378.967897
-4.828165,2,1254443.769336
-4.894441,2,1254508.228712
-4.74222,2,1254568.720761
-4.780491,2,1254627.924689
-4.747579,2,1254689.105493
-4.742302,2,1254747.242103
-4.732731,2,1254817.715069
-4.738803,2,1254872.083963
-4.760501,2,1254935.336655
-4.724044,2,1254996.366832
-4.712984,2,1255058.930691
-4.72036,2,1255128.664495
-4.868174,2,1255184.756544
-4.78072,2,1255247.64647
-4.710332,2,1255312.885796
-4.774408,2,1255375.053392
-4.718732,2,1255438.035875
-4.751524,2,1255500.107552
-4.74651,2,1255554.985913
-4.785928,2,1255613.798544
-4.77065,2,1255678.569162
-4.685852,2,1255742.327747
-4.759456,2,1255806.13693
-4.705666,2,1255860.578631
-4.741083,2,1255922.121462
-4.794946,2,1255983.070351
-4.683757,2,1256052.433886
-4.728098,2,1256117.222787
-4.706243,2,1256173.553606
-4.742768,2,1256231.805563
-4.710012,2,1256297.694734
-4.744043,2,1256354.970767
-4.846037,2,1256419.442957
-4.739473,2,1256475.237507
-4.919412,2,1256542.361392
-4.770495,2,1256597.935444
-4.74389,2,1256664.081733
-5.351441,3,1256735.296124
-4.780268,2,1256808.249702
-4.74341,2,1256870.158867
-4.738561,2,1256932.41153
-4.745425,2,1256994.588197
-4.85097,2,1257053.629166
-4.713097,2,1257118.283201
-4.733182,2,1257180.241156
-4.715206,2,1257246.048296
-4.742491,2,1257303.626896
-4.711856,2,1257369.478468
-4.780239,2,1257427.587084
-4.748088,2,1257488.940001
-4.784261,2,1257548.650456
-4.791518,2,1257609.252766
-4.707499,2,1257674.656578
-4.827347,2,1257739.63943
-4.747026,2,1257798.979149
-4.708646,2,1257862.958933
-4.714183,2,1257922.542815
-4.894661,2,1257983.513627
-4.907114,2,1258036.81931
-4.751322,2,1258098.999171
-4.751435,2,1258162.687318
-4.703252,2,1258221.072189
-4.710561,2,1258284.332564
-4.828539,2,1258346.78594
-4.782539,2,1258410.038516
-4.742156,2,1258470.899541
-4.756969,2,1258538.75521
-4.70525,2,1258596.147301
-4.747605,2,1258657.791856
-4.851889,2,1258720.397665
-4.79767,2,1258783.31252
-5.435999,3,1258867.523457
-4.707103,2,1258937.672576
-4.779202,2,1259000.872478
-4.749973,2,1259062.806712
-4.740974,2,1259125.519683
-4.742982,2,1259185.012872
-4.759538,2,1259245.650952
-4.85925,2,1259316.66083
-4.750877,2,1259371.564507
-4.695231,2,1259430.687256
-4.772086,2,1259494.245123
-4.729337,2,1259553.531999
-4.687806,2,1259613.348954
-4.786379,2,1259674.288765
-4.670423,2,1259745.71327
-4.765769,2,1259803.636538
-4.684514,2,1259865.026333
-4.767363,2,1259924.224009
-4.728377,2,1259984.103971
-4.747865,2,1260046.149685
-4.963757,2,1260109.100428
-4.705324,2,1260168.70305
-4.750119,2,1260229.979496
-4.712559,2,1260295.471474
-4.741737,2,1260354.678782
-4.741968,2,1260415.177443
-4.773612,2,1260482.002908
-4.743075,2,1260541.23019
-4.736403,2,1260603.144766
-4.728929,2,1260662.643798
-4.714103,2,1260723.906463
-4.761679,2,1260782.651443
-4.788276,2,1260838.889506
-4.782366,2,1260896.919373
-5.007304,2,1260956.425147
-4.686957,2,1261020.318083
-4.726441,2,1261078.146607
-4.711424,2,1261142.650252
-4.782725,2,1261197.907491
-4.718104,2,1261259.26433
-4.741108,2,1261318.040263
-4.692086,2,1261389.174601
-4.714895,2,1261446.492004
-4.761647,2,1261514.255976
-4.775561,2,1261572.95359
-4.726492,2,1261638.427638
-4.750818,2,1261699.471724
-4.726342,2,1261764.223202
-4.755157,2,1261818.965657
-4.739696,2,1261880.696115
-4.699169,2,1261942.482712
-4.748836,2,1262005.95652
-4.740614,2,1262073.228317
-4.74683,2,1262143.164958
-4.983147,2,1262204.42209
-4.745378,2,1262263.484665
-4.726806,2,1262326.513684
-4.720049,2,1262384.717547
-4.706721,2,1262441.781601
-4.684624,2,1262502.737363
-4.778753,2,1262567.535255
-4.763622,2,1262623.277347
-4.770037,2,1262683.09631
-4.778243,2,1262747.202863
-4.68915,2,1262810.005212
-4.781118,2,1262873.88541
-4.746667,2,1262932.214331
-5.249587,2,1263003.122057
-4.812164,2,1263056.99729
-4.724487,2,1263121.718513
-4.742323,2,1263182.967943
-4.725629,2,1263248.916764
-4.699857,2,1263315.938364
-4.673158,2,1263379.545434
-4.75926,2,1263440.54781
-4.732492,2,1263497.794007
-4.691497,2,1263565.004743
-4.771489,2,1263623.580899
-4.696349,2,1263683.374366
-4.773996,2,1263743.639666
-4.741244,2,1263805.673645
-4.736697,2,1263866.832443
-4.70073,2,1263926.727454
-4.749606,2,1263992.362135
-4.784763,2,1264051.789027
-4.780618,2,1264112.898278
-4.742008,2,1264175.422761
-4.704829,2,1264238.870017
-4.773652,2,1264299.6102
-4.698829,2,1264360.402393
-4.71208,2,1264426.102775
-4.712022,2,1264488.224381
-4.746823,2,1264551.209894
-4.748148,2,1264615.570514
-4.763219,2,1264680.173013
-4.689917,2,1264738.840423
-4.753614,2,1264798.802222
-4.883876,2,1264870.122956
-4.742139,2,1264925.345445
-4.778742,2,1264988.623473
-4.712913,2,1265046.874547
-4.758105,2,1265111.329658
-4.7423,2,1265167.230633
-4.949959,2,1265223.365033
-4.917861,2,1265283.06674
-4.704794,2,1265348.504308
-4.745067,2,1265421.176347
-4.702518,2,1265481.946101
-4.78775,2,1265540.696939
-4.700452,2,1265600.171267
-4.742271,2,1265659.549538
-4.766759,2,1265722.23993
-4.770072,2,1265789.591377
-4.739406,2,1265852.673524
-4.673954,2,1265923.150928
-4.770085,2,1265981.019979
-4.713682,2,1266039.837575
-4.780308,2,1266108.80815
-4.859835,2,1266167.007779
-4.74768,2,1266228.157501
-4.747582,2,1266300.446909
-4.738131,2,1266356.691637
-4.696155,2,1266420.456053
-4.715926,2,1266481.460417
-4.690401,2,1266546.907235
-4.686928,2,1266610.580304
-4.702469,2,1266668.125951
-4.760112,2,1266728.260339
-4.711604,2,1266787.015132
-4.82162,2,1266849.595596
-4.69194,2,1266908.194628
-4.745737,2,1266965.816301
-4.786289,2,1267029.459031
-4.691012,2,1267089.601269
-4.69375,2,1267154.465476
-4.722785,2,1267220.192091
-4.70261,2,1267277.403895
-4.768586,2,1267337.53426
-4.770706,2,1267397.711694
-4.760455,2,1267456.942649
-4.746468,2,1267522.147593
-4.745806,2,1267579.761367
-4.751244,2,1267640.036832
-4.774126,2,1267706.152228
-4.753446,2,1267773.367381
-4.735343,2,1267832.262624
-4.712579,2,1267897.684555
-4.735214,2,1267957.659533
-4.77732,2,1268016.507876
-4.794136,2,1268079.482837
-4.773361,2,1268138.811243
-4.748152,2,1268205.2034
-4.738565,2,1268264.981363
-4.723376,2,1268323.29778
-4.718441,2,1268386.032346
-4.737145,2,1268452.728287
-4.750062,2,1268526.428462
-4.697702,2,1268583.404569
-4.7428,2,1268642.970853
-4.807556,2,1268711.421357
-4.868173,2,1268772.158351
-4.685444,2,1268837.617518
-4.744831,2,1268891.903353
-4.70751,2,1268958.3148
-4.752508,2,1269017.494247
-4.746892,2,1269079.087686
-4.708757,2,1269142.73253
-4.819331,2,1269214.458335
-4.770414,2,1269274.17564
-4.784304,2,1269333.791648
-4.742607,2,1269396.902931
-4.741214,2,1269456.134905
-4.746102,2,1269517.928994
-4.912673,2,1269578.410981
-4.749239,2,1269638.281575
-4.835974,2,1269700.457355
-4.773572,2,1269758.077404
-4.785848,2,1269823.270968
-4.702516,2,1269890.324531
-4.780078,2,1269946.106165
-4.802887,2,1270007.298372
-4.750489,2,1270067.023047
-4.751682,2,1270133.848463
-4.746004,2,1270189.369715
-4.742618,2,1270251.789071
-4.748528,2,1270316.022354
-4.730344,2,1270384.839341
-4.740291,2,1270446.818038
-4.70772,2,1270512.337288
-4.841393,2,1270579.012373
-4.692371,2,1270641.556915
-4.717565,2,1270696.075652
-4.754776,2,1270757.164636
-4.741494,2,1270817.780342
-4.793833,2,1270880.227143
-4.708869,2,1270941.362036
-4.677305,2,1271010.521093
-4.748908,2,1271072.25954
-4.85319,2,1271138.236901
-4.742837,2,1271191.260392
-4.674945,2,1271254.625204
-4.695814,2,1271305.277213
-4.766395,2,1271365.832802
-4.755193,2,1271431.808923
-4.748497,2,1271487.499248
-4.710466,2,1271550.250479
-4.75299,2,1271617.174798
-4.804107,2,1271682.301789
-4.761927,2,1271736.212275
-4.748528,2,1271802.992535
-4.704331,2,1271876.385896
-4.700883,2,1271930.61906
-4.857386,2,1271993.053762
-4.670721,2,1272064.782709
-4.713284,2,1272120.202638
-4.708957,2,1272182.899799
-4.749443,2,1272246.673994
-4.777997,2,1272307.802679
-4.715311,2,1272378.119509
-4.740915,2,1272431.965933
-4.736371,2,1272493.343358
-4.710308,2,1272561.555466
-4.719955,2,1272627.763882
-4.706676,2,1272688.832305
-4.743008,2,1272746.436194
-4.746291,2,1272807.651179
-4.776743,2,1272867.017468
-4.759609,2,1272930.606891
-4.781177,2,1272989.909058
-4.706898,2,1273054.028743
-4.793746,2,1273116.294072
-5.003087,2,1273186.823253
-4.741108,2,1273241.670782
-4.76537,2,1273304.624333
-4.690482,2,1273366.043884
-4.749506,2,1273425.664567
-4.832174,2,1273493.067445
-4.745855,2,1273550.861968
-4.707545,2,1273613.474093
-4.743048,2,1273675.842091
-4.770981,2,1273745.132419
-4.688453,2,1273803.188321
-4.740568,2,1273859.750872
-4.776859,2,1273921.483318
-4.736229,2,1273978.065392
-4.899213,2,1274037.120318
-5.04872,2,1274106.762276
-4.725532,2,1274164.53306
-4.779157,2,1274224.086246
-4.735623,2,1274283.568132
-4.737095,2,1274343.147961
-4.811892,2,1274404.800699
-4.769892,2,1274466.016641
-4.708037,2,1274525.079843
-4.73944,2,1274593.193388
-4.70613,2,1274654.653489
-4.776336,2,1274723.034541
-4.736382,2,1274782.930263
-4.732335,2,1274848.242811
-4.713089,2,1274914.22896
-4.742139,2,1274971.652607
-4.751989,2,1275036.283995
-4.697977,2,1275095.762042
-4.684541,2,1275164.537591
-4.779622,2,1275224.081324
-4.725397,2,1275287.113248
-4.742963,2,1275350.248307
-4.800568,2,1275412.136764
-4.739988,2,1275474.312803
-4.721086,2,1275537.12428
-4.724234,2,1275596.614136
-4.75458,2,1275663.274971
-4.747347,2,1275721.2979
-4.693961,2,1275780.667973
-4.687067,2,1275846.114251
-4.776731,2,1275909.808259
-4.78597,2,1275968.823234
-4.740304,2,1276037.055321
-4.739075,2,1276096.136093
-4.787931,2,1276159.182403
-4.736958,2,1276221.614979
-4.690586,2,1276287.113515
-4.744427,2,1276345.897836
-4.711211,2,1276412.899355
-4.752285,2,1276467.427611
-4.74539,2,1276530.865255
-4.720081,2,1276596.885979
-4.797145,2,1276655.073359
-4.754232,2,1276721.517207
-4.742237,2,1276775.34985
-4.709396,2,1276838.250001
-4.74302,2,1276901.2093
-4.703545,2,1276960.06293
-4.698326,2,1277035.776882
-4.757919,2,1277092.421881
-4.713844,2,1277152.941082
-4.713314,2,1277218.315037
-4.777584,2,1277277.734105
-4.952629,2,1277334.715233
-4.742997,2,1277398.994801
-4.742791,2,1277456.864713
-4.706824,2,1277522.101732
-4.683571,2,1277585.997975
-4.90098,2,1277638.74438
-4.841122,2,1277705.179636
-4.809452,2,1277763.594357
-4.747797,2,1277827.57811
-4.709082,2,1277890.089327
-4.750575,2,1277948.793525
-4.744082,2,1278014.769166
-4.795981,2,1278077.492593
-4.766798,2,1278145.13179
-4.800435,2,1278203.707925
-4.709913,2,1278266.454179
-4.934927,2,1278325.294791
-4.743341,2,1278380.658376
-4.782548,2,1278439.285508
-4.701767,2,1278504.263474
-4.678808,2,1278570.859511
-4.670793,2,1278640.486253
-4.794729,2,1278692.07164
-4.736276,2,1278754.51742
-4.68232,2,1278819.311614
-4.74245,2,1278878.807584
-4.710195,2,1278939.179973
-4.787168,2,1279001.776774
-4.714273,2,1279068.417403
-4.683252,2,1279130.888831
-4.744227,2,1279189.396285
-4.761508,2,1279248.974408
-4.729423,2,1279316.620868
-4.895566,2,1279376.906974
-4.724512,2,1279440.376241
-4.791341,2,1279502.190378
-4.832352,2,1279562.641605
-4.742186,2,1279620.873245
-4.741081,2,1279685.608004
-4.743115,2,1279743.993977
-4.749966,2,1279806.321571
-5.089417,2,1279876.090147
-4.738065,2,1279934.8778
-4.735696,2,1279993.226661
-4.896146,2,1280051.338853
-4.687057,2,1280110.850749
-4.749734,2,1280169.452852
-6.075185,3,1280250.052376
-4.707458,2,1280318.202986
-4.714939,2,1280377.063874
-4.723871,2,1280435.292453
-4.704596,2,1280495.839511
-4.734205,2,1280557.286193
-4.714974,2,1280619.82584
-4.71277,2,1280681.838847
-4.773531,2,1280742.597167
-4.774091,2,1280802.955655
-4.729606,2,1280865.810892
-4.782213,2,1280936.230164
-4.748285,2,1280991.439431
-4.713556,2,1281054.075408
-4.708364,2,1281116.522563
-4.737676,2,1281173.449339
-5.273333,2,1281243.593803
-4.746632,2,1281298.636482
-4.761516,2,1281358.226655
-4.744121,2,1281418.018718
-4.716186,2,1281474.853643
-4.779536,2,1281535.842885
-4.735208,2,1281596.880976
-4.692615,2,1281660.076398
-4.753831,2,1281722.238476
-4.716455,2,1281784.037349
-4.756781,2,1281845.754616
-4.73601,2,1281907.063894
-4.711807,2,1281971.086158
-4.778347,2,1282033.999179
-4.70363,2,1282099.149735
-4.747017,2,1282157.110077
-4.894792,2,1282220.774416
-4.778302,2,1282281.396247
-4.697774,2,1282346.142317
-4.746834,2,1282405.367679
-4.76715,2,1282471.613229
-4.99101,2,1282545.472589
-4.717154,2,1282603.873907
-4.827656,2,1282657.023584
-4.756047,2,1282724.766826
-4.692975,2,1282777.639122
-4.745932,2,1282833.976207
-4.785873,2,1282894.02831
-4.72685,2,1282958.05194
-4.742533,2,1283023.683523
-4.77951,2,1283081.031042
-4.706807,2,1283149.651374
-4.750689,2,1283205.05727
-4.676949,2,1283274.974047
-4.768991,2,1283328.727162
-4.73846,2,1283390.231076
-4.77931,2,1283455.164119
-4.723096,2,1283516.871905
-4.718064,2,1283578.813952
-4.843992,2,1283644.255184
-4.689727,2,1283702.664548
-4.705808,2,1283760.242595
-4.749783,2,1283820.53102
-4.713126,2,1283886.708197
-4.881548,2,1283948.660822
-4.778352,2,1284012.531411
-4.701348,2,1284073.009156
-4.677768,2,1284140.812414
-4.710331,2,1284202.1941
-4.780309,2,1284260.184023
-4.747373,2,1284321.407567
-4.743415,2,1284383.875375
-4.707934,2,1284443.638791
-4.680926,2,1284506.114646
-4.754689,2,1284567.55562
-4.745259,2,1284622.251309
-4.749644,2,1284682.240657
-4.794021,2,1284743.00647
-4.717199,2,1284807.472121
-4.778724,2,1284871.59965
-4.736378,2,1284937.22382
-4.732247,2,1284994.784441
-4.748531,2,1285058.819087
-4.760716,2,1285122.122444
-4.679657,2,1285186.738589
-4.737184,2,1285244.381014
-4.754713,2,1285306.410494
-4.693651,2,1285370.188517
-4.746987,2,1285429.049231
-4.725068,2,1285500.217204
-4.745682,2,1285561.299812
-4.708666,2,1285619.110992
-4.711935,2,1285680.382129
-4.77724,2,1285739.033935
-4.860872,2,1285803.069624
-4.744454,2,1285863.934894
-4.678629,2,1285935.211957
-4.700411,2,1285991.93053
-4.746036,2,1286054.856598
-4.732279,2,1286118.149534
-4.721625,2,1286184.145986
-4.719169,2,1286250.541933
-4.745221,2,1286308.680903
-4.745341,2,1286369.055622
-4.749686,2,1286430.889758
-4.729159,2,1286495.226273
-4.769189,2,1286554.401685
-4.712679,2,1286617.765138
-4.738335,2,1286684.365117
-5.141996,2,1286751.411672
-4.70748,2,1286812.477636
-4.71221,2,1286871.229435
-4.682683,2,1286937.052039
-4.71288,2,1286997.369082
-4.709973,2,1287057.802547
-4.707735,2,1287117.396537
-4.74377,2,1287170.422492
-4.715298,2,1287236.376187
-4.700645,2,1287295.590099
-4.744396,2,1287357.926767
-4.689263,2,1287423.411201
-4.745125,2,1287480.587178
-4.741888,2,1287543.006452
-4.687774,2,1287606.018278
-4.748706,2,1287666.853893
-4.742611,2,1287726.559263
-4.752249,2,1287795.444918
-5.424778,3,1287880.096542
-4.742111,2,1287949.577869
-4.746186,2,1288012.923587
-4.738231,2,1288073.636408
-4.742465,2,1288139.885547
-4.743788,2,1288197.390603
-4.742802,2,1288260.631727
-4.740501,2,1288326.703977
-4.777528,2,1288386.533771
-4.711895,2,1288446.167788
-4.720246,2,1288508.630859
-4.733967,2,1288573.072746
-4.815606,2,1288635.062503
-4.748939,2,1288700.275543
-4.686542,2,1288766.560942
-4.75514,2,1288836.701502
-4.685948,2,1288892.633867
-4.711544,2,1288952.53887
-4.741854,2,1289008.376381
-4.79256,2,1289074.739123
-4.74064,2,1289133.676823
-4.81105,2,1289195.35101
-4.744403,2,1289256.93212
-4.688511,2,1289326.498971
-4.745498,2,1289384.308774
-4.705841,2,1289446.640934
-4.752016,2,1289509.614325
-4.766183,2,1289573.340174
-4.770085,2,1289634.866458
-4.722594,2,1289696.010393
-4.776384,2,1289761.04557
-4.876319,2,1289830.892356
-4.710471,2,1289883.706614
-4.897692,2,1289954.18589
-4.743707,2,1290011.789772
-4.73729,2,1290070.510188
-4.746911,2,1290132.187608
-4.747602,2,1290195.177536
-4.775896,2,1290254.427648
-4.743105,2,1290313.86644
-4.741663,2,1290374.180745
-4.701687,2,1290441.045046
-4.755114,2,1290503.027658
-4.705391,2,1290562.394397
-4.755478,2,1290625.242858
-4.72287,2,1290687.150586
-4.710324,2,1290752.130953
-4.778207,2,1290810.080834
-4.781177,2,1290874.23707
-4.738361,2,1290936.59243
-4.716156,2,1290998.766126
-4.738535,2,1291059.870425
-4.713971,2,1291122.336762
-4.746724,2,1291185.001844
-4.67243,2,1291251.310673
-4.710588,2,1291313.088392
-4.733229,2,1291375.030676
-4.742339,2,1291434.239968
-4.762753,2,1291499.453904
-4.739035,2,1291554.799658
-4.778624,2,1291610.008946
-4.890892,2,1291670.957744
-4.756111,2,1291738.004543
-4.719165,2,1291801.453688
-4.75769,2,1291859.230245
-4.73869,2,1291923.430759
-4.775645,2,1291986.25703
-4.73266,2,1292050.23245
-4.692607,2,1292110.853613
-4.747353,2,1292169.33639
-4.718912,2,1292232.79079
-4.738458,2,1292289.364251
-4.708193,2,1292361.718224
-4.743083,2,1292416.897149
-4.781948,2,1292480.797627
-4.711483,2,1292546.212464
-4.709965,2,1292615.912096
-4.752842,2,1292672.146217
-4.706742,2,1292734.402768
-4.696595,2,1292801.552348
-4.71507,2,1292863.224458
-4.738685,2,1292925.404281
-4.714567,2,1292987.960073
-4.768211,2,1293049.971533
-4.700931,2,1293123.572659
-4.74085,2,1293179.986263
-4.736787,2,1293242.44208
-4.709711,2,1293309.246972
-4.749997,2,1293362.400581
-4.722616,2,1293423.10657
-4.749783,2,1293489.296412
-4.694867,2,1293552.907871
-4.676382,2,1293614.640433
-4.699971,2,1293673.319573
-4.829161,2,1293743.159842
-4.692671,2,1293800.050183
-4.693047,2,1293859.316851
-4.731509,2,1293921.154648
-4.787698,2,1293980.673043
-4.695641,2,1294045.239167
-4.711914,2,1294104.54227
-4.726668,2,1294166.878201
-4.742217,2,1294227.974932
-4.747792,2,1294288.953265
-4.816207,2,1294352.491529
-4.715063,2,1294418.525314
-4.749155,2,1294482.593027
-4.794221,2,1294538.150544
-4.742964,2,1294600.961121
-4.734568,2,1294663.275483
-4.708078,2,1294728.875512
-4.696675,2,1294790.179601
-4.716662,2,1294850.422896
-4.789063,2,1294910.385301
-4.960999,2,1294979.549105
-4.738031,2,1295035.826885
-4.772316,2,1295104.858297
-4.711077,2,1295158.423954
-4.741409,2,1295221.208575
-4.80692,2,1295291.875305
-4.740325,2,1295352.270587
-4.780414,2,1295409.912419
-4.777496,2,1295470.594157
-4.701574,2,1295534.311214
-4.736017,2,1295598.069391
-4.719887,2,1295664.01708
-4.815516,2,1295725.223186
-4.739709,2,1295787.26764
-4.739624,2,1295849.79389
-4.758118,2,1295905.72105
-4.754097,2,1295962.436884
-4.72676,2,1296021.391369
-4.786561,2,1296080.310626
-4.7983,2,1296143.674273
-4.775797,2,1296207.187523
-4.688832,2,1296272.638129
-4.749953,2,1296330.696342
-4.748556,2,1296391.811793
-4.795193,2,1296457.950055
-4.746915,2,1296519.251314
-4.686023,2,1296584.29675
-4.802439,2,1296644.537148
-4.757954,2,1296710.762144
-4.726078,2,1296775.268803
-4.744491,2,1296831.733269
-4.797712,2,1296896.426955
-4.760522,2,1296959.861758
-4.73803,2,1297017.077409
-4.702553,2,1297082.436672
-4.774359,2,1297149.311123
-4.722921,2,1297212.444814
-4.722344,2,1297275.407887
-4.724429,2,1297342.976725
-4.715864,2,1297401.164847
-4.762991,2,1297460.677747
-4.687612,2,1297526.162362
-4.774954,2,1297587.442526
-4.762098,2,1297648.998216
-4.722312,2,1297705.695114
-4.695492,2,1297766.948527
-4.779762,2,1297820.001302
-4.908177,2,1297885.314324
-4.769773,2,1297939.227422
-4.722432,2,1298005.431685
-4.670381,2,1298075.937238
-4.683972,2,1298139.627493
-4.769988,2,1298200.625534
-4.706356,2,1298259.224566
-4.747093,2,1298327.385839
-4.6948,2,1298381.115049
-4.73403,2,1298442.93631
-4.853483,2,1298514.505231
-4.708871,2,1298577.141609
-4.735141,2,1298637.800218
-4.696407,2,1298704.57052
-4.902403,2,1298773.715271
-4.677692,2,1298836.337313
-4.782993,2,1298898.026954
-4.679167,2,1298965.672787
-4.741865,2,1299026.941772
-4.740814,2,1299090.083219
-4.713399,2,1299154.07619
-4.739505,2,1299215.401021
-4.73601,2,1299276.854223
-4.742242,2,1299336.771108
-4.700195,2,1299399.421163
-4.742636,2,1299456.118711
-4.692095,2,1299523.343006
-4.726425,2,1299582.188716
-4.778634,2,1299646.758659
-4.746882,2,1299711.090576
-4.792108,2,1299772.022495
-4.712271,2,1299833.748796
-4.73968,2,1299897.486461
-4.786202,2,1299963.891534
-4.679562,2,1300031.991369
-4.739183,2,1300089.781441
-4.714209,2,1300151.460589
-4.704492,2,1300220.360878
-4.748992,2,1300272.436041
-4.778421,2,1300330.876717
-4.776721,2,1300385.724832
-4.754571,2,1300452.389852
-4.723405,2,1300512.034034
-4.724282,2,1300573.889038
-4.749204,2,1300634.840324
-4.765486,2,1300702.712332
-4.780129,2,1300755.664125
-4.877271,2,1300818.79312
-4.726999,2,1300879.604608
-4.778513,2,1300945.785682
-4.75814,2,1301006.030638
-4.788383,2,1301067.605807
-4.75032,2,1301133.001181
-4.74284,2,1301191.692711
-4.758526,2,1301255.557042
-4.793519,2,1301314.347447
-4.709165,2,1301376.263675
-4.753626,2,1301441.851736
-4.88981,2,1301502.456572
-4.741589,2,1301565.372527
-4.755,2,1301640.465174
-4.697641,2,1301697.626878
-4.775232,2,1301759.507288
-4.794467,2,1301824.261541
-4.741533,2,1301889.429498
-4.706814,2,1301953.513187
-4.740499,2,1302015.923407
-4.762459,2,1302076.994287
-4.701653,2,1302135.855513
-4.751323,2,1302200.540261
-4.761186,2,1302252.883848
-4.733625,2,1302318.30095
-4.725522,2,1302370.275393
-4.708242,2,1302439.573868
-4.760998,2,1302495.278493
-4.711719,2,1302566.871883
-4.763891,2,1302623.6758
-4.769955,2,1302684.065871
-4.742968,2,1302748.273798
-4.681162,2,1302813.74759
-4.740812,2,1302872.962584
-4.738358,2,1302931.474585
-4.751441,2,1303004.115264
-4.672015,2,1303069.86691
-4.742328,2,1303124.243828
-4.782862,2,1303189.086238
-4.710643,2,1303256.137408
-4.742079,2,1303315.579828
-4.753563,2,1303384.222829
-4.726148,2,1303440.203348
-4.979636,2,1303501.811853
-4.715027,2,1303565.402545
-4.734788,2,1303627.547521
-4.762893,2,1303693.66935
-4.714732,2,1303748.502455
-4.773748,2,1303812.508258
-4.681049,2,1303877.467212
-4.780715,2,1303935.544949
-4.742348,2,1303997.487965
-4.760506,2,1304058.464288
-4.744775,2,1304122.595978
-4.722909,2,1304184.842448
-4.783448,2,1304247.08253
-4.779887,2,1304316.028566
-4.752534,2,1304382.574713
-4.750728,2,1304442.058969
-4.753438,2,1304501.486719
-4.686731,2,1304563.677848
-4.697817,2,1304631.256317
-4.73151,2,1304692.586177
-4.736062,2,1304746.541807
-4.711839,2,1304808.82765
-4.768368,2,1304869.193607
-4.678771,2,1304943.135549
-4.773016,2,1305000.908164
-4.788315,2,1305074.046527
-4.708708,2,1305130.44569
-4.749359,2,1305201.03836
-4.705352,2,1305255.474623
-4.698893,2,1305316.858793
-4.707293,2,1305380.569617
-4.673151,2,1305453.082895
-4.93009,2,1305510.242425
-4.711008,2,1305573.176116
-4.725121,2,1305637.448968
-4.732609,2,1305701.131839
-4.739417,2,1305763.786834
-4.734418,2,1305823.049968
-4.746261,2,1305889.678354
-4.687516,2,1305958.158332
-4.74888,2,1306015.783753
-4.726383,2,1306085.374948
-4.782825,2,1306144.920721
-4.712152,2,1306204.150044
-4.746476,2,1306269.30106
-4.773226,2,1306333.27617
-4.759359,2,1306399.732818
-4.706838,2,1306453.735524
-4.721793,2,1306515.566105
-4.738376,2,1306581.119732
-4.737141,2,1306637.045145
-4.684689,2,1306696.697649
-4.706699,2,1306758.750402
-4.709428,2,1306816.897044
-4.747653,2,1306880.024609
-4.742716,2,1306947.306919
-4.755133,2,1307009.637449
-4.68147,2,1307067.749217
-4.670615,2,1307136.406041
-4.723585,2,1307197.695286
-4.688835,2,1307259.916015
-4.797226,2,1307320.692615
-4.699113,2,1307383.690481
-4.752873,2,1307451.728181
-4.745915,2,1307513.634411
-4.881588,2,1307578.078176
-4.672143,2,1307640.991571
-4.755121,2,1307691.439
-4.739227,2,1307754.959399
-4.711098,2,1307821.641997
-4.743887,2,1307875.346913
-4.725114,2,1307934.395329
-4.817423,2,1308003.66627
-4.711246,2,1308068.410565
-4.711819,2,1308129.619232
-4.713902,2,1308185.116902
-4.740985,2,1308246.264279
-4.690203,2,1308312.753458
-4.750172,2,1308369.888354
-4.746258,2,1308433.452913
-4.702814,2,1308499.890547
-4.728717,2,1308562.415222
-4.751274,2,1308629.484505
-4.695523,2,1308688.081006
-4.707276,2,1308757.499058
-4.768002,2,1308810.87069
-4.741559,2,1308874.381822
-4.741624,2,1308938.268664
-4.671376,2,1309008.628055
-4.668995,2,1309071.692008
-4.716062,2,1309127.416925
-4.704905,2,1309177.910216
-4.742052,2,1309240.979264
-4.696646,2,1309308.042768
-4.748557,2,1309374.762136
-4.708416,2,1309440.257074
-4.756609,2,1309502.594127
-4.707916,2,1309565.154947
-4.716123,2,1309627.712522
-4.796915,2,1309685.890311
-4.739736,2,1309742.258106
-4.761346,2,1309801.860727
-4.752047,2,1309861.709055
-4.713095,2,1309925.084735
-4.682851,2,1309986.618224
-4.900142,2,1310045.073736
-4.889554,2,1310110.650072
-4.740598,2,1310165.034464
-4.733034,2,1310230.623729
-4.778994,2,1310285.127527
-4.757753,2,1310344.050271
-4.837187,2,1310407.496187
-4.839106,2,1310471.099492
-4.737216,2,1310530.714187
-4.68367,2,1310593.550256
-4.767359,2,1310654.332717
-4.735214,2,1310718.657888
-4.751266,2,1310783.137755
-4.764198,2,1310848.054546
-4.763013,2,1310905.286072
-4.744003,2,1310959.963085
-4.736585,2,1311019.7108
-4.750054,2,1311070.703201
-4.726709,2,1311130.005429
-4.786553,2,1311190.598065
-4.742713,2,1311250.322611
-4.702483,2,1311315.283869
-4.773478,2,1311375.513741
-4.784457,2,1311434.394053
-4.752783,2,1311503.353624
-4.760949,2,1311554.999859
-4.755301,2,1311618.626088
-4.693665,2,1311679.647385
-4.751679,2,1311738.986483
-4.720392,2,1311801.986521
-4.699748,2,1311862.746386
-4.747421,2,1311923.108004
-4.705826,2,1311985.215657
-4.727737,2,1312041.625813
-4.73322,2,1312099.516601
-4.712185,2,1312162.70185
-4.746333,2,1312224.067096
-4.749122,2,1312286.341979
-4.771718,2,1312344.985699
-4.745144,2,1312406.144218
-4.765654,2,1312465.867805
-4.856583,2,1312532.715921
-4.695582,2,1312589.668452
-4.731188,2,1312660.477221
-4.721897,2,1312717.672892
-4.742321,2,1312780.629303
-4.78462,2,1312844.596766
-4.686541,2,1312908.873859
-4.738659,2,1312966.905624
-4.75073,2,1313027.651659
-4.741744,2,1313088.914
-4.737897,2,1313148.96897
-4.759886,2,1313209.955713
-4.745886,2,1313272.018985
-4.711282,2,1313332.468696
-4.735054,2,1313395.173146
-4.779488,2,1313446.343845
-4.714386,2,1313506.996606
-4.711726,2,1313568.373003
-4.755204,2,1313628.763027
-4.901641,2,1313694.687468
-4.757059,2,1313753.240315
-4.752351,2,1313809.961144
-4.713648,2,1313873.720699
-4.696915,2,1313934.212164
-4.746631,2,1313999.228585
-4.757907,2,1314059.646656
-4.874107,2,1314118.432293
-4.754092,2,1314188.252477
-4.707177,2,1314248.884664
-4.693411,2,1314318.154532
-4.710926,2,1314377.167436
-4.753124,2,1314445.052469
-4.799943,2,1314502.27788
-4.700056,2,1314567.754581
-4.728216,2,1314630.460888
-4.741647,2,1314693.60012
-4.715206,2,1314764.020321
-4.707342,2,1314817.259512
-4.742162,2,1314880.336052
-4.869464,2,1314940.106674
-4.679859,2,1315007.01812
-4.789117,2,1315064.204089
-4.74544,2,1315127.892782
-4.688377,2,1315194.020088
-4.736243,2,1315253.166274
-4.749716,2,1315307.467944
-4.775163,2,1315366.271095
-4.693326,2,1315431.648143
-4.740045,2,1315486.625073
-4.739279,2,1315550.254498
-4.750546,2,1315607.667809
-4.718086,2,1315675.863242
-4.741701,2,1315734.34105
-4.745773,2,1315797.007656
-4.738413,2,1315858.119868
-4.745206,2,1315925.092098
-4.750287,2,1315983.192502
-4.67795,2,1316048.423417
-4.744362,2,1316103.840911
-4.756181,2,1316170.27783
-4.738365,2,1316232.539667
-4.808898,2,1316292.205616
-4.713108,2,1316352.709629
-4.748289,2,1316416.078014
-4.713398,2,1316470.809921
-4.724079,2,1316534.523414
-4.687836,2,1316601.473313
-4.742532,2,1316659.412107
-4.690634,2,1316719.074327
-4.797104,2,1316784.180872
-4.741189,2,1316850.069694
-4.688815,2,1316917.056299
-5.139555,2,1316984.290468
-4.712274,2,1317036.502432
-4.741834,2,1317101.14369
-4.707856,2,1317162.760478
-4.686283,2,1317231.504169
-4.690642,2,1317290.712559
-4.73616,2,1317351.654915
-4.797762,2,1317414.987787
-4.710016,2,1317473.487508
-4.763481,2,1317534.288418
-4.73315,2,1317595.250796
-4.754965,2,1317650.767046
-4.746103,2,1317709.356433
-4.751887,2,1317764.988443
-4.680339,2,1317828.180903
-4.757375,2,1317888.168923
-4.673077,2,1317953.355382
-4.747032,2,1318012.085352
-4.729543,2,1318075.31946
-5.266877,2,1318143.020779
-4.703755,2,1318201.350551
-4.681176,2,1318260.286508
-4.720864,2,1318324.652546
-4.742592,2,1318383.091202
-4.68788,2,1318446.20454
-4.690376,2,1318504.206124
-4.762743,2,1318562.110996
-4.779109,2,1318621.577872
-4.721085,2,1318683.75394
-4.717033,2,1318738.552017
-4.77381,2,1318804.555772
-4.830389,2,1318862.3697
-4.743144,2,1318921.026374
-4.772951,2,1318980.903605
-4.748543,2,1319046.03353
-4.738781,2,1319109.809988
-4.735934,2,1319176.845858
-4.68668,2,1319241.652
-4.706282,2,1319305.506834
-4.721328,2,1319362.901686
-4.688165,2,1319424.151451
-4.692175,2,1319485.621868
-4.762883,2,1319546.08941
-5.035014,2,1319609.121881
-4.74442,2,1319664.922987
-4.702056,2,1319718.558495
-4.787397,2,1319782.143924
-5.608789,3,1319861.234893
-4.745829,2,1319937.3776
-4.743116,2,1320004.361449
-4.748427,2,1320066.610642
-4.745526,2,1320140.603252
-4.744846,2,1320195.880483
-4.686345,2,1320257.822886
-4.735823,2,1320314.332354
-4.793324,2,1320371.88525
-4.771692,2,1320434.871562
-4.708132,2,1320499.952191
-4.722164,2,1320562.556907
-4.776143,2,1320615.891156
-4.753428,2,1320679.492265
-4.775047,2,1320736.048614
-4.728644,2,1320797.626029
-4.762783,2,1320857.486393
-4.73847,2,1320918.234203
-4.694509,2,1320981.404857
-4.791031,2,1321038.201046
-4.755026,2,1321101.950288
-4.681855,2,1321168.27662
-4.735708,2,1321233.152572
-4.724869,2,1321289.296139
-4.716053,2,1321347.768502
-4.689124,2,1321418.197412
-4.71526,2,1321476.005736
-4.711226,2,1321535.319728
-4.745439,2,1321596.353714
-4.780494,2,1321663.139739
-4.754114,2,1321732.637751
-4.745613,2,1321788.525542
-4.754165,2,1321846.079363
-4.757655,2,1321904.824097
-4.710676,2,1321967.385659
-4.724803,2,1322023.190618
-4.711183,2,1322085.274846
-4.678366,2,1322150.907927
-4.71138,2,1322204.643894
-4.744345,2,1322269.953213
-4.757182,2,1322332.455448
-4.737685,2,1322394.464351
-4.781124,2,1322459.597042
-4.696026,2,1322516.10665
-4.67047,2,1322586.842188
-4.708573,2,1322638.557472
-4.771258,2,1322702.307106
-4.705157,2,1322758.213575
-4.777783,2,1322819.701103
-4.81353,2,1322880.796685
-4.775967,2,1322944.23659
-4.74607,2,1323005.444163
-4.742475,2,1323064.356663
-4.712062,2,1323124.646148
-4.763186,2,1323189.401497
-4.747096,2,1323248.453416
-4.717331,2,1323311.037928
-4.708565,2,1323376.132761
-4.708863,2,1323431.269962
-4.711987,2,1323499.960412
-4.694307,2,1323559.824154
-4.776757,2,1323622.67983
-4.714994,2,1323683.637559
-4.740902,2,1323744.370221
-4.707626,2,1323803.845989
-4.746788,2,1323867.224119
-4.737169,2,1323923.690482
-4.677624,2,1323984.176214
-4.689786,2,1324039.950591
-4.746218,2,1324100.678373
-4.689694,2,1324164.543736
-4.684945,2,1324225.497042
-4.736635,2,1324286.503404
-4.740404,2,1324344.967427
-4.720178,2,1324402.974174
-4.744526,2,1324464.177717
-4.737009,2,1324529.319483
-4.820726,2,1324591.130669
-4.786075,2,1324647.127897
-4.70887,2,1324712.642045
-4.786257,2,1324773.921331
-4.708114,2,1324835.735381
-4.710473,2,1324898.025027
-4.671206,2,1324965.839176
-4.810135,2,1325019.144994
-4.749676,2,1325078.339985
-4.793745,2,1325140.126962
-4.725785,2,1325200.345993
-4.687439,2,1325268.579008
-4.71564,2,1325327.713419
-4.745862,2,1325390.285633
-4.722247,2,1325451.369761
-4.742915,2,1325504.983527
-4.738233,2,1325570.146162
-4.709694,2,1325630.209137
-4.80511,2,1325696.035942
-4.772438,2,1325753.578691
-4.733778,2,1325818.840652
-4.968232,2,1325872.156502
-4.707713,2,1325932.347695
-4.712435,2,1325989.187335
-4.711583,2,1326051.846273
-4.733514,2,1326116.03473
-4.727773,2,1326171.996115
-4.741561,2,1326233.369402
-4.744693,2,1326286.7593
-4.712732,2,1326343.507978
-4.779019,2,1326401.056784
-4.737196,2,1326469.28099
-4.764206,2,1326527.50639
-4.741747,2,1326590.321105
-4.780123,2,1326651.420254
-4.764895,2,1326711.774085
-4.818392,2,1326771.088432
-4.730061,2,1326834.253022
-4.696628,2,1326899.644699
-4.724722,2,1326962.237682
-4.680928,2,1327022.04245
-4.708372,2,1327077.290103
-4.741086,2,1327141.53826
-4.705155,2,1327204.947492
-4.752935,2,1327268.436553
-4.787296,2,1327326.213519
-4.707031,2,1327392.295579
-4.69208,2,1327456.278673
-4.738646,2,1327519.759258
-4.743265,2,1327577.170356
-4.702814,2,1327638.085957
-4.786463,2,1327700.816561
-4.736379,2,1327761.948669
-4.779286,2,1327820.803585
-4.686896,2,1327881.894048
-4.692592,2,1327946.647304
-4.733017,2,1328005.874692
-4.778945,2,1328068.396132
-4.894909,2,1328135.349576
-4.742695,2,1328189.407576
-4.75861,2,1328251.418291
-4.697511,2,1328304.195178
-4.744791,2,1328366.542895
-4.73274,2,1328432.005656
-4.743443,2,1328494.613904
-4.785465,2,1328554.602869
-4.690405,2,1328613.408485
-4.711052,2,1328673.08393
-4.695939,2,1328735.841907
-4.708902,2,1328798.416099
-4.764568,2,1328866.987544
-4.700601,2,1328932.740554
-4.704429,2,1328994.754341
-4.710797,2,1329050.687907
-4.772251,2,1329109.534107
-4.71443,2,1329171.622487
-4.739716,2,1329231.089512
-4.747449,2,1329290.533793
-4.713842,2,1329350.153998
-4.777844,2,1329414.596917
-4.676259,2,1329485.391302
-4.703588,2,1329547.285825
-4.735361,2,1329603.593746
-4.670921,2,1329672.59355
-4.71434,2,1329730.066115
-4.973619,2,1329801.575973
-4.711422,2,1329854.342867
-4.740106,2,1329916.944605
-4.740247,2,1329978.052357
-4.708251,2,1330041.232164
-4.673705,2,1330105.72972
-4.747359,2,1330162.919997
-4.758734,2,1330226.718766
-4.760836,2,1330290.972404
-4.740315,2,1330350.582828
-4.747225,2,1330412.504345
-4.76159,2,1330470.748597
-4.788923,2,1330530.422711
-4.692658,2,1330590.924264
-4.746328,2,1330645.791752
-4.751409,2,1330703.66736
-4.699811,2,1330763.768111
-4.701068,2,1330818.998442
-4.808506,2,1330882.346007
-4.745565,2,1330944.202299
-4.769106,2,1331009.029596
-4.759915,2,1331077.273296
-4.757581,2,1331136.50223
-4.742931,2,1331193.964414
-4.688076,2,1331258.47754
-4.677733,2,1331323.827246
-4.764651,2,1331385.597612
-4.699974,2,1331450.641467
-4.74308,2,1331515.955302
-4.739791,2,1331571.792445
-4.740942,2,1331629.334319
-4.882123,2,1331687.242718
-4.686905,2,1331754.552456
-4.724584,2,1331816.968682
-4.752792,2,1331879.443055
-4.751652,2,1331939.413362
-4.719522,2,1332003.555007
-4.667742,2,1332068.315267
-4.728941,2,1332122.333976
-4.776081,2,1332185.614999
-4.671462,2,1332253.789015
-4.671392,2,1332315.931853
-4.763401,2,1332372.771313
-4.713738,2,1332429.870243
-4.736223,2,1332495.399148
-4.754595,2,1332548.498609
-4.71735,2,1332601.658195
-4.735337,2,1332662.485801
-4.777794,2,1332721.561616
-4.760045,2,1332788.71909
-4.708241,2,1332846.182621
-4.686574,2,1332910.904181
-4.754194,2,1332967.586633
-4.689498,2,1333034.242423
-4.705802,2,1333092.257352
-4.726089,2,1333153.039165
-4.756361,2,1333218.684243
-4.741621,2,1333276.268911
-4.718927,2,1333341.590001
-4.779491,2,1333396.54632
-4.672172,2,1333464.447287
-4.687471,2,1333519.364887
-4.706849,2,1333576.961662
-4.763222,2,1333633.913089
-4.850363,2,1333703.175381
-4.753555,2,1333758.683208
-4.743325,2,1333821.692435
-4.708484,2,1333883.02588
-4.744251,2,1333946.941597
-4.73872,2,1334011.296284
-4.77955,2,1334074.905615
-4.798986,2,1334136.699785
-4.75837,2,1334199.853371
-4.768297,2,1334255.78861
-4.707401,2,1334316.118085
-5.266874,2,1334385.223097
-4.772448,2,1334442.714867
-4.766624,2,1334508.869365
-4.769707,2,1334568.740108
-4.769098,2,1334630.570428
-4.707755,2,1334695.768151
-4.746864,2,1334756.558071
-4.742696,2,1334815.614938
-4.685407,2,1334878.635984
-4.75373,2,1334928.64766
-4.716355,2,1334983.980651
-4.736229,2,1335045.427021
-4.768939,2,1335105.820653
-4.689747,2,1335167.145565
-4.711077,2,1335225.304887
-4.749407,2,1335289.722882
-4.755612,2,1335346.020614
-4.780438,2,1335409.43315
-4.733957,2,1335467.349684
-4.734453,2,1335530.891401
-4.770361,2,1335591.571499
-4.68156,2,1335655.056034
-4.733346,2,1335714.141211
-4.743468,2,1335778.104754
-4.767214,2,1335835.317222
-4.742556,2,1335893.931494
-4.678743,2,1335962.879941
-4.73485,2,1336021.499578
-4.684732,2,1336091.52219
-4.693605,2,1336151.138934
-4.728369,2,1336215.072643
-4.707772,2,1336286.73618
-4.730825,2,1336341.774788
-4.710133,2,1336404.448072
-4.716642,2,1336465.04608
-4.699439,2,1336523.916209
-4.73099,2,1336585.548341
-4.729638,2,1336645.682087
-4.767293,2,1336703.938809
-4.673687,2,1336769.963539
-4.688129,2,1336824.095618
-4.752506,2,1336882.138023
-4.731074,2,1336939.185564
-4.746486,2,1336998.311048
-4.776979,2,1337055.931009
-4.741446,2,1337117.589351
-4.772598,2,1337181.141604
-4.742591,2,1337240.874348
-4.706271,2,1337309.141824
-4.680829,2,1337370.402589
-4.672558,2,1337438.241724
-4.732994,2,1337494.769319
-4.744123,2,1337556.90538
-4.777439,2,1337616.034511
-4.686525,2,1337679.533321
-4.773979,2,1337742.074892
-4.741189,2,1337802.101661
-4.843333,2,1337868.69456
-4.742397,2,1337926.19865
-4.69548,2,1337985.068298
-4.779495,2,1338046.237641
-4.753349,2,1338106.734532
-4.67189,2,1338171.693439
-4.783001,2,1338224.946541
-4.718002,2,1338293.868359
-4.707409,2,1338353.731602
-4.770716,2,1338413.674486
-4.691235,2,1338475.227466
-4.685396,2,1338536.747795
-4.750204,2,1338595.841702
-4.709831,2,1338660.190335
-4.736904,2,1338723.131138
-4.774026,2,1338782.858373
-4.780364,2,1338843.141303
-4.7101,2,1338903.733442
-4.700003,2,1338969.022676
-4.761086,2,1339031.549267
-4.752732,2,1339094.742265
-4.672017,2,1339156.938557
-4.749117,2,1339209.790231
-4.69003,2,1339266.559404
-4.780365,2,1339325.923527
-4.735711,2,1339386.227248
-4.759873,2,1339449.524389
-4.722407,2,1339512.195117
-4.860276,2,1339576.267702
-4.762068,2,1339635.387502
-4.742708,2,1339686.595144
-4.743316,2,1339752.56758
-4.714405,2,1339813.889683
-4.712138,2,1339874.160793
-4.758681,2,1339935.146675
-4.711951,2,1339996.099122
-4.778989,2,1340055.16115
-4.741605,2,1340114.204661
-4.737489,2,1340177.831863
-4.809187,2,1340236.659185
-4.770758,2,1340295.812878
-4.818323,2,1340364.201934
-4.82647,2,1340420.195481
-4.741259,2,1340484.345166
-4.678878,2,1340554.036368
-4.701024,2,1340610.774482
-4.744437,2,1340673.024211
-4.686724,2,1340743.031224
-4.798113,2,1340798.879714
-4.785357,2,1340863.813219
-4.736986,2,1340924.69016
-4.702956,2,1340994.006926
-4.733772,2,1341054.057117
-4.708166,2,1341115.441165
-4.737818,2,1341177.961658
-4.743983,2,1341225.669735
-4.743291,2,1341287.125395
-4.741289,2,1341345.164765
-4.704259,2,1341404.860819
-4.792887,2,1341469.949976
-4.71043,2,1341531.018049
-4.74817,2,1341590.198667
-4.69986,2,1341654.013377
-4.736163,2,1341717.258543
-4.753418,2,1341779.546262
-4.675948,2,1341849.527035
-4.786444,2,1341905.15974
-4.780899,2,1341964.510438
-4.707863,2,1342032.570015
-4.772338,2,1342096.644562
-4.736692,2,1342166.206884
-4.776954,2,1342218.0032
-4.74902,2,1342280.96136
-4.738249,2,1342342.635445
-4.680788,2,1342407.108801
-4.714496,2,1342462.644526
-4.705929,2,1342536.089624
-4.721549,2,1342596.335126
-5.272236,2,1342661.19475
-4.761827,2,1342717.143518
-4.724532,2,1342779.602174
-4.685637,2,1342845.416137
-4.670768,2,1342908.56958
-4.709165,2,1342962.092225
-4.757148,2,1343026.076376
-4.717871,2,1343090.183381
-4.744314,2,1343159.26806
-4.673151,2,1343219.936861
-4.691096,2,1343277.126832
-4.746203,2,1343340.037912
-4.687808,2,1343407.030608
-4.795108,2,1343463.909813
-4.706217,2,1343528.496589
-4.681309,2,1343580.398576
-4.721491,2,1343638.141622
-4.747399,2,1343699.562775
-4.773478,2,1343765.067569
-4.846777,2,1343831.296602
-4.762523,2,1343887.66625
-4.678983,2,1343951.496514
-4.713525,2,1344009.403734
-4.758987,2,1344078.170548
-4.706876,2,1344137.420624
-4.670328,2,1344207.725036
-4.706434,2,1344261.702363
-4.676436,2,1344326.412263
-4.728561,2,1344381.727563
-4.723941,2,1344444.965338
-4.706282,2,1344506.635588
-4.68502,2,1344567.171634
-4.759494,2,1344630.289236
-4.696451,2,1344691.13541
-4.728849,2,1344760.055223
-4.712351,2,1344817.97682
-4.690188,2,1344876.374105
-4.739178,2,1344938.453448
-4.677747,2,1345004.967396
-4.684248,2,1345069.292456
-4.89979,2,1345124.955132
-4.707128,2,1345187.971057
-4.752715,2,1345244.674262
-4.687278,2,1345311.191494
-4.7428,2,1345370.962339
-4.884625,2,1345437.147711
-4.776153,2,1345494.64371
-4.741134,2,1345549.040841
-4.706098,2,1345601.615912
-4.774644,2,1345665.296498
-4.701737,2,1345741.576986
-4.765468,2,1345802.790646
-4.738785,2,1345865.296256
-4.740909,2,1345930.26304
-4.694782,2,1345993.37789
-4.909119,2,1346060.910468
-4.713269,2,1346119.330805
-4.742301,2,1346182.91591
-4.742378,2,1346247.198889
-4.73098,2,1346316.621417
-4.742421,2,1346376.97129
-4.702226,2,1346435.820581
-4.7084,2,1346498.767021
-4.769005,2,1346561.514291
-4.689271,2,1346624.415491
-4.775276,2,1346697.89566
-4.935922,2,1346835.384921
-4.711223,2,1346947.236547
-4.684495,2,1347072.739452
-4.749017,2,1347197.569673
-4.686521,2,1347267.629625
-4.705957,2,1347328.898807
-4.711431,2,1347389.389216
-4.742993,2,1347455.58769
-4.736655,2,1347530.382434
-4.743506,2,1347644.958482
-4.720183,2,1347752.976211
-4.671354,2,1347868.483888
-4.743201,2,1347975.685912
-4.749672,2,1348072.621835
-4.741709,2,1348185.721253
-4.708543,2,1348298.37613
-4.702637,2,1348409.05774
-5.002691,2,1348495.581018
-4.77393,2,1348545.835972
-4.768155,2,1348610.677772
-4.713099,2,1348672.166628
-4.692853,2,1348741.444195
-4.712625,2,1348805.953076
-4.679865,2,1348880.862056
-4.711532,2,1349009.132148
-4.684737,2,1349135.716037
-4.672068,2,1349224.646578
-4.715594,2,1349289.216217
-4.744186,2,1349352.20864
-4.758894,2,1349421.932217
-4.750038,2,1349493.359092
-4.67267,2,1349618.99099
-4.771557,2,1349719.463035
-4.695712,2,1349836.014993
-4.814836,2,1349952.858699
-4.866908,2,1350051.998942
-4.705425,2,1350162.834925
-4.738594,2,1350278.017117
-4.733968,2,1350357.903019
-4.713694,2,1350417.6382
-4.760499,2,1350481.506053
-4.691721,2,1350548.419985
-4.775473,2,1350606.492163
-4.775643,2,1350671.962553
-4.693948,2,1350735.511703
-4.744033,2,1350800.750846
-4.726794,2,1350869.583494
-4.766255,2,1350927.502219
-4.717612,2,1350990.063114
-4.691822,2,1351052.161259
-4.752484,2,1351116.614828
-4.709558,2,1351169.584605
-4.670466,2,1351239.636795
-4.745811,2,1351298.403249
-4.796411,2,1351370.346694
-4.759933,2,1351438.762098
-4.733723,2,1351503.12475
-4.689053,2,1351566.398247
-4.779351,2,1351630.075052
-4.690636,2,1351697.151011
-4.743904,2,1351759.535745
-4.775249,2,1351824.542272
-4.672251,2,1351895.641454
-4.713783,2,1351962.307279
-4.684678,2,1352020.081698
-4.770635,2,1352083.918106
-4.753401,2,1352141.495513
-4.692803,2,1352208.07174
-4.759776,2,1352266.90569
-4.68639,2,1352331.142505
-4.739316,2,1352399.090805
-4.770386,2,1352503.167166
-4.742462,2,1352609.132647
-4.770488,2,1352717.660373
-4.714703,2,1352828.025127
-4.743534,2,1352939.50121
-4.692327,2,1353058.127375
-4.687586,2,1353163.664046
-4.744877,2,1353269.218452
-4.747461,2,1353385.630484
-4.706454,2,1353499.945016
-4.683389,2,1353609.378901
-4.694957,2,1353709.117855
-4.715597,2,1353824.102739
-4.776929,2,1353937.283285
-4.743503,2,1354044.629447
-4.707062,2,1354154.330105
-4.734176,2,1354258.93103
-4.737261,2,1354367.58875
-4.731312,2,1354485.07086
-4.851637,2,1354578.877578
-4.693043,2,1354688.365828
-4.747592,2,1354804.479164
-4.745579,2,1354910.523268
-4.678036,2,1355019.666022
-4.948377,2,1355127.549412
-4.687939,2,1355234.498475
-4.746575,2,1355342.872812
-4.711696,2,1355437.434526
-4.742584,2,1355549.756961
-4.718113,2,1355669.922908
-4.691688,2,1355771.030136
-4.782216,2,1355870.418004
-4.767787,2,1355982.674824
-4.724964,2,1356089.274432
-4.777484,2,1356199.896288
-4.728761,2,1356318.252843
-4.707708,2,1356421.624187
-4.713473,2,1356526.115542
-4.777458,2,1356632.942875
-4.784836,2,1356743.539837
-4.77291,2,1356847.499981
-4.749065,2,1356968.675618
-4.743349,2,1357073.954459
-4.722504,2,1357182.898787
-4.716112,2,1357302.292641
-4.741627,2,1357402.066746
-4.6881,2,1357511.14487
-4.767702,2,1357613.58876
-4.67321,2,1357763.580728
-4.765517,2,1357872.192584
-4.744279,2,1357971.723195
-4.749041,2,1358079.545069
-4.742661,2,1358195.19805
-4.738191,2,1358306.926941
-4.686495,2,1358416.764946
-4.72044,2,1358527.154799
-4.744475,2,1358635.798485
-4.763972,2,1358744.869794
-4.694562,2,1358855.303635
-4.690268,2,1358967.727594
-4.719192,2,1359077.805948
-4.699201,2,1359185.739291
-4.74135,2,1359305.726677
-4.723451,2,1359469.65392
-4.75397,2,1359650.736209
-4.674995,2,1359829.073568
-4.727446,2,1360005.208054
-4.739959,2,1360168.650293
-4.746529,2,1360353.095763
-4.671825,2,1360550.804064
-4.760857,2,1360698.947468
-4.69017,2,1360871.311511
-4.694617,2,1361043.66291
-4.691768,2,1361229.952536
-4.782732,2,1361400.00943
-4.77458,2,1361574.023472
-4.708755,2,1361739.386129
-4.721518,2,1361925.461925
-4.761093,2,1362089.515592
-4.692376,2,1362281.332979
-4.685619,2,1362437.71275
-4.713971,2,1362592.570011
-4.783127,2,1362753.268607
-4.747347,2,1362922.100685
-4.740306,2,1363098.33673
-4.754842,2,1363285.930348
-4.776374,2,1363447.768337
-4.673757,2,1363635.619869
-4.734207,2,1363798.268171
-4.680179,2,1363976.417686
-4.714034,2,1364126.582588
-4.708282,2,1364296.574551
-4.742639,2,1364463.08267
-4.677076,2,1364646.333661
-4.774281,2,1364808.006664
-4.774695,2,1364971.900842
-4.765247,2,1365172.325179
-4.78149,2,1365324.840151
-4.739548,2,1365518.837652
-4.763919,2,1365691.754271
-4.744333,2,1365859.312724
-4.690989,2,1366027.033905
-4.699786,2,1366199.56967
-4.720498,2,1366396.203861
-4.729492,2,1366538.957987
-4.710143,2,1366713.561081
-4.686308,2,1366892.413981
-4.714196,2,1367062.338451
-4.705535,2,1367232.528469
-4.710935,2,1367414.012079
-4.745506,2,1367578.526675
-4.752133,2,1367758.058369
-4.722847,2,1367924.225076
-4.721243,2,1368076.872475
-4.673304,2,1368251.073181
-4.706168,2,1368420.45199
-4.704129,2,1368577.195242
-4.694923,2,1368763.737635
-4.750793,2,1368936.152313
-4.705085,2,1369102.870947
-4.713585,2,1369267.827683
-4.750285,2,1369444.449944
-4.770687,2,1369611.197658
-4.68789,2,1369792.142171
-4.773264,2,1369953.329757
-4.668682,2,1370153.399698
-4.746755,2,1370298.037233
-4.687027,2,1370466.091895
-4.750092,2,1370648.76291
-4.74292,2,1370821.850513
-4.710991,2,1370969.602509
-4.700914,2,1371149.251355
-4.742519,2,1371304.87646
-4.675606,2,1371500.23945
-4.747642,2,1371647.779882
-4.684575,2,1371833.360916
-4.731587,2,1371997.218592
-4.716313,2,1372189.772123
-4.720488,2,1372351.569598
-4.714573,2,1372540.549224
-4.710251,2,1372704.187364
-4.769138,2,1372874.223649
-4.709757,2,1373075.160082
-4.706476,2,1373228.111638
-4.686458,2,1373405.806715
-4.706831,2,1373573.084114
-4.689137,2,1373726.854074
-4.683201,2,1373906.681574
-4.706376,2,1374188.294419
-4.772109,2,1374353.981321
-4.783836,2,1374521.60148
-4.774656,2,1374679.345608
-4.746663,2,1374852.577749
-4.695371,2,1375029.982539
-4.671804,2,1375217.920504
-4.743937,2,1375376.309458
-4.729446,2,1375550.26521
-4.689908,2,1375720.148938
-4.712903,2,1375888.41538
-4.75166,2,1376071.951547
-4.737502,2,1376233.830524
-4.781634,2,1376403.9949
-4.747358,2,1376583.353016
-4.714298,2,1376769.929113
-4.773293,2,1376925.983507
-4.75526,2,1377116.187245
-4.744008,2,1377280.065029
-4.724296,2,1377459.594879
-4.730661,2,1377623.142112
-4.749035,2,1377801.501462
-4.731935,2,1377956.400674
-4.707649,2,1378130.671737
-4.721232,2,1378328.438799
-4.690155,2,1378491.058102
-4.739929,2,1378653.938025
-4.707997,2,1378822.446847
-4.779482,2,1378991.619931
-4.75319,2,1379170.003826
-4.760039,2,1379353.568123
-4.700949,2,1379510.703423
-4.728394,2,1379695.531502
-4.718453,2,1379859.396945
-4.760146,2,1380004.706274
-4.670524,2,1380209.377745
-4.758873,2,1380362.174732
-4.779912,2,1380539.064496
-4.738684,2,1380717.702017
-4.750343,2,1380883.556539
-4.733071,2,1381054.60032
-4.735677,2,1381222.363503
-4.695205,2,1381400.241058
-4.713752,2,1381570.337832
-4.796939,2,1381754.714054
-4.733834,2,1381937.929991
-4.665975,2,1382112.309223
-4.760873,2,1382267.95144
-4.751457,2,1382447.29745
-4.689985,2,1382613.106719
-4.745831,2,1382779.118023
-4.705695,2,1382948.87396
-4.691554,2,1383119.602965
-4.70831,2,1383305.074162
-4.715132,2,1383491.827793
-4.751538,2,1383651.590826
-4.758369,2,1383846.106332
-4.73895,2,1384000.711023
-4.791755,2,1384171.582071
-4.719625,2,1384376.350165
-4.735508,2,1384549.329891
-4.874075,2,1384739.662184
-4.681764,2,1384900.768223
-4.702241,2,1385086.377144
-4.965344,2,1385253.778051
-4.685767,2,1385414.18111
-4.704145,2,1385574.713257
-4.708849,2,1385747.727928
-4.757887,2,1385929.335759
-4.708752,2,1386087.933581
-4.742918,2,1386251.191738
-4.74176,2,1386416.07379
-4.671924,2,1386605.799094
-4.713099,2,1386755.332623
-4.734367,2,1386946.313842
-4.683193,2,1387076.155364
-4.770288,2,1387177.185041
-4.668111,2,1387302.020443
-4.747093,2,1387398.46592
-4.680733,2,1387518.606739
-4.77917,2,1387620.468242
-4.754007,2,1387741.850503
-4.73183,2,1387848.814943
-5.497041,2,1387949.979086
-4.674171,2,1388074.288653
-4.738269,2,1388174.7232
-4.774212,2,1388278.236645
-4.739071,2,1388389.602792
-4.719267,2,1388502.417335
-4.917906,2,1388619.12281
-4.788252,2,1388717.895398
-4.788037,2,1388842.718135
-4.75534,2,1388956.774884
-4.765362,2,1389061.412238
-4.821813,2,1389157.795471
-4.838336,2,1389281.989595
-4.709816,2,1389391.105831
-4.769445,2,1389488.540017
-4.691454,2,1389595.682567
-4.669902,2,1389713.037352
-4.696225,2,1389853.851207
-4.748893,2,1389963.353652
-4.672697,2,1390091.97226
-4.703423,2,1390192.128529
-4.738407,2,1390308.201967
-4.694614,2,1390424.526392
-4.763507,2,1390530.666853
-4.675236,2,1390637.359551
-4.689677,2,1390748.990139
-4.701658,2,1390861.528934
-4.724433,2,1390965.030571
-4.748439,2,1391076.739818
-4.747519,2,1391182.442348
-4.742075,2,1391296.388006
-4.707126,2,1391409.930498
-4.70734,2,1391520.59581
-4.751628,2,1391638.313209
-4.77351,2,1391747.297861
-4.712834,2,1391857.118194
-4.672554,2,1391976.205767
-4.686324,2,1392084.23616
-4.733959,2,1392203.401031
-4.696325,2,1392313.718082
-4.751528,2,1392421.26128
-4.761425,2,1392540.326098
-4.744919,2,1392650.693372
-4.698759,2,1392749.312763
-4.705076,2,1392865.322665
-4.737097,2,1392970.215264
-4.709248,2,1393078.602687
-4.684497,2,1393191.551306
-4.705921,2,1393296.604507
-4.748087,2,1393405.674778
-4.779133,2,1393516.132
-4.74427,2,1393630.716264
-4.711266,2,1393754.975531
-4.675376,2,1393838.35634
-4.73226,2,1393897.655088
-4.70639,2,1393959.370096
-4.714653,2,1394024.5989
-4.739476,2,1394084.80831
-4.762035,2,1394146.00281
-4.685615,2,1394208.316715
-4.766568,2,1394274.360353
-4.78009,2,1394327.436372
-4.74178,2,1394390.321252
-4.706191,2,1394454.140397
-4.701214,2,1394513.479561
-4.739586,2,1394580.912358
-4.697392,2,1394645.258052
-4.78475,2,1394701.754947
-4.744272,2,1394763.164223
-4.674446,2,1394832.137507
-4.713283,2,1394893.551049
-4.777007,2,1394950.941882
-4.775695,2,1395017.036457
-4.734988,2,1395080.424245
-4.787819,2,1395143.600444
-4.707986,2,1395207.396774
-4.692835,2,1395275.850655
-4.711797,2,1395332.531774
-4.772743,2,1395395.936702
-4.77405,2,1395453.631649
-4.674681,2,1395518.870708
-4.740161,2,1395576.708458
-4.714508,2,1395631.472496
-4.769314,2,1395694.884461
-4.764675,2,1395756.360218
-4.740545,2,1395816.648527
-4.683922,2,1395881.809026
-4.694213,2,1395944.835633
-4.712891,2,1396007.018449
-4.753939,2,1396073.157188
-4.702444,2,1396140.918652
-4.687252,2,1396200.324213
-4.748911,2,1396263.790225
-4.740251,2,1396327.798301
-4.688207,2,1396389.241361
-4.716529,2,1396457.597991
-4.679392,2,1396516.399733
-4.709079,2,1396575.514144
-4.765837,2,1396638.830369
-4.678531,2,1396703.221765
-4.742038,2,1396759.700397
-4.751519,2,1396822.948144
-4.674303,2,1396886.231693
-4.708458,2,1396952.769167
-4.705438,2,1397007.003685
-4.773079,2,1397072.443769
-4.773122,2,1397133.784591
-4.765594,2,1397195.427518
-4.756426,2,1397262.384887
-4.671227,2,1397332.421479
-4.751733,2,1397389.588879
-4.684149,2,1397454.373525
-4.710746,2,1397514.341279
-4.732694,2,1397586.380499
-4.754943,2,1397638.260171
-4.692188,2,1397702.276496
-4.776543,2,1397760.703066
-4.685858,2,1397821.329541
-4.682585,2,1397886.031469
-4.780195,2,1397947.920621
-4.672843,2,1398019.536339
-4.694391,2,1398077.562703
-4.743436,2,1398139.363105
-4.679343,2,1398206.103639
-4.708928,2,1398266.38011
-4.751499,2,1398340.466073
-4.702875,2,1398397.895563
-4.707862,2,1398462.610962
-4.693524,2,1398525.032807
-4.715703,2,1398599.2507
-4.677266,2,1398656.598869
-4.747243,2,1398715.078439
-4.716033,2,1398783.208055
-4.993857,2,1398850.224804
-4.730792,2,1398904.997197
-4.74802,2,1398970.024681
-4.738107,2,1399030.462091
-4.696812,2,1399092.758869
-4.687687,2,1399159.453178
-4.689305,2,1399217.637516
-4.769058,2,1399286.563144
-4.749883,2,1399353.869668
-4.67744,2,1399423.598652
-4.669784,2,1399489.658909
-4.677816,2,1399550.586431
-4.70506,2,1399617.971749
-4.706153,2,1399684.405385
-4.729667,2,1399744.742273
-4.741779,2,1399803.234113
-4.693466,2,1399865.467918
-4.677617,2,1399927.383308
-4.694976,2,1399982.9012
-4.705846,2,1400056.48855
-4.724722,2,1400114.174614
-4.691337,2,1400178.261078
-4.725496,2,1400241.975805
-4.692569,2,1400306.257905
-4.675601,2,1400374.878366
-4.673335,2,1400441.400353
-4.666325,2,1400503.078501
-4.706495,2,1400559.387654
-4.722076,2,1400624.511048
-4.677938,2,1400693.761069
-4.673556,2,1400757.685022
-4.714854,2,1400819.134674
-4.682919,2,1400879.924189
-4.675675,2,1400947.300123
-4.729026,2,1401006.157966
-4.670097,2,1401074.829701
-4.792124,2,1401130.51053
-4.716827,2,1401198.249946
-4.78331,2,1401252.710435
-4.716909,2,1401319.672041
-4.78518,2,1401381.795347
-4.742146,2,1401442.140584
-4.708759,2,1401508.244263
-4.713568,2,1401578.626756
-4.670814,2,1401646.671346
-4.678437,2,1401709.619068
-4.671558,2,1401780.423592
-4.671394,2,1401844.786227
-4.707409,2,1401899.779782
-4.803644,2,1401965.523699
-4.711778,2,1402020.472071
-4.685166,2,1402083.269918
-4.745679,2,1402140.232872
-4.745611,2,1402209.810114
-4.711763,2,1402269.386772
-4.737479,2,1402339.092422
-4.742105,2,1402395.713459
-4.70895,2,1402463.682742
-4.706341,2,1402522.633478
-4.709449,2,1402597.189366
-4.67822,2,1402654.744271
-4.672316,2,1402721.38879
-4.714171,2,1402780.738001
-4.723498,2,1402844.640018
-4.721373,2,1402901.592584
-4.713412,2,1402963.223017
-4.758797,2,1403031.017756
-4.723682,2,1403091.938654
-4.688437,2,1403154.664436
-4.709597,2,1403224.572389
-4.770449,2,1403280.423005
-4.7686,2,1403343.615224
-4.700887,2,1403410.668646
-4.739706,2,1403478.252926
-4.687167,2,1403534.38684
-4.686532,2,1403601.925423
-4.709784,2,1403664.621506
-4.706479,2,1403732.106964
-4.667617,2,1403800.266394
-4.744991,2,1403858.083913
-4.704754,2,1403920.070153
-4.751443,2,1403986.924894
-4.665148,2,1404057.841313
-4.680949,2,1404116.150662
-4.769339,2,1404175.624636
-4.678712,2,1404238.705947
-4.732249,2,1404296.627188
-4.732511,2,1404360.579216
-4.674082,2,1404427.692306
-4.773057,2,1404484.832295
-4.67066,2,1404557.336213
-4.685954,2,1404614.885561
-4.688108,2,1404679.158893
-4.734054,2,1404741.520859
-4.721138,2,1404812.660482
-4.748633,2,1404866.601125
-4.777202,2,1404927.480642
-4.780183,2,1404991.469973
-4.684892,2,1405056.609025
-4.675907,2,1405119.784203
-4.73315,2,1405178.637481
-4.742127,2,1405243.699101
-4.770745,2,1405303.074801
-4.774385,2,1405364.2735
-4.692545,2,1405434.573823
-4.674611,2,1405503.016934
-4.734785,2,1405562.217155
-4.768028,2,1405624.458698
-4.670681,2,1405687.868189
-4.834977,2,1405748.841108
-4.670909,2,1405817.564517
-4.779999,2,1405871.5155
-4.748297,2,1405936.676112
-4.691071,2,1406001.710024
-4.67154,2,1406071.669669
-4.723805,2,1406126.95921
-4.746384,2,1406192.428939
-4.695748,2,1406260.592619
-4.707476,2,1406320.887746
-4.682139,2,1406382.054541
-4.773898,2,1406439.796961
-4.742483,2,1406502.357249
-4.670079,2,1406571.876877
-4.77392,2,1406629.188196
-4.67302,2,1406700.341882
-4.793547,2,1406759.723688
-4.671758,2,1406832.846753
-4.725986,2,1406890.706449
-4.740354,2,1406956.813814
-4.921845,2,1407021.08365
-4.70111,2,1407080.42079
-4.736523,2,1407145.336203
-4.683589,2,1407206.525209
-4.747473,2,1407270.50696
-4.683779,2,1407330.428878
-4.70767,2,1407387.875728
-4.767997,2,1407451.193442
-4.707126,2,1407518.731177
-4.733695,2,1407584.720662
-4.67466,2,1407651.002566
-4.685654,2,1407714.867162
-4.738967,2,1407776.68457
-4.743041,2,1407849.65844
-4.690561,2,1407911.733167
-4.704706,2,1407974.008927
-4.747656,2,1408038.79619
-4.729435,2,1408103.1196
-5.055914,2,1408171.129158
-4.705939,2,1408226.707565
-4.726267,2,1408293.907854
-4.670837,2,1408359.139242
-4.687919,2,1408416.160322
-4.769588,2,1408476.902148
-4.772244,2,1408532.722688
-4.739303,2,1408592.732334
-4.673668,2,1408665.313827
-4.724372,2,1408721.18253
-4.720609,2,1408788.297341
-4.763889,2,1408858.730119
-4.714712,2,1408922.498252
-4.766208,2,1408976.609805
-4.670916,2,1409046.559631
-4.776631,2,1409101.821603
-4.737407,2,1409169.965129
-4.703292,2,1409235.628202
-4.756612,2,1409295.99654
-4.685831,2,1409363.29043
-4.752969,2,1409421.904621
-4.742678,2,1409489.07839
-4.749995,2,1409550.141871
-4.669046,2,1409622.082929
-4.707205,2,1409680.257733
-4.744522,2,1409741.178243
-4.759377,2,1409806.720746
-4.738176,2,1409863.144593
-4.732906,2,1409932.625212
-4.711993,2,1409992.855536
-4.696702,2,1410056.22666
-4.691013,2,1410126.225911
-4.767288,2,1410182.333038
-4.707528,2,1410253.238982
-4.674248,2,1410315.959892
-4.733315,2,1410375.252876
-4.671107,2,1410446.164122
-4.742565,2,1410502.690023
-4.698462,2,1410570.748033
-4.687419,2,1410632.069589
-4.67222,2,1410697.814746
-4.757396,2,1410752.801087
-4.703817,2,1410819.253652
-4.806391,2,1410880.001179
-4.742826,2,1410944.224537
-4.670833,2,1411015.955381
-4.68035,2,1411075.099685
-4.694665,2,1411138.979444
-4.785015,2,1411199.392516
-4.747546,2,1411268.657362
-4.698629,2,1411332.462614
-4.721379,2,1411404.141904
-4.671836,2,1411468.584245
-4.672758,2,1411531.567037
-4.686333,2,1411587.832796
-4.872759,2,1411651.875398
-4.725539,2,1411711.877013
-4.684665,2,1411777.305507
-4.742758,2,1411837.734433
-4.710204,2,1411903.470837
-4.741252,2,1411973.257243
-4.677143,2,1412037.442379
-4.669603,2,1412101.404529
-4.674061,2,1412164.4588
-4.805585,2,1412226.74769
-4.742691,2,1412289.340295
-4.674802,2,1412360.405782
-4.676102,2,1412425.900369
-4.741787,2,1412489.303848
-4.730243,2,1412554.774869
-4.690713,2,1412610.009192
-4.688181,2,1412671.669602
-4.714535,2,1412735.824858
-4.698241,2,1412796.123733
-4.704337,2,1412863.672669
-4.69,2,1412916.395871
-4.67025,2,1412990.261736
-4.694289,2,1413047.266164
-4.679016,2,1413114.963864
-4.684288,2,1413182.145146
-5.060617,2,1413239.421489
-4.735159,2,1413299.277072
-4.711692,2,1413369.829097
-4.739624,2,1413428.034889
-4.686115,2,1413493.534069
-4.74895,2,1413556.021151
-4.679003,2,1413622.100402
-4.685559,2,1413679.923832
-4.703834,2,1413736.851935
-4.693093,2,1413804.219835
-4.670381,2,1413874.501659
-4.675924,2,1413938.914481
-4.742215,2,1413995.801487
-4.688567,2,1414056.093426
-4.668185,2,1414126.685476
-4.742425,2,1414181.639583
-4.683016,2,1414250.868051
-4.690772,2,1414319.942298
-4.75198,2,1414379.104001
-4.744464,2,1414438.545873
-4.673203,2,1414511.685504
-4.698307,2,1414569.836177
-4.674054,2,1414641.039182
-4.672397,2,1414706.816974
-4.707396,2,1414772.509521
-4.749111,2,1414836.089468
-4.703964,2,1414890.44348
-4.671394,2,1414958.370896
-4.735419,2,1415010.635046
-4.736502,2,1415074.724957
-4.700897,2,1415146.61372
-4.711057,2,1415210.739119
-4.679289,2,1415277.648662
-4.70957,2,1415345.039185
-4.777744,2,1415404.62849
-4.68333,2,1415474.251916
-4.711072,2,1415533.402201
-4.670087,2,1415608.762913
-4.67095,2,1415670.24031
-4.755795,2,1415730.587277
-4.677711,2,1415796.059645
-4.714329,2,1415853.980913
-4.739156,2,1415913.195218
-4.723759,2,1415971.469273
-4.728128,2,1416037.486252
-4.669254,2,1416109.050869
-4.708577,2,1416161.91764
-4.717817,2,1416236.606628
-4.735053,2,1416297.687205
-4.746967,2,1416356.899835
-4.775723,2,1416414.052984
-4.671379,2,1416487.018545
-4.735793,2,1416548.33349
-4.902159,2,1416616.181174
-4.685253,2,1416676.833731
-4.768352,2,1416738.816651
-4.689712,2,1416798.954578
-4.68272,2,1416871.598896
-4.754985,2,1416933.989953
-4.704043,2,1416994.939807
-4.715618,2,1417057.261189
-4.756705,2,1417119.588598
-4.686383,2,1417173.900803
-4.875276,2,1417243.217478
-4.767112,2,1417302.022469
-4.693721,2,1417369.284397
-4.682966,2,1417434.312389
-4.767779,2,1417494.157087
-4.674171,2,1417561.202294
-4.721042,2,1417627.781878
-4.769852,2,1417682.3262
-4.699966,2,1417752.492923
-4.737162,2,1417814.622858
-4.685424,2,1417877.472751
-4.788849,2,1417936.015819
-4.692759,2,1417999.686802
-4.747119,2,1418059.348922
-4.668837,2,1418129.157123
-4.740383,2,1418188.409696
-4.787378,2,1418256.336023
-4.704568,2,1418314.759889
-4.752818,2,1418379.797728
-4.681862,2,1418451.250896
-4.684683,2,1418510.511701
-4.680494,2,1418576.437083
-4.727434,2,1418638.547344
-4.709365,2,1418701.388561
-4.680525,2,1418763.653609
-4.73675,2,1418823.335657
-4.7584,2,1418889.495807
-4.709784,2,1418953.484982
-4.676842,2,1419025.504869
-4.668841,2,1419092.361968
-4.774264,2,1419146.98201
-4.982374,2,1419212.731052
-4.750951,2,1419268.447484
-4.706154,2,1419322.828616
-4.743172,2,1419388.675262
-4.711708,2,1419451.026658
-4.725173,2,1419520.110786
-4.697249,2,1419582.347465
-4.695171,2,1419648.546681
-4.771077,2,1419712.675263
-4.701126,2,1419777.208399
-4.709087,2,1419842.063105
-4.756614,2,1419905.410779
-4.673903,2,1419977.759478
-4.930631,2,1420046.557311
-4.776256,2,1420101.183493
-4.68497,2,1420173.476123
-4.724948,2,1420227.689246
-4.694015,2,1420287.457534
-4.747275,2,1420359.846187
-4.825729,2,1420420.1699
-4.730182,2,1420483.522034
-4.670461,2,1420553.562107
-4.672686,2,1420616.585157
-4.671585,2,1420680.707782
-4.704455,2,1420746.909128
-4.70024,2,1420800.649223
-4.748026,2,1420866.578719
-4.791831,2,1420928.229865
-4.671176,2,1421000.630488
-4.739534,2,1421061.287221
-4.703964,2,1421125.700355
-4.758492,2,1421188.575476
-4.712103,2,1421251.859519
-4.773768,2,1421316.939314
-4.671855,2,1421387.671297
-4.711525,2,1421446.562691
-4.685024,2,1421504.555983
-4.675435,2,1421566.230049
-4.693999,2,1421627.522398
-4.678542,2,1421691.825515
-4.697672,2,1421754.865433
-4.664732,2,1421824.256256
-4.706801,2,1421880.759784
-4.741402,2,1421944.037106
-4.740251,2,1422009.190969
-4.732742,2,1422076.973965
-4.671315,2,1422146.353693
-4.772821,2,1422207.66336
-4.749372,2,1422296.015866
-4.691537,2,1422376.705648
-4.708054,2,1422466.966074
-4.682179,2,1422570.327207
-4.708873,2,1422657.481578
-4.741718,2,1422750.634578
-4.685558,2,1422834.915014
-4.755776,2,1422933.156441
-4.737013,2,1423017.896806
-4.756291,2,1423110.15716
-4.748394,2,1423204.784036
-4.693206,2,1423297.514086
-4.68825,2,1423391.77571
-4.724501,2,1423479.333834
-4.684634,2,1423583.895514
-4.688582,2,1423686.28253
-4.707624,2,1423773.76009
-4.695848,2,1423864.31013
-4.742771,2,1423959.325487
-4.67216,2,1424055.714427
-4.694391,2,1424133.737392
-4.690766,2,1424234.5204
-4.675785,2,1424331.514497
-4.697469,2,1424425.086016
-4.739197,2,1424516.228091
-4.687286,2,1424604.905451
-4.839364,2,1424703.471806
-4.683875,2,1424801.778661
-4.696432,2,1424885.900824
-4.74885,2,1424987.046365
-4.742033,2,1425075.393948
-4.670041,2,1425169.121216
-4.729155,2,1425252.838688
-4.715605,2,1425339.347371
-4.684732,2,1425433.377814
-4.717217,2,1425512.923233
-4.707345,2,1425609.331655
-4.82554,2,1425712.574356
-4.693041,2,1425797.861834
-4.776932,2,1425890.356772
-4.68712,2,1425990.408274
-4.93559,2,1426087.384406
-4.685139,2,1426175.946043
-4.707149,2,1426265.329953
-4.709066,2,1426360.351652
-4.676853,2,1426459.486937
-4.742134,2,1426540.498242
-4.672404,2,1426638.391142
-4.728613,2,1426730.804735
-4.718093,2,1426831.339664
-4.707616,2,1426910.942871
-4.756331,2,1427012.886402
-4.720531,2,1427109.131471
-4.743085,2,1427195.338727
-4.746622,2,1427282.946491
-4.689148,2,1427378.183401
-4.9637,2,1427474.173852
-4.708025,2,1427550.640845
-4.738448,2,1427661.7479
-4.700791,2,1427742.437498
-4.685409,2,1427838.869814
-4.690933,2,1427931.694533
-4.735378,2,1428024.990862
-4.678568,2,1428119.04873
-4.685308,2,1428210.680384
-4.741168,2,1428301.466938
-4.685365,2,1428400.474904
-4.771158,2,1428483.937118
-4.681003,2,1428589.206095
-4.75729,2,1428674.113786
-4.731999,2,1428759.167583
-4.69607,2,1428849.400883
-4.696726,2,1428938.825874
-4.689815,2,1429027.229483
-4.728836,2,1429137.768358
-4.723545,2,1429231.98813
-4.714525,2,1429318.250292
-4.715753,2,1429419.289947
-4.71268,2,1429507.517006
-4.694911,2,1429594.717687
-4.731469,2,1429690.89072
-4.668011,2,1429779.086818
-4.715054,2,1429893.256294
-4.696442,2,1429973.225126
-4.681774,2,1430067.727838
-4.684177,2,1430158.722229
-4.742241,2,1430246.607374
-4.677644,2,1430341.048034
-4.715052,2,1430435.902759
-4.719883,2,1430532.614455
-4.670385,2,1430630.770818
-4.689833,2,1430717.273509
-4.700017,2,1430809.713659
-4.673553,2,1430907.02109
-4.736924,2,1430989.936304
-4.686594,2,1431086.832075
-4.724294,2,1431169.462494
-4.67927,2,1431265.128912
-5.06671,2,1431371.577672
-4.870301,2,1431461.845752
-4.742276,2,1431537.812021
-4.67561,2,1431643.913939
-4.668779,2,1431732.668087
-4.693412,2,1431819.973575
-4.743813,2,1431913.731991
-4.730514,2,1432007.918963
-4.700413,2,1432102.881098
-4.694084,2,1432197.557055
-4.719871,2,1432287.71786
-4.682196,2,1432382.397791
-4.672811,2,1432470.308949
-4.699032,2,1432558.356502
-4.729385,2,1432659.138726
-4.70935,2,1432765.055291
-4.672988,2,1432863.367806
-4.698425,2,1432960.583857
-4.743084,2,1433047.917418
-4.698815,2,1433153.653358
-4.708468,2,1433245.924541
-4.672465,2,1433343.978133
-4.680339,2,1433435.672284
-4.67444,2,1433533.742809
-4.729814,2,1433626.633964
-4.676143,2,1433712.420533
-4.686554,2,1433819.209805
-4.676763,2,1433915.364134
-4.707255,2,1434011.495014
-4.709352,2,1434103.049949
-4.683982,2,1434196.362424
-4.671585,2,1434296.137609
-4.741733,2,1434385.713323
-4.709744,2,1434475.654217
-4.79164,2,1434562.43213
-4.682711,2,1434649.914301
-4.675893,2,1434743.417818
-4.749109,2,1434827.22232
-4.714698,2,1434916.667088
-4.691781,2,1435021.691497
-4.726346,2,1435106.436369
-4.697652,2,1435187.721614
-4.733876,2,1435278.947477
-4.688349,2,1435385.948838
-4.732644,2,1435469.46672
-4.694578,2,1435570.926127
-4.681701,2,1435655.907697
-4.693435,2,1435751.687485
-4.742963,2,1435851.03049
-4.673429,2,1435947.240068
-4.732517,2,1436035.000887
-4.753224,2,1436118.682239
-4.752244,2,1436216.131171
-4.726021,2,1436300.94091
-4.692733,2,1436396.8256
-4.776003,2,1436483.656101
-4.680101,2,1436570.471427
-4.669963,2,1436675.518739
-4.682408,2,1436759.417671
-4.752635,2,1436845.326962
-4.743627,2,1436930.821394
-4.735939,2,1437025.858286
-4.700548,2,1437120.495225
-4.676767,2,1437217.700547
-4.805226,2,1437304.388335
-4.687973,2,1437395.109428
-4.769748,2,1437484.301974
-4.746802,2,1437585.000046
-4.690357,2,1437683.505585
-4.770195,2,1437763.96094
-4.738925,2,1437868.771717
-4.700172,2,1437959.414255
-4.690763,2,1438054.551818
-4.786227,2,1438148.201801
-4.706441,2,1438235.77581
-4.705371,2,1438337.313915
-4.684917,2,1438417.075041
-4.684005,2,1438513.293628
-4.883649,2,1438619.250925
-4.742698,2,1438714.176912
-4.680331,2,1438806.35362
-4.67274,2,1438900.134834
-4.669736,2,1438995.074287
-4.670931,2,1439096.721216
-4.672686,2,1439175.408234
-4.708823,2,1439268.973384
-4.717587,2,1439361.931552
-4.701745,2,1439457.161433
-4.689966,2,1439542.48295
-4.732862,2,1439637.920463
-4.89778,2,1439734.496669
-4.707422,2,1439818.385622
-4.681966,2,1439923.716223
-4.702516,2,1440010.518346
-4.791323,2,1440110.408902
-4.705648,2,1440194.233383
-4.971625,2,1440308.471367
-4.761339,2,1440393.416076
-4.680539,2,1440485.923384
-4.721234,2,1440570.29055
-4.714071,2,1440666.983935
-4.741853,2,1440758.747897
-4.712679,2,1440853.703864
-4.694266,2,1440948.285067
-4.692969,2,1441038.82195
-4.68272,2,1441127.152014
-4.670898,2,1441221.033128
-4.690995,2,1441303.550009
-4.707435,2,1441384.666732
-4.696835,2,1441473.945514
-4.683262,2,1441560.420563
-4.752245,2,1441644.895542
-4.741561,2,1441727.688603
-4.73452,2,1441822.634766
-4.769276,2,1441914.916308
-4.685811,2,1442000.640671
-4.692091,2,1442086.237164
-4.671122,2,1442197.008001
-4.781982,2,1442275.52076
-4.711455,2,1442356.613529
-4.72025,2,1442451.581417
-4.724615,2,1442533.634334
-5.024961,2,1442634.154655
-4.685724,2,1442715.173553
-4.836599,2,1442809.040656
-4.692709,2,1442885.317008
-4.749399,2,1442979.509902
-4.686103,2,1443074.520737
-4.780883,2,1443165.743052
-4.712824,2,1443261.354301
-4.749922,2,1443346.178267
-4.678612,2,1443453.852631
-4.702255,2,1443551.424071
-4.744993,2,1443629.237402
-4.709691,2,1443723.232987
-4.710544,2,1443811.180139
-4.69481,2,1443911.013158
-4.67147,2,1444009.93335
-4.721417,2,1444093.016337
-4.712073,2,1444186.027929
-4.717067,2,1444271.225748
-4.699868,2,1444385.093405
-4.699562,2,1444480.001974
-4.718795,2,1444566.646142
-4.741867,2,1444654.345043
-4.705423,2,1444757.081526
-4.672234,2,1444858.45624
-4.729401,2,1444949.764573
-4.698563,2,1445042.241784
-4.677398,2,1445142.437487
-4.677296,2,1445237.330738
-4.686652,2,1445323.785914
-4.766539,2,1445418.777012
-4.77237,2,1445512.629362
-4.852716,2,1445610.788993
-4.670202,2,1445708.150434
-4.674769,2,1445802.668057
-4.708841,2,1445885.61162
-4.767424,2,1445982.761611
-4.68566,2,1446082.852323
-4.719552,2,1446168.701099
-4.7366,2,1446272.36017
-4.687975,2,1446355.486824
-4.735944,2,1446450.077198
-4.674896,2,1446546.053515
-4.672173,2,1446633.09132
-4.713164,2,1446724.124223
-4.710294,2,1446814.319827
-4.706221,2,1446930.198308
-4.759174,2,1447018.834004
-4.77171,2,1447107.053601
-4.683491,2,1447201.446897
-4.680326,2,1447305.243814
-4.694536,2,1447405.817121
-4.684956,2,1447497.327162
-4.755848,2,1447593.323606
-4.670272,2,1447698.362276
-4.737974,2,1447776.202672
-4.687828,2,1447864.553163
-4.703682,2,1447960.03165
-4.707405,2,1448040.275713
-4.885515,2,1448154.273365
-4.674287,2,1448238.617464
-4.703565,2,1448331.734589
-4.743441,2,1448418.389128
-4.699975,2,1448500.858873
-4.678844,2,1448608.043017
-4.68808,2,1448686.572092
-4.691979,2,1448780.156811
-4.7159,2,1448870.760501
-4.703856,2,1448966.975921
-4.682462,2,1449065.993434
-4.727503,2,1449149.766474
-4.671731,2,1449255.833518
-4.683152,2,1449339.257192
-4.740461,2,1449428.249496
-4.71119,2,1449524.179951
-4.731945,2,1449616.506147
-4.68016,2,1449708.156111
-4.682644,2,1449786.50353
-4.706153,2,1449867.663676
-4.669744,2,1449933.978889
-4.709066,2,1450002.453314
-4.716674,2,1450067.150427
-4.692758,2,1450132.508327
-4.712554,2,1450193.587415
-4.671192,2,1450267.194007
-4.703934,2,1450327.910034
-4.772978,2,1450386.501519
-4.710597,2,1450454.927489
-4.704999,2,1450524.407839
-4.681578,2,1450589.773934
-4.77409,2,1450652.768317
-4.72585,2,1450722.674559
-4.685452,2,1450785.637643
-4.687877,2,1450847.968756
-4.706717,2,1450913.368113
-4.703257,2,1450989.255899
-4.690739,2,1451047.936528
-4.696198,2,1451115.886265
-4.672314,2,1451188.889917
-4.694489,2,1451247.504063
-4.688399,2,1451318.054059
-4.718241,2,1451378.622702
-4.710897,2,1451453.395192
-4.743507,2,1451517.365232
-4.682863,2,1451591.437702
-5.078251,2,1451659.626152
-4.670242,2,1451725.617298
-4.684367,2,1451790.2713
-4.672382,2,1451864.633603
-4.689153,2,1451929.28179
-4.711435,2,1451998.394337
-4.712662,2,1452060.113268
-4.705183,2,1452118.519715
-4.713106,2,1452185.250318
-4.759482,2,1452245.691655
-4.714433,2,1452306.08228
-4.70237,2,1452379.696655
-4.678293,2,1452447.393714
-4.690501,2,1452511.91871
-4.671981,2,1452586.050921
-4.730078,2,1452650.685396
-4.686693,2,1452716.82544
-4.671396,2,1452786.356466
-4.707723,2,1452850.434144
-4.704281,2,1452911.586655
-4.704372,2,1452985.849454
-4.781353,2,1453048.589584
-4.683296,2,1453118.909953
-4.7228,2,1453181.877853
-4.773829,2,1453246.596682
-4.678241,2,1453316.932947
-4.691009,2,1453382.168274
-4.750401,2,1453451.858485
-4.750483,2,1453513.206492
-4.715067,2,1453583.223318
-4.738309,2,1453651.725182
-4.69827,2,1453720.304096
-4.738747,2,1453783.957486
-4.699639,2,1453855.702751
-4.698757,2,1453921.697464
-4.670544,2,1454000.970634
-4.705595,2,1454060.235646
-4.750229,2,1454122.70712
-4.689246,2,1454194.10564
-4.721183,2,1454262.051843
-4.840823,2,1454332.137864
-4.669387,2,1454404.596937
-4.696324,2,1454466.238182
-4.691141,2,1454536.160377
-4.70319,2,1454603.349594
-4.726718,2,1454666.626475
-4.710597,2,1454729.102792
-4.703116,2,1454795.598476
-4.670987,2,1454864.684513
-4.718136,2,1454923.561742
-4.753312,2,1454996.091334
-4.685597,2,1455059.206323
-4.699939,2,1455136.152775
-4.704057,2,1455190.326978
-4.690413,2,1455263.512801
-4.70138,2,1455333.338175
-4.688884,2,1455395.5107
-4.677552,2,1455466.552774
-4.683858,2,1455532.705325
-4.72126,2,1455605.458543
-4.756536,2,1455664.74645
-4.743393,2,1455728.679857
-4.75053,2,1455801.606135
-4.700767,2,1455865.052362
-4.688963,2,1455935.850412
-4.672725,2,1456004.509535
-4.75639,2,1456066.580109
-4.708797,2,1456132.307213
-4.704132,2,1456208.547269
-4.671044,2,1456282.64966
-4.671381,2,1456347.530119
-4.792846,2,1456415.568617
-4.670251,2,1456479.415816
-4.745523,2,1456546.485258
-4.7144,2,1456602.708476
-4.697046,2,1456667.10344
-4.691183,2,1456732.475698
-4.676423,2,1456801.468414
-4.69633,2,1456868.045068
-4.670789,2,1456934.855844
-4.693962,2,1457001.074828
-4.772787,2,1457064.229469
-4.676584,2,1457132.751653
-4.720645,2,1457199.922228
-4.672327,2,1457272.175004
-4.66601,2,1457339.832571
-4.75914,2,1457400.258042
-4.673104,2,1457472.54493
-4.742209,2,1457540.338153
-4.680337,2,1457607.210593
-4.673489,2,1457680.015578
-4.68729,2,1457745.109176
-4.712757,2,1457810.523898
-4.672514,2,1457883.813848
-4.702858,2,1457955.508578
-4.678833,2,1458020.741817
-4.706574,2,1458084.328961
-4.728092,2,1458158.5182
-4.684018,2,1458225.82317
-4.702859,2,1458294.717549
-4.671793,2,1458360.823523
-4.669568,2,1458429.50364
-4.732934,2,1458488.315165
-4.711185,2,1458552.184693
-4.755836,2,1458624.589614
-4.680946,2,1458689.439096
-4.672798,2,1458761.668643
-4.67217,2,1458828.580168
-4.718467,2,1458892.070146
-4.704965,2,1458959.413127
-4.726013,2,1459025.621826
-4.693184,2,1459088.788024
-4.671433,2,1459159.088498
-4.69511,2,1459214.919779
-4.72875,2,1459284.135806
-4.722338,2,1459353.331224
-4.701224,2,1459422.262742
-4.677238,2,1459492.436894
-4.668713,2,1459559.683065
-4.698499,2,1459625.147531
-4.67024,2,1459695.792165
-4.674215,2,1459758.411402
-4.671803,2,1459824.597251
-4.741595,2,1459886.374485
-4.714308,2,1459958.345985
-4.736,2,1460025.408948
-4.699728,2,1460090.534853
-4.699512,2,1460163.63213
-4.792483,2,1460223.138677
-4.70381,2,1460300.166718
-4.7096,2,1460365.435072
-4.68174,2,1460427.446748
-4.67165,2,1460496.684844
-4.672451,2,1460566.057466
-4.686885,2,1460626.022002
-4.721914,2,1460695.410087
-4.715797,2,1460764.825459
-4.693964,2,1460836.151015
-4.700013,2,1460907.564943
-4.695217,2,1460970.705295
-4.708603,2,1461027.799838
-4.702472,2,1461098.15519
-4.671143,2,1461164.844467
-4.675448,2,1461228.980609
-4.790964,2,1461291.870895
-4.70998,2,1461361.261027
-4.714817,2,1461437.750019
-4.722976,2,1461508.757637
-4.69776,2,1461569.078147
-4.723983,2,1461640.741462
-4.675828,2,1461707.420572
-4.699528,2,1461774.970693
-4.803039,2,1461847.298277
-4.676455,2,1461910.296593
-4.708663,2,1461982.097112
-4.778941,2,1462040.551243
-4.708216,2,1462109.847616
-4.745323,2,1462174.584443
-4.705137,2,1462246.055997
-4.689813,2,1462309.541786
-4.695566,2,1462381.700992
-4.691886,2,1462448.590927
-4.7015,2,1462522.786975
-4.853128,2,1462595.611627
-4.684251,2,1462658.661697
-4.77933,2,1462730.665678
-4.754106,2,1462791.701836
-4.731704,2,1462864.882825
-4.671435,2,1462934.756366
-4.764051,2,1462994.853896
-4.694042,2,1463064.465647
-4.677375,2,1463134.818547
-4.71181,2,1463202.423013
-4.682611,2,1463267.821712
-4.775628,2,1463331.782967
-4.710108,2,1463403.860911
-4.673489,2,1463470.973573
-4.746309,2,1463531.654413
-4.671893,2,1463602.165716
-4.882306,2,1463669.379375
-4.96642,2,1463738.206348
-4.731063,2,1463796.527816
-4.675899,2,1463870.80664
-4.722388,2,1463935.144234
-4.684195,2,1463997.261459
-4.768663,2,1464066.090377
-4.730966,2,1464127.133265
-4.742445,2,1464192.072996
-4.790349,2,1464269.461578
-4.669194,2,1464338.657085
-4.684896,2,1464404.275851
-4.770558,2,1464470.248404
-4.689957,2,1464540.195563
-4.682474,2,1464609.347531
-4.677866,2,1464677.04234
-4.704463,2,1464745.015194
-4.753531,2,1464810.141841
-4.748894,2,1464879.059354
-4.691426,2,1464943.821406
-4.686408,2,1465012.011492
-4.704427,2,1465090.42085
-4.690029,2,1465154.038051
-4.690846,2,1465223.899293
-4.670281,2,1465288.092536
-4.669216,2,1465357.270744
-4.692635,2,1465411.659591
-4.754864,2,1465477.539086
-4.706443,2,1465540.79076
-4.676702,2,1465612.653702
-4.748125,2,1465673.462436
-4.674731,2,1465747.830631
-4.697671,2,1465816.923192
-4.741162,2,1465878.372111
-4.71597,2,1465949.086871
-4.771223,2,1466014.019421
-4.683026,2,1466084.436899
-4.746795,2,1466153.252159
-4.77138,2,1466215.435363
-4.713095,2,1466292.126481
-4.755178,2,1466356.825256
-4.699499,2,1466431.03493
-4.716868,2,1466487.453676
-4.708881,2,1466560.375854
-4.675166,2,1466625.53809
-4.724795,2,1466688.14728
-4.701901,2,1466756.213884
-4.748392,2,1466820.292077
-4.67512,2,1466892.356292
-4.772279,2,1466957.85564
-4.709166,2,1467026.413506
-4.709314,2,1467093.561194
-4.666165,2,1467166.250057
-4.687323,2,1467227.416065
-4.70975,2,1467296.877219
-4.738499,2,1467357.379255
-4.674892,2,1467431.444673
-4.861545,2,1467503.15032
-4.707694,2,1467564.865958
-4.678124,2,1467634.035035
-4.673594,2,1467704.595247
-4.745487,2,1467767.376173
-4.702728,2,1467828.76147
-4.690556,2,1467904.539676
-4.671492,2,1467976.331225
-4.679107,2,1468035.737174
-4.706242,2,1468105.202257
-4.705091,2,1468168.454185
-4.670363,2,1468239.351814
-4.692595,2,1468298.879913
-4.742457,2,1468362.24573
-4.808353,2,1468438.393099
-4.724678,2,1468505.451328
-4.674586,2,1468574.121898
-4.710073,2,1468637.987448
-4.729625,2,1468703.19027
-4.672301,2,1468772.979447
-4.706918,2,1468837.650973
-4.707087,2,1468911.172339
-4.673478,2,1468983.290511
-4.72571,2,1469045.847787
-4.707354,2,1469104.766635
-4.693512,2,1469173.873503
-4.701919,2,1469247.128027
-4.704317,2,1469310.710535
-4.667528,2,1469385.618966
-4.721461,2,1469451.479213
-4.746261,2,1469521.337729
-4.683829,2,1469583.731137
-4.769864,2,1469644.887485
-4.673419,2,1469721.042545
-4.668902,2,1469785.254795
-4.67417,2,1469843.568233
-4.692032,2,1469902.995607
-4.750113,2,1469978.818024
-4.690072,2,1470044.107974
-4.766607,2,1470107.375966
-4.682334,2,1470175.127989
-4.700397,2,1470241.648589
-4.700538,2,1470313.119703
-4.700909,2,1470385.772027
-4.749814,2,1470445.414244
-4.692851,2,1470519.293443
-4.680434,2,1470589.42949
-4.712718,2,1470654.532955
-4.74028,2,1470727.226657
-4.717197,2,1470795.069728
-4.773051,2,1470852.297713
-4.691747,2,1470923.792537
-4.741605,2,1470991.104178
-4.680597,2,1471060.56012
-4.693245,2,1471128.410162
-4.681126,2,1471193.778077
-4.694666,2,1471268.02108
-4.706049,2,1471325.658314
-4.768499,2,1471396.098363
-4.723292,2,1471465.863068
-4.751652,2,1471526.136639
-4.718971,2,1471605.484622
-4.672608,2,1471668.091676
-4.666245,2,1471735.787094
-4.670656,2,1471802.820364
-4.735224,2,1471866.918968
-4.694697,2,1471930.284462
-4.673338,2,1472000.619161
-4.678901,2,1472064.510492
-4.706189,2,1472128.931259
-4.671609,2,1472204.509316
-4.673626,2,1472273.799423
-4.78288,2,1472343.039883
-4.725187,2,1472409.93316
-4.894538,2,1472477.297036
-4.687532,2,1472531.849377
-4.686246,2,1472601.006139
-4.683711,2,1472670.452223
-4.684704,2,1472734.79677
-4.693875,2,1472801.615791
-4.685782,2,1472865.794951
-4.689237,2,1472933.933783
-4.70631,2,1473004.35028
-4.691156,2,1473063.556231
-4.673367,2,1473138.239582
-4.692626,2,1473203.157542
-4.689384,2,1473268.126285
-4.728629,2,1473337.349475
-4.671307,2,1473406.140131
-4.708394,2,1473466.668745
-4.741621,2,1473532.223007
-4.708078,2,1473602.137185
-4.696894,2,1473668.111042
-4.684921,2,1473739.708473
-4.684176,2,1473800.923432
-4.700461,2,1473876.28815
-4.678514,2,1473945.884769
-4.670202,2,1474014.509285
-4.742725,2,1474072.994329
-4.699574,2,1474140.104271
-4.701913,2,1474209.637998
-4.767142,2,1474268.53011
-4.744978,2,1474342.14579
-4.6964,2,1474405.593266
-4.686677,2,1474475.933255
-4.756577,2,1474541.715738
-4.684259,2,1474611.861075
-4.713122,2,1474683.618393
-4.670968,2,1474760.266307
-4.675876,2,1474823.72676
-4.677582,2,1474891.126549
-4.705475,2,1474962.762957
-4.71352,2,1475020.908898
-4.740256,2,1475092.985724
-4.703917,2,1475156.83469
-4.679719,2,1475231.341907
-4.765686,2,1475293.759043
-4.705821,2,1475354.511454
-4.745881,2,1475425.706058
-4.67252,2,1475496.570142
-4.684755,2,1475556.940366
-4.707731,2,1475620.319077
-4.682383,2,1475695.820156
-4.67368,2,1475766.143215
-4.704859,2,1475827.832253
-4.701141,2,1475901.380548
-4.753476,2,1475964.324625
-4.710253,2,1476034.89384
-4.710225,2,1476099.519065
-4.698272,2,1476172.018438
-4.761395,2,1476230.484698
-4.685993,2,1476300.354996
-4.692778,2,1476366.568002
-4.70929,2,1476436.987653
-4.70076,2,1476501.732519
-4.703329,2,1476573.190341
-4.764548,2,1476643.842645
-4.714048,2,1476705.408342
-4.677067,2,1476775.348746
-4.715311,2,1476843.96591
-4.692334,2,1476908.314329
-4.700421,2,1476965.640333
-4.71916,2,1477037.002785
-4.776405,2,1477098.175053
-4.746289,2,1477169.34969
-4.673353,2,1477241.891717
-4.672205,2,1477312.242426
-4.681298,2,1477377.326485
-4.674896,2,1477447.369703
-4.708822,2,1477513.942302
-4.689605,2,1477581.07161
-4.698383,2,1477643.440009
-4.778075,2,1477714.156358
-4.750482,2,1477785.332588
-4.762875,2,1477856.665514
-4.747133,2,1477926.949586
-4.70678,2,1477989.007109
-4.735998,2,1478060.207017
-4.710542,2,1478124.519999
-4.703108,2,1478199.653333
-4.708397,2,1478273.502837
-4.747233,2,1478334.484183
-4.698137,2,1478410.083544
-4.729805,2,1478470.960445
-4.71371,2,1478539.270265
-4.673312,2,1478611.453398
-4.772257,2,1478672.791477
-4.676342,2,1478738.238538
-4.664562,2,1478807.542625
-4.747568,2,1478873.039124
-4.675688,2,1478938.490954
-4.916608,2,1479009.448427
-4.739769,2,1479077.823777
-4.690842,2,1479139.532867
-4.70333,2,1479217.262734
-4.673017,2,1479282.689691
-4.706972,2,1479347.297332
-4.673804,2,1479423.338106
-4.692911,2,1479489.885571
-4.707785,2,1479562.440073
-4.772989,2,1479621.98277
-4.69923,2,1479689.340424
-4.777448,2,1479754.623818
-4.686427,2,1479827.685668
-4.705159,2,1479893.526672
-4.741178,2,1479959.766852
-4.764903,2,1480031.754957
-4.676827,2,1480105.125915
-4.700728,2,1480174.061717
-4.672119,2,1480245.376535
-4.683525,2,1480306.861023
-4.674967,2,1480377.149481
-4.685087,2,1480441.459797
-4.703273,2,1480507.568671
-4.674754,2,1480579.839185
-4.724646,2,1480644.110516
-4.729859,2,1480713.995518
-4.749647,2,1480781.807747
-4.679314,2,1480851.322634
-4.675402,2,1480920.423304
-4.672645,2,1480991.767313
-4.665554,2,1481062.388758
-4.679296,2,1481125.886729
-4.672254,2,1481195.615247
-4.669189,2,1481267.739483
-4.671172,2,1481330.27335
-4.685273,2,1481388.93049
-4.667003,2,1481460.24739
-4.712068,2,1481527.582716
-4.708572,2,1481625.384496
-4.694436,2,1481708.674303
-4.711585,2,1481796.092889
-4.676737,2,1481894.783142
-4.718417,2,1481993.522551
-4.668366,2,1482080.063212
-4.700042,2,1482163.532041
-4.690807,2,1482263.565186
-4.667741,2,1482373.963634
-4.710669,2,1482454.244774
-4.675196,2,1482559.410596
-4.673213,2,1482657.700293
-4.704694,2,1482755.798204
-4.701525,2,1482846.019826
-4.683932,2,1482934.816434
-4.687113,2,1483015.449436
-4.672169,2,1483116.052075
-4.684721,2,1483202.361083
-4.731881,2,1483290.908683
-4.737903,2,1483385.776647
-4.668251,2,1483475.838728
-4.856385,2,1483568.968813
-4.710459,2,1483652.694005
-4.671657,2,1483753.269962
-4.720317,2,1483837.355712
-4.693153,2,1483921.942382
-4.691464,2,1484012.216276
-4.672432,2,1484108.596618
-4.670671,2,1484199.580158
-4.720612,2,1484279.324718
-4.694292,2,1484368.842929
-4.684316,2,1484457.160541
-4.680084,2,1484556.173169
-4.722829,2,1484637.256627
-4.672061,2,1484738.187601
-4.670436,2,1484834.300198
-4.711099,2,1484922.331166
-4.671819,2,1485024.331131
-4.681731,2,1485104.541792
-5.029049,2,1485217.285999
-4.758756,2,1485297.881456
-4.67506,2,1485405.208909
-4.712582,2,1485487.969113
-4.672097,2,1485594.926665
-4.70184,2,1485676.416513
-4.672539,2,1485802.469733
-4.695063,2,1485876.757808
-4.754441,2,1485973.799404
-4.686938,2,1486072.917671
-4.675759,2,1486175.906642
-4.742425,2,1486265.739042
-4.824714,2,1486362.828723
-4.693072,2,1486456.088055
-4.697624,2,1486546.912122
-4.685841,2,1486644.645393
-4.68831,2,1486756.996929
-4.75013,2,1486852.868215
-4.687541,2,1486946.74757
-4.712582,2,1487052.220603
-4.665173,2,1487147.513214
-4.67176,2,1487246.002832
-4.674238,2,1487344.409405
-4.683292,2,1487446.349474
-4.705963,2,1487543.58923
-4.717283,2,1487646.450722
-4.740224,2,1487737.265934
-4.675316,2,1487841.167433
-4.692618,2,1487933.21502
-4.781792,2,1488031.124532
-4.672637,2,1488128.099955
-4.670845,2,1488235.934306
-4.670092,2,1488331.799034
-4.696248,2,1488411.287987
-4.722812,2,1488514.591812
-4.67067,2,1488615.848075
-4.708111,2,1488711.10201
-4.670925,2,1488800.906026
-4.688967,2,1488886.103201
-4.741668,2,1488986.643659
-4.720887,2,1489088.119558
-4.676061,2,1489193.421931
-4.715798,2,1489290.317091
-4.836781,2,1489392.852698
-4.682394,2,1489478.925251
-4.726606,2,1489584.953776
-4.688637,2,1489675.173388
-4.685643,2,1489776.973482
-4.761156,2,1489872.738208
-4.687579,2,1489970.410407
-4.745651,2,1490068.913276
-4.687947,2,1490158.404752
-4.693599,2,1490255.97141
-4.719617,2,1490346.636427
-4.879681,2,1490445.346752
-4.876548,2,1490548.983918
-4.841437,2,1490647.986386
-4.672194,2,1490742.358737
-4.715287,2,1490837.000751
-4.697153,2,1490933.622438
-4.671222,2,1491024.366045
-4.667641,2,1491111.947444
-4.711754,2,1491200.963035
-4.723082,2,1491289.949835
-4.686878,2,1491396.062283
-4.696164,2,1491487.030403
-4.677187,2,1491569.44795
-4.713282,2,1491668.467587
-4.735809,2,1491747.832735
-4.679401,2,1491842.149075
-4.673024,2,1491927.409701
-4.751576,2,1492014.430171
-4.713786,2,1492114.811357
-4.695946,2,1492194.254386
-4.670335,2,1492298.391552
-4.675354,2,1492385.937482
-4.67321,2,1492473.376828
-4.706007,2,1492568.925058
-4.674076,2,1492647.616076
-4.703439,2,1492733.510118
-4.684984,2,1492823.197838
-4.671274,2,1492930.307361
-4.675744,2,1493027.966164
-4.714938,2,1493108.875731
-4.730929,2,1493204.236295
-4.67088,2,1493294.957381
-4.689337,2,1493382.48565
-4.676679,2,1493472.309593
-4.684626,2,1493568.100672
-4.792882,2,1493657.367308
-4.684824,2,1493734.868406
-4.673783,2,1493835.771038
-4.66932,2,1493929.938931
-4.681269,2,1494007.502385
-4.673673,2,1494104.468864
-4.706179,2,1494201.532437
-4.668687,2,1494298.192129
-4.686216,2,1494390.680487
-4.714497,2,1494472.695204
-4.674498,2,1494573.058514
-4.703475,2,1494673.615586
-4.83581,2,1494773.433716
-4.706911,2,1494851.721085
-4.691548,2,1494962.01226
-4.706112,2,1495062.451663
-4.68378,2,1495156.271048
-4.83812,2,1495279.703531
-4.684795,2,1495372.934675
-4.672331,2,1495477.310309
-4.70645,2,1495574.604586
-4.668699,2,1495674.382633
-4.676145,2,1495770.014326
-4.689241,2,1495867.188067
-4.671065,2,1495973.206043
-4.709754,2,1496068.483499
-4.677162,2,1496162.163553
-4.71231,2,1496259.201423
-4.670471,2,1496358.73496
-4.706747,2,1496451.953219
-4.672307,2,1496552.636517
-4.675191,2,1496649.39273
-4.672845,2,1496743.791535
-4.708262,2,1496842.67827
-4.733442,2,1496932.19237
-4.763387,2,1497041.377046
-4.731717,2,1497133.544245
-4.732717,2,1497232.456865
-4.817982,2,1497325.285924
-4.677888,2,1497418.123539
-4.668986,2,1497519.404779
-4.672171,2,1497617.734159
-4.711619,2,1497706.951537
-4.689018,2,1497805.395098
-4.711461,2,1497912.015593
-4.672049,2,1498009.687257
-4.680907,2,1498086.626115
-4.673324,2,1498179.312927
-4.736209,2,1498270.79671
-4.69685,2,1498354.027838
-4.667905,2,1498460.625513
-4.714526,2,1498546.581993
-4.737443,2,1498631.988194
-4.665144,2,1498726.269548
-4.699358,2,1498805.59099
-4.714122,2,1498891.758305
-4.737083,2,1498997.923742
-4.673217,2,1499088.955465
-4.69366,2,1499182.97162
-4.703459,2,1499269.682728
-4.669862,2,1499365.239741
-4.690626,2,1499445.091561
-4.677078,2,1499538.946919
-4.737179,2,1499637.354874
-4.692931,2,1499731.429036
-4.722324,2,1499821.559849
-4.696336,2,1499905.519048
-4.680789,2,1500005.56994
-4.672544,2,1500105.395742
-4.672083,2,1500203.536144
-4.677269,2,1500286.117626
-4.71101,2,1500381.402225
-4.67105,2,1500472.20794
-4.670545,2,1500565.330219
-4.768039,2,1500660.340138
-4.67412,2,1500754.241952
-4.686351,2,1500841.579751
-4.710012,2,1500934.086804
-4.672647,2,1501028.358489
-4.784671,2,1501104.637063
-4.704472,2,1501208.503376
-4.671592,2,1501311.148305
-4.683839,2,1501395.56868
-4.706481,2,1501480.581996
-4.712372,2,1501563.220028
-4.671373,2,1501664.578201
-4.764738,2,1501756.716506
-4.714381,2,1501858.086147
-4.687419,2,1501937.820743
-4.768417,2,1502036.554797
-4.676974,2,1502121.33582
-4.691262,2,1502205.135205
-4.693208,2,1502299.513857
-4.709847,2,1502385.348845
-4.702988,2,1502485.555781
-4.712698,2,1502576.674163
-4.701872,2,1502661.724902
-4.706335,2,1502754.865873
-4.676078,2,1502848.398143
-4.671611,2,1502938.427281
-4.706212,2,1503021.828526
-4.686333,2,1503111.604615
-4.682342,2,1503217.353425
-4.697474,2,1503303.766363
-4.681572,2,1503395.395337
-4.690135,2,1503498.249517
-4.701872,2,1503590.330229
-4.673987,2,1503697.624943
-4.703173,2,1503780.367101
-4.732047,2,1503875.241182
-4.672515,2,1503966.275446
-4.671057,2,1504059.91658
-4.670603,2,1504148.188069
-4.670272,2,1504233.894775
-4.945998,2,1504318.516998
-4.737273,2,1504397.289612
-4.666397,2,1504498.430835
-4.679478,2,1504589.858069
-4.677111,2,1504682.907869
-4.674348,2,1504766.845052
-4.674884,2,1504859.639293
-4.706283,2,1504946.917935
-4.673066,2,1505035.496252
-4.669805,2,1505131.955546
-4.746251,2,1505214.027563
-4.676028,2,1505307.436012
-4.670448,2,1505404.273176
-4.702833,2,1505494.887927
-4.70653,2,1505582.024865
-4.735425,2,1505680.444524
-4.710305,2,1505769.813276
-4.666675,2,1505867.32466
-4.706564,2,1505950.391177
-4.787704,2,1506037.798899
-4.680637,2,1506135.640122
-4.750051,2,1506228.859484
-4.670686,2,1506312.742274
-4.6724,2,1506396.68278
-4.680548,2,1506495.513859
-4.670979,2,1506577.720986
-4.669787,2,1506667.407193
-4.684887,2,1506753.154824
-4.677198,2,1506846.736988
-4.699863,2,1506943.250156
-4.706003,2,1507052.807775
-4.671059,2,1507145.266658
-4.669301,2,1507250.303049
-4.870515,2,1507351.619081
-4.75485,2,1507443.070869
-4.709328,2,1507548.825956
-4.670847,2,1507640.402983
-4.67552,2,1507740.1716
-4.677019,2,1507829.089787
-4.711583,2,1507927.321992
-4.681069,2,1508022.42541
-4.703372,2,1508116.82505
-4.670672,2,1508225.240378
-4.687184,2,1508312.058826
-4.707985,2,1508410.541732
-4.699708,2,1508499.704236
-4.707111,2,1508601.444144
-4.692498,2,1508703.814825
-4.675943,2,1508810.931319
-4.711683,2,1508913.54848
-4.670722,2,1509015.46268
-4.763839,2,1509112.012489
-4.670545,2,1509211.778764
-4.676656,2,1509307.704291
-4.704912,2,1509408.931946
-4.67984,2,1509496.035019
-4.703662,2,1509592.591828
-4.787642,2,1509698.026288
-4.670637,2,1509798.599864
-4.669683,2,1509895.724913
-4.671516,2,1509994.599838
-4.708592,2,1510079.055538
-4.704179,2,1510173.914694
-4.670263,2,1510280.686618
-4.67601,2,1510370.434865
-4.788064,2,1510474.686494
-4.667194,2,1510575.799301
-4.668431,2,1510673.699813
-4.682364,2,1510763.533029
-4.705398,2,1510862.995216
-4.698958,2,1510964.834944
-4.683113,2,1511064.271252
-4.834763,2,1511165.785193
-4.673453,2,1511258.124761
-4.750815,2,1511351.798824
-4.670213,2,1511460.615713
-4.686888,2,1511547.040083
-4.722437,2,1511644.226263
-4.667047,2,1511754.817113
-4.671249,2,1511831.368932
-4.693914,2,1511901.296887
-4.674713,2,1511983.853791
-4.717057,2,1512060.895429
-4.681535,2,1512137.773339
-4.768027,2,1512210.230498
-4.668776,2,1512297.053174
-4.878936,2,1512373.621145
-4.745122,2,1512446.674993
-4.7041,2,1512529.767903
-4.674029,2,1512606.829616
-4.682349,2,1512680.990021
-4.729451,2,1512753.913717
-4.688629,2,1512829.146971
-4.692285,2,1512906.151577
-4.668688,2,1512986.246625
-4.670804,2,1513068.46017
-4.670899,2,1513147.320902
-4.675382,2,1513221.610485
-4.688257,2,1513290.912904
-4.698768,2,1513377.186291
-4.707862,2,1513453.772097
-4.722383,2,1513532.310994
-4.819907,2,1513611.064383
-4.716454,2,1513693.571602
-4.669409,2,1513771.538363
-4.671172,2,1513845.325667
-4.672148,2,1513923.963296
-4.67325,2,1514001.718455
-4.686642,2,1514080.040846
-4.681093,2,1514161.184901
-4.714566,2,1514231.784701
-4.671253,2,1514322.240635
-4.699961,2,1514399.236907
-4.673667,2,1514477.763194
-4.742229,2,1514551.310874
-4.739059,2,1514631.488959
-4.683445,2,1514709.765562
-4.671027,2,1514789.059869
-4.670199,2,1514869.636164
-4.721421,2,1514944.854868
-4.669903,2,1515025.108319
-4.669236,2,1515105.116496
-4.678285,2,1515178.675005
-4.698561,2,1515246.742503
-4.689905,2,1515327.092601
-4.675089,2,1515406.260883
-4.687199,2,1515473.960742
-4.706057,2,1515554.547959
-4.752191,2,1515629.200197
-4.672023,2,1515711.440886
-4.667233,2,1515791.919428
-4.67114,2,1515872.054893
-4.667561,2,1515947.94959
-4.674601,2,1516027.204536
-4.706672,2,1516107.717282
-4.671109,2,1516184.331227
-4.667945,2,1516267.814883
-4.70064,2,1516346.413512
-4.674902,2,1516421.495903
-4.687954,2,1516494.812314
-4.868687,2,1516578.2644
-4.694726,2,1516646.993053
-4.676074,2,1516731.672833
-4.686503,2,1516808.057776
-4.682425,2,1516889.221554
-4.755162,2,1516965.213361
-4.741057,2,1517043.52854
-4.866181,2,1517123.647797
-4.674256,2,1517202.193725
-4.715516,2,1517281.916457
-4.705812,2,1517362.208271
-4.735577,2,1517432.546438
-4.677314,2,1517519.251522
-4.719007,2,1517597.016062
-4.710043,2,1517674.291611
-4.698334,2,1517748.00783
-4.764561,2,1517830.480446
-4.711522,2,1517903.469989
-4.687029,2,1517978.507334
-4.688396,2,1518055.291547
-4.789025,2,1518129.949263
-4.69875,2,1518219.129235
-4.672907,2,1518288.384164
-4.680625,2,1518362.991611
-4.673246,2,1518444.158236
-4.671105,2,1518525.161997
-4.683866,2,1518597.050278
-4.671508,2,1518676.174906
-4.677643,2,1518751.919501
-4.874267,2,1518828.816087
-4.672436,2,1518906.4832
-4.677563,2,1518978.917928
-4.671643,2,1519064.624482
-4.670924,2,1519143.257259
-4.728852,2,1519210.082557
-4.700194,2,1519285.651861
-4.810971,2,1519374.45928
-4.748605,2,1519451.557279
-4.72438,2,1519528.321435
-4.670339,2,1519606.339807
-4.671001,2,1519685.584243
-4.668737,2,1519767.559109
-4.716601,2,1519842.978594
-4.681665,2,1519917.737479
-4.87515,2,1520003.143942
-4.750661,2,1520078.558505
-4.711803,2,1520153.071767
-4.672231,2,1520233.440773
-4.882151,2,1520313.676445
-4.689299,2,1520381.929978
-4.699646,2,1520461.569972
-4.689249,2,1520529.711278
-4.672001,2,1520606.214605
-4.672905,2,1520686.230719
-4.679643,2,1520757.725776
-4.681776,2,1520834.58813
-4.712341,2,1520905.893697
-4.676102,2,1520984.912213
-4.702775,2,1521067.638796
-4.689946,2,1521144.259079
-4.680536,2,1521220.390543
-4.671808,2,1521298.677203
-4.669145,2,1521383.515429
-4.670686,2,1521463.008511
-4.672507,2,1521541.843418
-4.674147,2,1521619.718391
-4.741032,2,1521688.009075
-4.713997,2,1521764.847058
-4.686056,2,1521838.060153
-4.692336,2,1521916.771555
-4.719798,2,1521993.335026
-4.705487,2,1522074.157802
-4.707731,2,1522155.552249
-4.705132,2,1522236.980959
-4.740696,2,1522310.477854
-4.748795,2,1522381.739158
-4.672155,2,1522465.707227
-4.702034,2,1522542.852144
-4.678784,2,1522618.360884
-4.683752,2,1522692.055021
-4.720574,2,1522774.528356
-4.726902,2,1522850.732963
-4.680923,2,1522927.67421
-4.670175,2,1523009.07637
-4.694863,2,1523077.603312
-4.716443,2,1523160.706539
-4.704463,2,1523240.523887
-4.670763,2,1523318.907368
-4.695025,2,1523393.088103
-4.690794,2,1523469.418763
-4.676497,2,1523554.362755
-4.673149,2,1523628.990816
-4.670946,2,1523714.798165
-4.67152,2,1523794.284319
-4.70761,2,1523866.353958
-4.706921,2,1523939.675118
-4.775519,2,1524024.513069
-4.673595,2,1524099.880455
-4.669607,2,1524177.844058
-4.670164,2,1524254.206395
-4.746841,2,1524320.952557
-4.673642,2,1524412.733221
-4.69205,2,1524483.844081
-4.679737,2,1524562.924562
-4.666274,2,1524641.201089
-4.709866,2,1524715.500416
-4.71755,2,1524789.259189
-4.668477,2,1524876.870751
-4.672371,2,1524952.381799
-4.710001,2,1525025.55334
-4.840618,2,1525109.17512
-4.742243,2,1525185.622177
-4.683494,2,1525256.945149
-4.670402,2,1525342.322756
-4.683802,2,1525410.522327
-4.670355,2,1525497.66106
-4.73066,2,1525561.987861
-4.719203,2,1525634.390155
-4.690145,2,1525717.606733
-4.669093,2,1525802.613797
-4.682432,2,1525876.639497
-4.713086,2,1525951.58116
-4.687729,2,1526025.687228
-4.670505,2,1526110.918525
-4.74362,2,1526181.298112
-4.701263,2,1526262.353554
-4.708423,2,1526342.870115
-4.677228,2,1526419.763502
-4.689112,2,1526492.38469
-4.691388,2,1526565.708809
-4.708138,2,1526650.522348
-4.676441,2,1526726.718593
-4.684746,2,1526797.568501
-4.67268,2,1526880.544611
-4.671563,2,1526962.808878
-4.675843,2,1527034.63061
-4.683517,2,1527111.341921
-4.711939,2,1527191.038647
-4.687613,2,1527264.036402
-4.705829,2,1527344.284482
-4.67566,2,1527422.455702
-4.739856,2,1527503.535807
-4.701314,2,1527575.306407
-4.845007,2,1527655.322436
-4.670276,2,1527728.406104
-4.669627,2,1527811.702008
-4.727511,2,1527881.990232
-4.704331,2,1527961.348148
-4.68999,2,1528031.979146
-4.759027,2,1528110.396791
-4.73234,2,1528191.491875
-4.674261,2,1528271.36959
-4.683963,2,1528347.837742
-4.671346,2,1528430.034173
-4.665219,2,1528507.140523
-4.721299,2,1528581.925257
-4.757865,2,1528661.361622
-4.671918,2,1528739.391214
-4.669504,2,1528818.303279
-4.686106,2,1528893.777756
-4.676021,2,1528976.661962
-4.752054,2,1529053.240117
-4.706284,2,1529133.461206
-4.707134,2,1529209.79919
-4.667948,2,1529289.723522
-4.694799,2,1529365.026568
-4.678489,2,1529437.056567
-4.672143,2,1529517.018858
-4.708719,2,1529598.565718
-4.687726,2,1529668.703873
-4.673713,2,1529750.664186
-4.670948,2,1529829.005369
-4.710913,2,1529905.917293
-4.680016,2,1529982.644443
-4.670124,2,1530061.188041
-4.710876,2,1530133.86819
-4.683987,2,1530210.615448
-4.705914,2,1530297.346618
-4.672858,2,1530373.234891
-4.672355,2,1530449.092174
-4.671745,2,1530522.650547
-4.670294,2,1530603.190547
-4.671228,2,1530678.456266
-4.672451,2,1530750.01869
-4.683581,2,1530826.985116
-4.689371,2,1530904.600901
-4.670761,2,1530987.918671
-4.67092,2,1531066.896446
-4.739954,2,1531143.453798
-4.672799,2,1531220.882242
-4.707576,2,1531297.682582
-4.677451,2,1531375.499843
-4.706105,2,1531446.058375
-4.672389,2,1531528.94683
-4.672156,2,1531606.366692
-4.706692,2,1531676.968036
-4.688636,2,1531756.485932
-4.696985,2,1531834.564001
-4.672627,2,1531911.30858
-4.668159,2,1531988.059537
-4.67257,2,1532068.783477
-4.706579,2,1532148.94419
-4.743245,2,1532216.492044
-4.666052,2,1532308.396266
-4.675213,2,1532382.280862
-4.693443,2,1532452.878598
-4.703503,2,1532541.028613
-4.668954,2,1532615.638737
-4.704085,2,1532691.687835
-4.802388,2,1532769.572085
-4.667635,2,1532849.12208
-4.667131,2,1532925.521275
-4.672283,2,1532999.707267
-4.699294,2,1533084.454128
-4.708879,2,1533155.076703
-4.737557,2,1533225.391799
-4.67676,2,1533306.578559
-4.674338,2,1533386.399904
-4.677752,2,1533461.098575
-4.670794,2,1533543.135686
-4.669322,2,1533621.724717
-4.697598,2,1533689.432562
-4.696221,2,1533771.894821
-4.881245,2,1533856.550639
-4.670691,2,1533933.72965
-4.669774,2,1534009.959069
-4.699509,2,1534081.246346
-4.679097,2,1534159.559137
-4.670142,2,1534245.569591
-4.691155,2,1534318.417857
-4.669467,2,1534405.487423
-4.723379,2,1534478.847364
-4.671545,2,1534558.12358
-4.692688,2,1534636.368493
-4.72265,2,1534712.956628
-4.683961,2,1534786.669666
-4.673534,2,1534870.477076
-4.67071,2,1534951.720844
-4.674414,2,1535026.774309
-4.710995,2,1535092.977786
-4.691184,2,1535177.785731
-4.665283,2,1535266.672793
-4.700258,2,1535339.977142
-4.701051,2,1535419.844358
-4.681584,2,1535492.634937
-4.681737,2,1535568.525299
-4.66839,2,1535646.342775
-4.702549,2,1535720.543598
-4.716149,2,1535789.644246
-4.682271,2,1535867.314295
-4.795262,2,1535947.371786
-4.679363,2,1536018.980449
-4.679153,2,1536099.531024
-4.700637,2,1536170.364415
-4.670869,2,1536260.59027
-4.672993,2,1536334.581788
-4.706085,2,1536417.259945
-4.71644,2,1536490.724729
-4.678338,2,1536572.436383
-4.670797,2,1536651.319604
-4.674664,2,1536725.627627
-4.702017,2,1536808.463782
-4.695263,2,1536881.475163
-4.671008,2,1536966.607086
-4.671136,2,1537044.375989
-4.696282,2,1537117.345951
-4.673675,2,1537192.90763
-4.671917,2,1537272.076147
-4.718128,2,1537349.143495
-4.717603,2,1537427.725089
-4.762145,2,1537506.656182
-4.741653,2,1537579.653142
-4.705305,2,1537663.853134
-4.750727,2,1537729.245713
-4.672068,2,1537820.761949
-4.712096,2,1537895.473069
-4.672581,2,1537970.207775
-4.717109,2,1538040.623163
-4.671359,2,1538129.385192
-4.710722,2,1538193.935325
-4.682239,2,1538279.744983
-4.671495,2,1538359.422757
-4.670962,2,1538435.818293
-4.67615,2,1538513.048914
-4.666761,2,1538592.976964
-4.6712,2,1538676.94108
-4.70732,2,1538754.719049
-4.682958,2,1538825.7233
-4.688127,2,1538903.436545
-4.679384,2,1538982.129763
-4.833238,2,1539068.302856
-4.691082,2,1539137.10038
-4.6723,2,1539222.450419
-4.681115,2,1539294.172882
-4.679657,2,1539368.780624
-4.684077,2,1539446.211145
-4.705387,2,1539528.255808
-4.679035,2,1539603.569176
-4.677455,2,1539686.108753
-4.768642,2,1539765.503743
-4.713593,2,1539843.464333
-4.670448,2,1539928.361001
-4.671922,2,1540007.130848
-4.777549,2,1540073.772765
-4.694491,2,1540158.69262
-4.684123,2,1540235.075676
-4.67348,2,1540318.264319
-4.680224,2,1540393.481487
-4.700003,2,1540473.853397
-4.68689,2,1540547.762556
-4.713705,2,1540625.080393
-4.736776,2,1540706.311824
-4.703449,2,1540771.325459
-4.673514,2,1540851.854485
-4.824023,2,1540931.064302
-4.734621,2,1541005.457834
-4.675564,2,1541083.089157
-4.673353,2,1541160.878086
-4.681804,2,1541238.267149
-4.917107,2,1541320.670548
-4.677173,2,1541402.126988
-4.691066,2,1541479.659414
-4.673765,2,1541554.645034
-4.670263,2,1541638.28774
-4.671244,2,1541716.330311
-4.674759,2,1541793.023492
-4.678284,2,1541863.974674
-4.670069,2,1541941.875223
-4.689968,2,1542012.745395
-4.713073,2,1542096.083698
-4.672459,2,1542174.471307
-4.706129,2,1542248.682896
-4.670573,2,1542326.494309
-4.686767,2,1542397.826964
-4.787356,2,1542475.422553
-4.68729,2,1542554.322275
-4.671593,2,1542639.629288
-4.673674,2,1542713.962688
-4.68107,2,1542791.974971
-4.859679,2,1542872.356057
-4.690059,2,1542948.264185
-4.668973,2,1543027.725583
-4.698217,2,1543096.937654
-4.708193,2,1543173.561341
-4.672377,2,1543260.851874
-4.776667,2,1543333.540233
-4.670543,2,1543417.935954
-4.766722,2,1543496.178371
-4.703356,2,1543572.296064
-4.679081,2,1543647.967104
-4.699784,2,1543731.249837
-4.687368,2,1543801.846451
-4.687236,2,1543883.861358
-4.745598,2,1543966.682793
-4.707246,2,1544036.315375
-4.680761,2,1544119.409808
-4.671442,2,1544200.05853
-4.723374,2,1544275.559331
-4.694474,2,1544352.564291
-4.682241,2,1544430.483237
-4.668416,2,1544517.562929
-4.765658,2,1544589.038079
-4.773067,2,1544658.652343
-4.711168,2,1544741.101472
-4.672995,2,1544825.662361
-4.682993,2,1544899.882295
-4.689591,2,1544970.544627
-4.678649,2,1545053.382139
-4.672917,2,1545136.387198
-4.667944,2,1545218.077916
-4.706505,2,1545285.833196
-4.708069,2,1545366.86546
-4.75797,2,1545449.182868
-4.669658,2,1545531.046634
-4.707618,2,1545604.487078
-4.698838,2,1545672.888324
-4.700347,2,1545756.792033
-4.670935,2,1545830.592244
-4.671583,2,1545906.515928
-4.67223,2,1545983.876933
-4.671227,2,1546065.555057
-4.669446,2,1546142.019388
-4.692419,2,1546215.905572
-4.672645,2,1546299.69004
-4.677638,2,1546379.162906
-4.68578,2,1546452.966973
-4.672332,2,1546534.414198
-4.732176,2,1546608.419042
-4.672805,2,1546686.697256
-4.670289,2,1546763.880308
-4.674199,2,1546840.676133
-4.688233,2,1546913.555548
-4.729881,2,1546999.207628
-4.676228,2,1547073.64755
-4.673429,2,1547156.131383
-4.695587,2,1547226.801138
-4.682906,2,1547304.710473
-4.703317,2,1547392.224244
-4.683721,2,1547467.429246
-4.732155,2,1547539.880199
-4.670421,2,1547628.922746
-4.679875,2,1547702.197193
-4.670157,2,1547783.835874
-4.706634,2,1547857.845334
-4.67133,2,1547942.238113
-4.671529,2,1548016.952838
-4.671906,2,1548088.095314
-4.670527,2,1548167.840071
-4.745107,2,1548245.063459
-4.72579,2,1548319.55187
-4.687701,2,1548401.982054
-4.687109,2,1548490.239206
-4.823429,2,1548566.478295
-4.671757,2,1548664.394395
-4.683855,2,1548746.273513
-4.675643,2,1548847.440148
-4.672108,2,1548951.379836
-4.737251,2,1549042.112082
-4.665153,2,1549153.843196
-4.671388,2,1549242.754565
-4.731085,2,1549333.937739
-4.671638,2,1549434.091409
-4.708724,2,1549532.171988
-4.705858,2,1549624.399048
-4.675152,2,1549714.492025
-4.670632,2,1549816.060389
-4.740057,2,1549898.170501
-4.685812,2,1549997.173053
-4.688929,2,1550086.918477
-4.666107,2,1550194.351967
-4.671228,2,1550285.250588
-4.689251,2,1550379.166212
-4.676333,2,1550472.880711
-4.687052,2,1550568.926828
-4.702772,2,1550665.598475
-4.680294,2,1550753.943177
-4.827518,2,1550859.022739
-4.71203,2,1550949.301648
-4.702431,2,1551038.576265
-4.700476,2,1551131.135876
-4.680495,2,1551221.970532
-4.680295,2,1551311.800768
-4.667914,2,1551411.819624
-4.697341,2,1551506.343477
-4.68736,2,1551600.679128
-4.671145,2,1551691.445669
-4.713001,2,1551789.381119
-4.706397,2,1551874.177722
-4.671415,2,1551978.947451
-4.689167,2,1552067.049962
-4.675247,2,1552171.394142
-4.70189,2,1552272.170801
-4.689328,2,1552362.268854
-4.690441,2,1552452.656965
-4.668051,2,1552558.852275
-4.665342,2,1552657.173436
-4.679377,2,1552744.398045
-4.687016,2,1552845.257304
-4.707768,2,1552943.150109
-4.682059,2,1553050.992263
-4.672851,2,1553155.158958
-4.674958,2,1553251.132881
-4.689763,2,1553342.571357
-4.686238,2,1553459.568957
-4.70067,2,1553558.10963
-4.6704,2,1553665.58208
-4.679172,2,1553758.530283
-4.67388,2,1553851.382487
-4.682006,2,1553946.9526
-4.680161,2,1554039.033873
-4.670308,2,1554144.522341
-4.91864,2,1554245.913139
-4.671862,2,1554339.937008
-4.694913,2,1554432.232657
-4.686599,2,1554524.406598
-4.703567,2,1554627.979392
-4.695437,2,1554719.484768
-4.676169,2,1554816.831314
-4.695601,2,1554911.970605
-4.682508,2,1555002.510431
-4.679648,2,1555101.011663
-4.671823,2,1555197.851041
-4.721474,2,1555291.460502
-4.672532,2,1555389.324849
-4.665626,2,1555483.583453
-4.679627,2,1555581.262387
-4.673682,2,1555677.936698
-4.672871,2,1555769.363661
-4.673413,2,1555871.83923
-4.676409,2,1555968.898285
-4.671284,2,1556068.356625
-4.684017,2,1556158.947045
-4.677865,2,1556250.092161
-4.725094,2,1556354.092141
-4.72858,2,1556445.321485
-4.691201,2,1556538.711701
-4.685217,2,1556642.170478
-4.67095,2,1556741.558002
-4.685751,2,1556837.817322
-4.671265,2,1556946.013202
-4.767452,2,1557031.717576
-4.677121,2,1557140.455484
-4.679458,2,1557229.47097
-4.673207,2,1557329.862573
-4.699383,2,1557431.831655
-4.670168,2,1557537.789856
-4.675559,2,1557633.748247
-4.68901,2,1557731.839461
-4.672839,2,1557828.355134
-4.701427,2,1557940.784843
-4.675594,2,1558037.172836
-4.67594,2,1558134.328682
-4.838092,2,1558240.105318
-4.669088,2,1558338.549512
-4.704045,2,1558433.90721
-4.700215,2,1558532.760045
-4.692447,2,1558622.740005
-4.671682,2,1558730.808717
-4.685263,2,1558830.193607
-4.686305,2,1558932.967358
-4.691804,2,1559025.15801
-4.697808,2,1559125.045568
-4.827348,2,1559230.508863
-4.750035,2,1559327.579255
-4.67063,2,1559430.120879
-4.692262,2,1559516.765931
-4.670145,2,1559622.790723
-4.679424,2,1559710.501353
-4.66496,2,1559810.488878
-4.667788,2,1559906.008753
-4.707163,2,1560005.507699
-4.681375,2,1560088.833108
-4.671774,2,1560191.433686
-4.677615,2,1560286.725513
-4.67132,2,1560386.066023
-4.682097,2,1560479.918931
-4.701472,2,1560577.108995
-4.684863,2,1560673.438965
-4.664548,2,1560771.243213
-4.679152,2,1560862.809762
-4.700102,2,1560958.33221
-4.666258,2,1561061.3749
-4.673584,2,1561151.78248
-4.675369,2,1561246.389844
-4.671331,2,1561338.757801
-4.668896,2,1561439.807965
-4.667237,2,1561538.800991
-4.670803,2,1561640.96846
-4.670672,2,1561738.170649
-4.695852,2,1561824.206321
-4.693324,2,1561924.326372
-4.714435,2,1562017.118923
-4.753587,2,1562125.56333
-4.803096,2,1562226.871817
-4.686669,2,1562319.232307
-4.668534,2,1562426.779194
-4.671468,2,1562525.213698
-4.684037,2,1562611.095208
-4.687908,2,1562718.887911
-4.676318,2,1562820.504335
-4.670766,2,1562922.125422
-4.688059,2,1563019.217469
-4.671373,2,1563119.582422
-4.675813,2,1563218.805229
-4.711085,2,1563307.077928
-4.702095,2,1563405.34716
-4.673946,2,1563515.824344
-4.734349,2,1563621.831922
-4.671265,2,1563721.633471
-4.671728,2,1563819.041116
-4.682104,2,1563923.683027
-4.666219,2,1564027.487414
-4.675153,2,1564124.503036
-4.672021,2,1564226.179617
-4.675087,2,1564326.300482
-4.671355,2,1564432.50915
-4.670831,2,1564530.57093
-4.877017,2,1564631.718728
-4.684723,2,1564729.984186
-4.674605,2,1564830.65086
-4.704758,2,1564928.28061
-4.672352,2,1565032.627527
-4.672203,2,1565136.256421
-4.690491,2,1565223.761625
-4.6664,2,1565334.496087
-4.667597,2,1565431.861075
-4.705634,2,1565528.900242
-4.691111,2,1565623.634325
-4.67099,2,1565733.334815
-4.667478,2,1565831.772043
-4.673544,2,1565923.51889
-4.693174,2,1566018.64153
-4.672588,2,1566116.43726
-4.678482,2,1566206.165876
-4.676356,2,1566304.069248
-4.719461,2,1566402.237702
-4.684378,2,1566492.787427
-4.683772,2,1566587.493155
-4.680966,2,1566679.594454
-4.701942,2,1566769.42167
-4.6658,2,1566871.736974
-4.697232,2,1566966.808947
-4.690569,2,1567062.72395
-4.671741,2,1567164.68803
-4.668329,2,1567267.664721
-4.672591,2,1567361.348599
-4.674713,2,1567461.665239
-4.671088,2,1567564.512306
-4.672048,2,1567663.132882
-4.676863,2,1567762.910865
-4.689264,2,1567865.552116
-4.672632,2,1567968.827442
-4.699757,2,1568059.897678
-4.682297,2,1568152.859267
-4.696271,2,1568264.202083
-4.669025,2,1568369.609109
-4.829189,2,1568465.278985
-4.676105,2,1568559.454488
-4.671126,2,1568666.66951
-4.671279,2,1568771.343159
-4.670316,2,1568872.224582
-4.669988,2,1568970.06307
-4.671228,2,1569061.366971
-4.70629,2,1569153.485606
-4.670641,2,1569245.831151
-4.674356,2,1569332.668572
-4.670679,2,1569431.416799
-4.674326,2,1569524.580845
-4.690336,2,1569610.175943
-4.671111,2,1569717.710273
-4.675792,2,1569810.247699
-4.665227,2,1569911.641938
-4.669144,2,1570006.295166
-4.669652,2,1570099.23421
-4.670405,2,1570199.204557
-4.670507,2,1570291.356109
-4.670626,2,1570391.794048
-4.733614,2,1570476.62131
-4.669419,2,1570582.974834
-4.717277,2,1570673.079359
-4.672875,2,1570770.866892
-4.673387,2,1570865.217863
-4.672546,2,1570966.924845
-4.675119,2,1571065.03654
-4.735702,2,1571159.396472
-4.670414,2,1571259.388947
-4.670868,2,1571350.523237
-4.676477,2,1571437.96254
-4.673483,2,1571539.547966
-4.685969,2,1571632.4956
-4.703275,2,1571728.494084
-4.67426,2,1571822.914908
-4.673379,2,1571921.617404
-4.675608,2,1572010.575594
-4.719912,2,1572105.460104
-4.743416,2,1572201.192575
-4.687068,2,1572287.017627
-4.671136,2,1572392.099169
-4.734397,2,1572486.025403
-4.71658,2,1572584.221039
-4.670538,2,1572684.453507
-4.669335,2,1572776.658846
-4.671885,2,1572874.887996
-4.670748,2,1572981.122163
-4.671148,2,1573069.252666
-4.670918,2,1573175.520932
-4.672889,2,1573261.286962
-4.671649,2,1573356.289881
-4.695924,2,1573442.747074
-4.705,2,1573544.765293
-4.680169,2,1573635.507002
-4.701047,2,1573730.289561
-4.665552,2,1573828.849674
-4.691917,2,1573916.63616
-4.677525,2,1574017.89899
-4.669565,2,1574113.34734
-4.673698,2,1574203.784136
-4.770221,2,1574306.792284
-4.700568,2,1574408.71522
-4.679038,2,1574499.318791
-4.704261,2,1574601.476207
-4.788447,2,1574696.56327
-4.673415,2,1574790.837393
-4.67311,2,1574882.302974
-4.793593,2,1574968.522866
-4.670889,2,1575074.832012
-4.712557,2,1575159.122993
-4.671729,2,1575248.125202
-4.67107,2,1575344.532785
-4.700708,2,1575436.269418
-4.688553,2,1575521.035288
-4.671889,2,1575617.986203
-4.670452,2,1575715.054216
-4.671689,2,1575810.532321
-4.709411,2,1575900.915824
-4.67071,2,1575997.569788
-4.667575,2,1576092.492152
-4.667746,2,1576186.097394
-4.666872,2,1576283.043833
-4.673591,2,1576376.398072
-4.68639,2,1576461.931486
-4.67218,2,1576566.721867
-4.68077,2,1576653.146046
-4.670632,2,1576749.507807
-4.670276,2,1576847.742719
-4.671769,2,1576948.110756
-4.664548,2,1577040.626197
-4.669212,2,1577146.855473
-4.674424,2,1577241.083702
-4.691215,2,1577328.805948
-4.666723,2,1577437.609592
-4.670913,2,1577538.219855
-4.690403,2,1577629.144271
-4.671482,2,1577730.274611
-4.6758,2,1577826.352135
-4.671879,2,1577922.705116
-4.685261,2,1578007.258628
-4.685606,2,1578100.758572
-4.691641,2,1578185.838088
-4.670953,2,1578285.311027
-4.678789,2,1578378.018197
-4.671206,2,1578478.846974
-4.676013,2,1578565.185677
-4.674629,2,1578668.00475
-4.69685,2,1578755.929031
-4.67136,2,1578857.760495
-4.672544,2,1578951.370192
-4.670694,2,1579048.370623
-4.679588,2,1579132.031878
-4.764629,2,1579230.175098
-4.671675,2,1579327.435917
-4.674276,2,1579414.13781
-4.676253,2,1579513.716727
-4.68594,2,1579598.784405
-4.717772,2,1579692.012253
-4.681772,2,1579793.770582
-4.684591,2,1579880.889612
-4.676096,2,1579980.391401
-4.671321,2,1580080.250239
-4.693949,2,1580169.555623
-4.674277,2,1580267.232989
-4.691091,2,1580361.054297
-4.671761,2,1580460.323223
-4.690619,2,1580552.276513
-4.668798,2,1580660.579639
-4.671087,2,1580762.079101
-4.670851,2,1580863.990243
-4.681921,2,1580953.499991
-4.704453,2,1581062.077312
-4.666102,2,1581169.076623
-4.671349,2,1581263.916131
-4.671183,2,1581356.554029
-4.784137,2,1581451.149293
-4.668392,2,1581546.045295
-4.670951,2,1581640.352966
-4.671392,2,1581733.490613
-4.671007,2,1581834.081035
-4.674827,2,1581924.972015
-4.797015,2,1582024.570808
-4.682334,2,1582115.578398
-4.669119,2,1582213.36114
-4.670633,2,1582301.985113
-4.693466,2,1582385.688627
-4.672262,2,1582494.540125
-4.670588,2,1582594.218092
-4.668968,2,1582686.981039
-4.677907,2,1582777.266478
-4.679979,2,1582870.949983
-4.673495,2,1582968.149886
-4.670637,2,1583063.190683
-4.676979,2,1583158.152625
-4.701011,2,1583257.139916
-4.668,2,1583352.545196
-4.669816,2,1583454.641442
-4.682168,2,1583544.379735
-4.674,2,1583647.224397
-4.6785,2,1583735.698062
-4.677758,2,1583838.626379
-4.671778,2,1583935.101892
-4.672299,2,1584031.282776
-4.666161,2,1584128.795948
-4.799397,2,1584226.341768
-4.692222,2,1584313.451916
-4.670297,2,1584416.991739
-4.682501,2,1584507.14289
-4.687242,2,1584592.627494
-4.67749,2,1584697.972649
-4.686829,2,1584790.057299
-4.67346,2,1584894.450094
-4.669583,2,1584993.380037
-4.670595,2,1585088.99301
-4.671138,2,1585184.589164
-4.671473,2,1585282.753072
-4.670183,2,1585379.595649
-4.669772,2,1585475.66422
-4.709677,2,1585570.807139
-4.670487,2,1585669.126876
-4.680393,2,1585760.520239
-4.678112,2,1585855.637966
-4.67237,2,1585957.741011
-4.721557,2,1586052.167065
-4.679852,2,1586145.982505
-4.681123,2,1586240.637482
-4.66989,2,1586340.685575
-4.68765,2,1586434.386022
-4.670563,2,1586535.615434
-4.686151,2,1586625.702542
-4.703802,2,1586723.217872
-4.671478,2,1586820.481806
-4.736218,2,1586911.912521
-4.708958,2,1587015.503064
-4.666982,2,1587113.745217
-4.676041,2,1587209.87095
-4.676787,2,1587299.561762
-4.709253,2,1587401.737657
-4.685231,2,1587495.136652
-4.672321,2,1587591.334307
-4.715278,2,1587678.789029
-4.673838,2,1587776.018112
-4.675867,2,1587870.749619
-4.703221,2,1587968.199367
-4.742953,2,1588056.353767
-4.665752,2,1588153.192726
-4.674509,2,1588240.409071
-4.736729,2,1588336.975746
-4.678936,2,1588428.419494
-4.664835,2,1588535.810588
-4.672507,2,1588629.537548
-4.671907,2,1588725.946624
-4.704725,2,1588821.921917
-4.710988,2,1588905.683062
-4.709414,2,1588998.34848
-4.670525,2,1589094.201283
-4.66811,2,1589194.728642
-4.671017,2,1589282.009932
-4.669527,2,1589380.791384
-4.671473,2,1589474.910478
-4.68076,2,1589562.690237
-4.675538,2,1589655.815762
-4.678475,2,1589750.877994
-4.69436,2,1589845.084115
-4.706924,2,1589931.45997
-4.672548,2,1590030.846791
-4.671208,2,1590125.563049
-4.682423,2,1590215.685078
-4.669133,2,1590316.094415
-4.672089,2,1590411.200427
-4.670764,2,1590507.230514
-4.741858,2,1590600.250338
-4.704464,2,1590691.878549
-4.691948,2,1590784.105267
-4.670997,2,1590886.508823
-4.671415,2,1590979.718374
-4.671054,2,1591080.937898
-4.710823,2,1591174.676296
-4.674985,2,1591270.175882
-4.728271,2,1591370.968053
-4.675213,2,1591463.101286
-4.68497,2,1591558.123718
-4.680747,2,1591652.593527
-4.703121,2,1591752.075449
-4.672318,2,1591849.762613
-4.670609,2,1591944.912251
-4.666614,2,1592059.519427
-4.674847,2,1592149.601436
-4.837369,2,1592248.198126
-4.680835,2,1592334.791867
-4.668221,2,1592442.16901
-4.670678,2,1592535.712045
-4.697029,2,1592627.87993
-4.684522,2,1592715.849507
-4.681753,2,1592810.187751
-4.685229,2,1592901.218363
-4.671782,2,1593003.330894
-4.6722,2,1593093.427067
-4.741016,2,1593184.591002
-4.760651,2,1593287.644152
-4.672743,2,1593374.586107
-4.72899,2,1593469.708199
-4.678603,2,1593558.297392
-4.682908,2,1593652.444375
-4.685028,2,1593753.39715
-4.683283,2,1593841.926428
-4.679443,2,1593945.259399
-4.693414,2,1594044.680743
-4.711124,2,1594131.723134
-4.665885,2,1594231.255987
-4.679305,2,1594316.952731
-4.672417,2,1594420.282616
-4.681489,2,1594509.145652
-4.678273,2,1594606.863584
-4.673654,2,1594701.811733
-4.668568,2,1594800.772053
-4.683989,2,1594887.821376
-4.671118,2,1594974.191231
-4.675058,2,1595052.638937
-4.672577,2,1595134.634924
-4.753867,2,1595214.189666
-4.723316,2,1595282.423992
-4.671498,2,1595368.611623
-4.670884,2,1595448.002295
-4.709409,2,1595525.475927
-4.68578,2,1595594.961967
-4.674464,2,1595672.510199
-4.691672,2,1595745.957197
-4.670811,2,1595824.201248
-4.67063,2,1595903.695611
-4.678264,2,1595971.403249
-4.671609,2,1596052.801284
-4.710659,2,1596129.689793
-4.695227,2,1596198.186092
-4.672508,2,1596278.766412
-4.673674,2,1596362.130915
-4.709051,2,1596436.745714
-4.671417,2,1596521.339859
-4.670914,2,1596598.291433
-4.673243,2,1596672.498703
-4.666968,2,1596758.556699
-4.691255,2,1596829.599115
-4.699905,2,1596915.752816
-4.735467,2,1596989.404564
-4.671228,2,1597071.049409
-4.672567,2,1597151.382026
-4.700213,2,1597231.371859
-4.682049,2,1597300.875452
-4.671229,2,1597389.731434
-4.67131,2,1597471.039227
-4.670602,2,1597550.466298
-4.671382,2,1597631.165107
-4.678262,2,1597708.340215
-4.672308,2,1597789.186849
-4.672583,2,1597870.446519
-4.672063,2,1597950.697661
-4.67417,2,1598025.730572
-4.670992,2,1598107.147274
-4.672173,2,1598183.354837
-4.681888,2,1598258.150147
-4.742628,2,1598327.747205
-4.669927,2,1598421.622105
-4.76719,2,1598503.805886
-4.671355,2,1598582.322013
-4.671873,2,1598664.234957
-4.671121,2,1598740.518496
-4.67048,2,1598816.503946
-4.827038,2,1598896.114399
-4.686924,2,1598970.912089
-4.671365,2,1599057.122352
-4.76007,2,1599134.148646
-4.671248,2,1599216.357405
-4.667995,2,1599292.639742
-4.672133,2,1599373.862974
-4.670479,2,1599452.583423
-4.677225,2,1599526.006932
-4.680098,2,1599600.917376
-4.671565,2,1599688.361829
-4.668324,2,1599766.148961
-4.667286,2,1599846.108841
-4.673239,2,1599923.904712
-4.671282,2,1600004.200037
-4.674519,2,1600079.570269
-4.706329,2,1600165.730377
-4.68074,2,1600235.223241
-4.707405,2,1600308.159824
-4.677828,2,1600395.751789
-4.671536,2,1600482.596295
-4.671846,2,1600558.950994
-4.709117,2,1600626.895909
-4.711754,2,1600708.022683
-4.684392,2,1600784.614979
-4.670403,2,1600867.443286
-4.704037,2,1600947.880593
-4.665545,2,1601024.427066
-4.670924,2,1601104.850463
-4.670881,2,1601185.518535
-4.670933,2,1601268.238631
-4.732609,2,1601341.382051
-4.683207,2,1601422.81662
-4.671222,2,1601500.29272
-4.66984,2,1601575.505498
-4.670379,2,1601650.025227
-4.671196,2,1601728.400072
-4.667869,2,1601808.120375
-4.695656,2,1601875.21532
-4.791066,2,1601959.065702
-4.670595,2,1602037.033679
-4.697525,2,1602105.932473
-4.670317,2,1602186.71373
-4.67038,2,1602265.258491
-4.688415,2,1602332.774568
-4.671962,2,1602415.071329
-4.670123,2,1602491.107557
-4.668807,2,1602565.029095
-4.671465,2,1602646.314387
-4.670591,2,1602720.438508
-4.704128,2,1602791.367879
-4.880312,2,1602870.981835
-4.67161,2,1602943.978769
-4.673795,2,1603021.805029
-4.687291,2,1603091.470947
-4.677202,2,1603172.954013
-4.671676,2,1603248.84444
-4.787932,2,1603328.826471
-4.677842,2,1603404.69922
-4.671184,2,1603480.838048
-4.672973,2,1603558.535069
-4.671214,2,1603638.719177
-4.670332,2,1603714.012298
-4.683094,2,1603783.538533
-4.676764,2,1603858.083868
-4.671266,2,1603940.986271
-4.682427,2,1604011.568135
-4.670319,2,1604093.89857
-4.696964,2,1604163.030059
-4.670234,2,1604248.808955
-4.672113,2,1604327.472142
-4.668518,2,1604412.148333
-4.721119,2,1604484.781953
-4.669696,2,1604571.193309
-4.679724,2,1604641.8219
-4.670144,2,1604730.037871
-4.67113,2,1604806.66198
-4.688167,2,1604878.204725
-4.672737,2,1604965.934764
-4.671376,2,1605041.242757
-4.666202,2,1605120.174045
-4.680871,2,1605200.810491
-4.751775,2,1605275.96238
-4.670517,2,1605354.53265
-4.671719,2,1605435.063922
-4.672549,2,1605517.089326
-4.668166,2,1605598.19289
-4.671556,2,1605676.166068
-4.700961,2,1605755.768597
-4.67103,2,1605834.718044
-4.673265,2,1605908.893128
-4.714296,2,1605984.54275
-4.672617,2,1606064.986288
-4.675359,2,1606145.749743
-4.669587,2,1606222.904104
-4.670652,2,1606300.850768
-4.8752,2,1606371.519041
-4.692392,2,1606438.368203
-4.681037,2,1606515.394216
-4.878547,2,1606593.538917
-4.669041,2,1606666.813812
-4.672587,2,1606745.171473
-4.680888,2,1606814.385064
-4.672317,2,1606898.018312
-4.668611,2,1606974.053757
-4.684079,2,1607046.622086
-4.676046,2,1607121.73807
-4.734253,2,1607198.852092
-4.818072,2,1607280.494843
-4.67464,2,1607356.104465
-4.831364,2,1607440.79802
-4.671003,2,1607521.307767
-4.687504,2,1607590.777489
-4.773935,2,1607673.866069
-4.681465,2,1607746.293209
-4.797239,2,1607827.181179
-4.665876,2,1607906.831535
-4.670314,2,1607985.735186
-4.667776,2,1608064.301516
-4.668019,2,1608142.238408
-4.689175,2,1608213.041848
-4.671603,2,1608289.868073
-4.667549,2,1608370.444354
-4.668928,2,1608444.302745
-4.671711,2,1608519.026335
-4.667747,2,1608595.593443
-4.678772,2,1608666.010933
-4.670705,2,1608747.024413
-4.686334,2,1608820.092474
-4.668852,2,1608904.832989
-4.673884,2,1608983.662993
-4.818066,2,1609059.384635
-4.703585,2,1609132.036839
-4.672127,2,1609207.471444
-4.671898,2,1609292.087332
-4.675841,2,1609365.658764
-4.710194,2,1609447.90071
-4.673865,2,1609523.981078
-4.699273,2,1609600.435765
-4.673558,2,1609676.311242
-4.671133,2,1609761.803477
-4.673798,2,1609837.225448
-4.683194,2,1609906.910828
-4.677068,2,1609989.20383
-4.668115,2,1610068.785687
-4.671126,2,1610149.713304
-4.669587,2,1610228.13321
-4.671218,2,1610304.869822
-4.68635,2,1610380.71208
-4.672432,2,1610458.26698
-4.673174,2,1610538.262684
-4.678112,2,1610619.360583
-4.702864,2,1610686.52189
-4.671149,2,1610770.769043
-4.670341,2,1610849.520774
-4.670763,2,1610927.117864
-4.664666,2,1611002.521861
-4.670602,2,1611079.486122
-4.681426,2,1611150.513439
-4.671038,2,1611236.16477
-4.703131,2,1611312.71112
-4.666279,2,1611393.80453
-4.670593,2,1611471.685986
-4.669526,2,1611551.442219
-4.695825,2,1611622.356827
-4.682093,2,1611694.989599
-4.672046,2,1611778.898266
-4.671565,2,1611862.633668
-4.673503,2,1611935.282501
-4.670601,2,1612014.682021
-4.709079,2,1612089.62228
-4.716727,2,1612159.050396
-4.699273,2,1612247.491326
-4.684538,2,1612320.579681
-4.682187,2,1612396.162596
-4.678762,2,1612480.638884
-4.674981,2,1612553.936139
-4.682215,2,1612635.036673
-4.71033,2,1612706.242358
-4.705976,2,1612789.34894
-4.698988,2,1612867.65433
-4.668396,2,1612944.680727
-4.669821,2,1613026.511189
-4.679295,2,1613099.659084
-4.71331,2,1613167.9895
-4.695063,2,1613259.367355
-4.681368,2,1613333.481632
-4.66646,2,1613415.278269
-4.677005,2,1613489.254721
-4.67202,2,1613571.689661
-4.673077,2,1613650.73754
-4.670759,2,1613727.549489
-4.679331,2,1613803.187709
-4.669495,2,1613878.708053
-4.671684,2,1613959.750409
-4.683805,2,1614030.337487
-4.669219,2,1614112.499416
-4.70176,2,1614189.669466
-4.670613,2,1614272.476067
-4.672141,2,1614346.710059
-4.670174,2,1614425.394439
-4.671361,2,1614497.02522
-4.676431,2,1614576.541738
-4.669037,2,1614657.461554
-4.67198,2,1614734.092557
-4.677231,2,1614808.688596
-4.672798,2,1614899.53388
-4.682666,2,1614980.541629
-4.686183,2,1615066.445985
-4.67048,2,1615166.492939
-4.673896,2,1615251.689605
-4.669828,2,1615343.113729
-4.684905,2,1615426.875355
-4.679916,2,1615516.944221
-4.675224,2,1615607.503768
-4.673833,2,1615692.813516
-4.672511,2,1615787.076379
-4.668897,2,1615875.851809
-4.68149,2,1615959.8406
-4.670874,2,1616061.423307
-4.690978,2,1616143.800066
-4.755003,2,1616238.755277
-4.665312,2,1616326.191004
-4.670639,2,1616416.18208
-4.670331,2,1616506.13483
-4.673728,2,1616591.318909
-4.67617,2,1616680.314215
-4.701384,2,1616774.582012
-4.685189,2,1616862.966658
-4.670715,2,1616959.837922
-4.669394,2,1617056.413168
-4.674338,2,1617143.865634
-4.673236,2,1617232.663752
-4.672015,2,1617326.275496
-4.670103,2,1617415.509844
-4.667531,2,1617509.246414
-4.678446,2,1617591.757361
-4.670474,2,1617687.488338
-4.678536,2,1617773.100935
-4.701137,2,1617870.216075
-4.670508,2,1617964.26474
-4.693774,2,1618052.788309
-4.664989,2,1618144.612208
-4.672121,2,1618232.355047
-4.67554,2,1618320.890442
-4.699451,2,1618411.283967
-4.680492,2,1618495.283286
-4.669574,2,1618589.911165
-4.666505,2,1618677.937119
-4.673933,2,1618762.677798
-4.674594,2,1618858.124191
-4.671718,2,1618950.068112
-4.681298,2,1619041.283741
-4.67285,2,1619129.30067
-4.671204,2,1619224.269744
-4.683599,2,1619306.59137
-4.673898,2,1619397.572513
-4.66826,2,1619492.298865
-4.677487,2,1619575.994222
-4.672668,2,1619668.465744
-4.67051,2,1619754.597438
-4.700535,2,1619833.326721
-4.671411,2,1619913.159354
-4.670629,2,1619991.862153
-4.673118,2,1620064.077154
-4.670006,2,1620143.5733
-4.672333,2,1620216.148004
-4.691644,2,1620287.761853
-4.670955,2,1620374.690468
-4.705067,2,1620448.082292
-4.705029,2,1620511.648364
-4.682651,2,1620589.46102
-4.708636,2,1620668.2679
-4.670595,2,1620741.942687
-4.671072,2,1620812.285712
-4.670245,2,1620886.702929
-4.67312,2,1620960.053162
-4.669955,2,1621034.361343
-4.671087,2,1621109.054873
-4.701274,2,1621186.096806
-4.681518,2,1621258.050577
-4.680446,2,1621330.31829
-4.672164,2,1621410.645659
-4.668155,2,1621484.729275
-4.670878,2,1621559.487527
-4.671349,2,1621636.837193
-4.676301,2,1621711.598125
-4.682015,2,1621781.990585
-4.671208,2,1621863.755829
-4.671853,2,1621935.22806
-4.669426,2,1622015.156227
-4.669287,2,1622091.306474
-4.670321,2,1622164.058496
-4.670547,2,1622238.878435
-4.670367,2,1622314.936501
-4.686755,2,1622381.150208
-4.703396,2,1622464.081817
-4.672428,2,1622543.094511
-4.67378,2,1622610.961144
-4.701181,2,1622689.564458
-4.840931,2,1622765.874747
-4.686294,2,1622831.728871
-4.671013,2,1622915.86785
-4.679111,2,1622988.44809
-4.674,2,1623066.457073
-4.67042,2,1623143.02177
-4.671761,2,1623217.18401
-4.668643,2,1623295.045458
-4.672439,2,1623365.995135
-4.666461,2,1623442.679125
-4.681882,2,1623508.801966
-4.665487,2,1623587.728713
-4.666367,2,1623662.828947
-4.671021,2,1623735.088622
-4.670855,2,1623806.376117
-4.670571,2,1623881.001647
-4.670857,2,1623955.305437
-4.664339,2,1624030.237283
-4.677711,2,1624097.273229
-4.670389,2,1624180.151752
-4.687267,2,1624249.000624
-4.665681,2,1624326.353163
-4.671333,2,1624399.075183
-4.664928,2,1624473.144095
-4.670521,2,1624545.565976
-4.671252,2,1624619.838844
-4.673556,2,1624694.619379
-4.700718,2,1624768.18136
-4.671118,2,1624844.646795
-4.684411,2,1624915.741966
-4.670282,2,1624994.014262
-4.671351,2,1625067.287229
-4.716626,2,1625139.942656
-4.672425,2,1625211.943354
-4.670717,2,1625287.672039
-4.671631,2,1625358.643025
-4.672898,2,1625429.048568
-4.666779,2,1625507.40155
-4.673435,2,1625576.289252
-4.671729,2,1625651.405235
-4.671291,2,1625731.978101
-4.670695,2,1625804.851943
-4.665535,2,1625884.889891
-4.665485,2,1625959.299502
-4.668501,2,1626032.018635
-4.688141,2,1626100.880908
-4.671153,2,1626187.02331
-4.665137,2,1626260.368614
-4.668305,2,1626334.230735
-4.679052,2,1626408.623043
-4.671439,2,1626489.500694
-4.686155,2,1626557.227204
-4.720522,2,1626633.654134
-4.67263,2,1626712.810874
-4.688703,2,1626784.252058
-4.698516,2,1626860.119807
-4.671118,2,1626942.4955
-4.669484,2,1627023.842605
-4.66934,2,1627101.898207
-4.67555,2,1627175.722815
-4.667614,2,1627265.024581
-4.670692,2,1627340.842808
-4.67063,2,1627421.908221
-4.697803,2,1627495.974415
-4.675948,2,1627572.852798
-4.674078,2,1627653.525667
-4.696271,2,1627729.574878
-4.670328,2,1627816.053739
-4.668133,2,1627892.828974
-4.670767,2,1627978.717468
-4.670958,2,1628054.59356
-4.669709,2,1628130.248535
-4.671084,2,1628205.808232
-4.684097,2,1628272.208404
-4.672472,2,1628354.468815
-4.67224,2,1628428.976685
-4.675483,2,1628501.518927
-4.672784,2,1628575.142462
-4.710906,2,1628652.212885
-4.675572,2,1628722.495806
-4.671406,2,1628803.000373
-4.672357,2,1628881.53463
-4.670715,2,1628964.490165
-4.672237,2,1629040.019402
-4.670848,2,1629122.320739
-4.670678,2,1629204.178542
-4.683764,2,1629277.871417
-4.687604,2,1629357.562351
-4.672291,2,1629440.401089
-4.670293,2,1629523.105165
-4.707429,2,1629597.018237
-4.701289,2,1629672.057286
-4.671116,2,1629754.509675
-4.699195,2,1629828.199208
-4.671717,2,1629907.212184
-4.703725,2,1629989.674175
-4.669609,2,1630062.782455
-4.671621,2,1630135.630836
-4.68806,2,1630212.427195
-4.70394,2,1630296.23317
-4.7042,2,1630372.397133
-4.709515,2,1630455.745868
-4.66801,2,1630534.700378
-4.704623,2,1630607.536152
-4.670686,2,1630682.418654
-4.668343,2,1630756.300914
-4.672262,2,1630828.601418
-4.703633,2,1630905.658279
-4.670528,2,1630983.88955
-4.671167,2,1631060.188051
-4.672009,2,1631133.129348
-4.676896,2,1631209.642006
-4.671104,2,1631289.44023
-4.67133,2,1631364.47503
-4.668016,2,1631446.277556
-4.672027,2,1631521.528298
-4.671515,2,1631594.709064
-4.68174,2,1631669.891359
-4.667423,2,1631750.212778
-4.830932,2,1631840.622168
-4.669675,2,1631913.295743
-4.670796,2,1631988.135578
-4.670643,2,1632068.518433
-4.677325,2,1632140.690338
-4.674507,2,1632219.054879
-4.672958,2,1632296.625857
-4.672509,2,1632370.684454
-4.678495,2,1632445.325251
-4.703505,2,1632529.716203
-4.668637,2,1632609.051043
-4.671042,2,1632680.601196
-4.700933,2,1632753.505265
-4.679654,2,1632825.062403
-4.694946,2,1632899.486577
-4.670306,2,1632985.497053
-4.670316,2,1633061.669057
-4.67454,2,1633138.284278
-4.670973,2,1633217.291758
-4.66623,2,1633293.653425
-4.67236,2,1633369.94699
-4.666044,2,1633451.129042
-4.682871,2,1633521.235758
-4.703866,2,1633604.626406
-4.667158,2,1633684.022934
-4.671349,2,1633754.105467
-4.674353,2,1633830.774251
-4.6723,2,1633912.552124
-4.676794,2,1633985.61569
-4.680854,2,1634067.262733
-4.673209,2,1634143.670449
-4.671092,2,1634227.173583
-4.705074,2,1634306.462188
-4.872775,2,1634383.991458
-4.676497,2,1634457.248504
-4.670671,2,1634539.914834
-4.67052,2,1634612.708218
-4.670983,2,1634689.164334
-4.669241,2,1634761.255224
-4.671648,2,1634837.959059
-4.699498,2,1634910.63798
-4.670443,2,1634986.96266
-4.670805,2,1635063.666547
-4.6712,2,1635141.860346
-4.678251,2,1635214.152145
-4.672485,2,1635294.000353
-4.686491,2,1635365.67102
-4.673856,2,1635449.00675
-4.670796,2,1635523.340843
-4.737168,2,1635595.339661
-4.669553,2,1635675.959051
-4.665589,2,1635752.771284
-4.67193,2,1635825.354698
-4.683738,2,1635899.281247
-4.668807,2,1635981.843359
-4.671155,2,1636060.417277
-4.671647,2,1636136.115875
-4.698032,2,1636213.654088
-4.66806,2,1636297.603382
-4.671471,2,1636374.636346
-4.670538,2,1636455.765625
-4.668623,2,1636534.961929
-4.671584,2,1636610.072814
-4.672553,2,1636690.494555
-4.701331,2,1636765.49625
-4.677649,2,1636846.17263
-4.705038,2,1636926.897831
-4.67223,2,1637007.192178
-4.670809,2,1637086.194127
-4.677924,2,1637162.371984
-4.669649,2,1637238.372768
-4.675617,2,1637312.030646
-4.671568,2,1637386.586451
-4.669468,2,1637467.119403
-4.67619,2,1637546.675462
-4.671408,2,1637620.819528
-4.668147,2,1637698.1226
-4.67324,2,1637776.358431
-4.672995,2,1637856.420083
-4.702995,2,1637937.345733
-4.684463,2,1638007.44721
-4.670511,2,1638091.935602
-4.670143,2,1638164.108406
-4.674715,2,1638237.628564
-4.737169,2,1638312.666058
-4.67242,2,1638392.212377
-4.670645,2,1638470.264626
-4.672099,2,1638548.56059
-4.670197,2,1638626.058044
-4.666878,2,1638701.238051
-4.670939,2,1638778.585624
-4.667789,2,1638859.831382
-4.678463,2,1638932.537915
-4.69991,2,1639012.786907
-4.672033,2,1639085.982937
-4.669841,2,1639161.194594
-4.66939,2,1639233.137937
-4.698983,2,1639304.508644
-4.671181,2,1639382.011382
-4.671313,2,1639453.621323
-4.668425,2,1639534.250286
-4.67036,2,1639609.724051
-4.670239,2,1639685.793368
-4.674003,2,1639755.672755
-4.677708,2,1639824.446306
-4.674131,2,1639903.744735
-4.669999,2,1639977.276178
-4.671996,2,1640048.944757
-4.670985,2,1640123.888093
-4.673462,2,1640195.20453
-4.68136,2,1640265.323949
-4.668058,2,1640344.385822
-4.671417,2,1640416.408863
-4.669321,2,1640492.296182
-4.684771,2,1640565.766695
-4.694902,2,1640636.012575
-4.702687,2,1640714.558716
-4.67794,2,1640781.347095
-4.670488,2,1640860.462775
-4.671759,2,1640931.624458
-4.680136,2,1641001.701181
-4.672781,2,1641078.888345
-4.832524,2,1641155.256092
-4.671045,2,1641227.323985
-4.669942,2,1641306.054121
-4.667938,2,1641377.0654
-4.72332,2,1641446.880116
-4.668808,2,1641526.045043
-4.666734,2,1641598.398958
-4.67598,2,1641673.293654
-4.670458,2,1641746.8053
-4.670296,2,1641818.738532
-4.673763,2,1641893.809604
-4.672133,2,1641965.712307
-4.671128,2,1642041.948824
-4.669295,2,1642113.031512
-4.665975,2,1642189.617893
-4.673826,2,1642260.426618
-4.674404,2,1642336.129301
-4.672739,2,1642420.540122
-4.676471,2,1642496.906624
-4.671726,2,1642576.096278
-4.671209,2,1642649.458638
-4.701855,2,1642726.130868
-4.677596,2,1642793.965211
-4.681714,2,1642866.124638
-4.671747,2,1642947.79746
-4.701354,2,1643027.813196
-4.708151,2,1643097.710486
-4.678214,2,1643179.774797
-4.682296,2,1643258.438804
-4.674054,2,1643337.103098
-4.667712,2,1643417.827776
-4.705076,2,1643496.353237
-4.670088,2,1643574.788949
-4.67724,2,1643648.806034
-4.667999,2,1643728.980824
-4.676996,2,1643801.882064
-4.672847,2,1643881.19651
-4.701807,2,1643960.72067
-4.667138,2,1644041.792694
-4.686245,2,1644109.264758
-4.677676,2,1644193.920547
-4.694679,2,1644277.902728
-4.6711,2,1644352.053069
-4.679807,2,1644424.33186
-4.67127,2,1644508.5171
-4.673673,2,1644582.703274
-4.672062,2,1644664.803131
-4.678953,2,1644740.357196
-4.67193,2,1644818.245992
-4.669604,2,1644892.974282
-4.676208,2,1644962.495508
-4.670121,2,1645046.455957
-4.6717,2,1645117.99452
-4.67075,2,1645193.543315
-4.666887,2,1645265.219581
-4.672754,2,1645336.942431
-4.686626,2,1645404.939567
-4.671324,2,1645484.223054
-4.68501,2,1645554.565111
-4.671321,2,1645635.509411
-4.699692,2,1645716.570533
-4.670168,2,1645794.56463
-4.672293,2,1645871.485791
-4.687746,2,1645944.531486
-4.681517,2,1646028.497332
-4.681068,2,1646111.971761
-4.670327,2,1646192.811515
-4.672083,2,1646272.788362
-4.682144,2,1646348.447089
-4.672327,2,1646431.979973
-4.668654,2,1646510.838596
-4.67288,2,1646591.541665
-4.668354,2,1646665.916009
-4.669721,2,1646745.538672
-4.67066,2,1646820.764722
-4.670142,2,1646894.664016
-4.719204,2,1646969.441541
-4.878539,2,1647048.496986
-4.821487,2,1647131.941108
-4.670613,2,1647210.674328
-4.670221,2,1647289.166024
-4.666499,2,1647367.559727
-4.670565,2,1647448.200685
-4.687764,2,1647516.684767
-4.669793,2,1647599.72184
-4.70911,2,1647680.979215
-4.671082,2,1647758.812429
-4.673434,2,1647831.767994
-4.670578,2,1647911.354689
-4.67685,2,1647990.469143
-4.669277,2,1648072.565892
-4.683738,2,1648142.058888
-4.826996,2,1648225.732224
-4.677802,2,1648296.209266
-4.671165,2,1648375.458461
-4.667145,2,1648446.961573
-4.663077,2,1648520.577426
-4.674873,2,1648600.470775
-4.666679,2,1648681.350064
-4.696158,2,1648758.369123
-4.672897,2,1648838.249183
-4.672384,2,1648914.16766
-4.6709,2,1648994.559245
-4.671523,2,1649070.061152
-4.673133,2,1649147.623626
-4.674782,2,1649222.347204
-4.670966,2,1649300.830608
-4.671347,2,1649381.045619
-4.671514,2,1649460.230544
-4.703313,2,1649538.434493
-4.666171,2,1649618.303626
-4.671511,2,1649693.164253
-4.670245,2,1649774.650955
-4.670936,2,1649850.179191
-4.671199,2,1649934.70027
-4.677438,2,1650011.695398
-4.704807,2,1650079.528041
-4.681311,2,1650157.942044
-4.672641,2,1650243.559374
-4.671596,2,1650321.630871
-4.673149,2,1650400.762978
-4.671119,2,1650476.818836
-4.666672,2,1650557.142934
-4.685634,2,1650631.50212
-4.676955,2,1650713.096685
-4.671384,2,1650790.984241
-4.669992,2,1650875.011994
-4.67718,2,1650948.678104
-4.668305,2,1651030.419594
-4.665464,2,1651103.987604
-4.671261,2,1651178.095423
-4.66977,2,1651255.648785
-4.707155,2,1651330.010438
-4.67498,2,1651407.810094
-4.678779,2,1651484.780368
-4.889452,2,1651564.771697
-4.670945,2,1651638.199733
-4.670122,2,1651720.853781
-4.690403,2,1651801.777385
-4.673724,2,1651876.415826
-4.705457,2,1651960.426248
-4.67034,2,1652040.146414
-4.882011,2,1652118.402249
-4.670849,2,1652199.490378
-4.673313,2,1652274.785562
-4.713365,2,1652348.625611
-4.67377,2,1652435.173096
-4.671878,2,1652514.9812
-4.703191,2,1652588.141671
-4.668709,2,1652668.288496
-4.666154,2,1652746.898276
-4.672274,2,1652826.1559
-4.673775,2,1652899.659474
-4.669903,2,1652982.940733
-4.669328,2,1653062.046321
-4.670547,2,1653141.544625
-4.669729,2,1653222.534161
-4.682359,2,1653298.589237
-4.670787,2,1653382.868161
-4.669884,2,1653457.522274
-4.735844,2,1653537.952487
-4.66714,2,1653619.591584
-4.670683,2,1653701.550103
-4.671655,2,1653774.545441
-4.668982,2,1653851.911553
-4.670401,2,1653926.60108
-4.708729,2,1653998.380278
-4.669972,2,1654074.418899
-4.677202,2,1654143.61275
-4.671973,2,1654225.615254
-4.671356,2,1654303.890023
-4.670163,2,1654382.200227
-4.668668,2,1654462.1307
-4.672084,2,1654537.162105
-4.667726,2,1654617.112638
-4.666426,2,1654691.885564
-4.671303,2,1654766.68269
-4.670363,2,1654844.578896
-4.676589,2,1654919.263725
-4.67038,2,1654995.867748
-4.670732,2,1655069.801189
-4.671606,2,1655147.958551
-4.670002,2,1655228.027819
-4.668886,2,1655305.649045
-4.670162,2,1655382.142417
-4.666557,2,1655461.026872
-4.671033,2,1655540.089026
-4.670459,2,1655620.627314
-4.676164,2,1655695.033143
-4.681278,2,1655773.247482
-4.664707,2,1655856.685033
-4.683528,2,1655933.40292
-4.675504,2,1656012.009159
-4.670497,2,1656099.489191
-4.672676,2,1656177.82304
-4.670037,2,1656257.827523
-4.675181,2,1656330.293293
-4.671235,2,1656411.928339
-4.666169,2,1656496.285956
-4.674094,2,1656570.613556
-4.672537,2,1656652.359118
-4.670504,2,1656733.43696
-4.673984,2,1656807.805592
-4.668894,2,1656891.047643
-4.708824,2,1656965.250891
-4.671889,2,1657042.080283
-4.682589,2,1657118.551916
-4.669822,2,1657196.184644
-4.670755,2,1657274.633156
-4.67266,2,1657349.734112
-4.671406,2,1657426.543429
-4.670232,2,1657505.057645
-4.671839,2,1657580.708555
-4.683408,2,1657659.933655
-4.669961,2,1657737.95057
-4.673227,2,1657810.598243
-4.675773,2,1657887.414615
-4.827664,2,1657963.91734
-4.669935,2,1658038.773786
-4.669823,2,1658114.726432
-4.672564,2,1658188.567871
-4.664484,2,1658268.519857
-4.670966,2,1658345.555316
-4.670599,2,1658426.307092
-4.676922,2,1658498.641811
-4.670132,2,1658581.103554
-4.69477,2,1658661.401974
-4.670827,2,1658741.896878
-4.714313,2,1658818.658491
-4.670921,2,1658904.002123
-4.669901,2,1658976.655046
-4.679956,2,1659047.145142
-4.900235,2,1659124.928208
-4.671111,2,1659199.491103
-4.675816,2,1659269.720997
-4.66513,2,1659348.700583
-4.667833,2,1659422.295222
-4.671233,2,1659496.289053
-4.670804,2,1659570.731399
-4.67185,2,1659647.863008
-4.671116,2,1659724.666687
-4.671898,2,1659798.093421
-4.671412,2,1659870.971323
-4.671328,2,1659948.036046
-4.669286,2,1660026.892416
-4.670562,2,1660099.860089
-4.671588,2,1660174.400006
-4.671216,2,1660249.625513
-4.67066,2,1660322.96121
-4.670728,2,1660397.546306
-4.673942,2,1660469.879578
-4.668741,2,1660547.068175
-4.839163,2,1660621.141524
-4.671063,2,1660697.507543
-4.670166,2,1660769.864329
-4.670111,2,1660847.466245
-4.672755,2,1660920.44254
-4.670868,2,1660992.650231
-4.671524,2,1661067.699163
-4.672629,2,1661137.08598
-4.667774,2,1661213.085771
-4.671032,2,1661289.265893
-4.671215,2,1661362.511385
-4.703705,2,1661439.540716
-4.670836,2,1661515.163847
-4.828865,2,1661590.928607
-4.683472,2,1661659.548284
-4.673255,2,1661740.146457
-4.692915,2,1661809.941524
-4.669172,2,1661889.959762
-4.670896,2,1661968.7205
-4.671116,2,1662041.550333
-4.673244,2,1662118.141753
-4.670998,2,1662195.391641
-4.674697,2,1662265.012539
-4.67225,2,1662340.701153
-4.675933,2,1662410.978513
-4.666823,2,1662492.911253
-4.672952,2,1662576.443134
-4.667071,2,1662661.84546
-4.671853,2,1662737.180161
-4.670726,2,1662813.687673
-4.669057,2,1662890.178179
-4.673338,2,1662966.227062
-4.666877,2,1663039.456143
-4.672017,2,1663112.172144
-4.672216,2,1663187.426413
-4.667538,2,1663262.254254
-4.672152,2,1663332.696726
-4.671006,2,1663410.265947
-4.671268,2,1663483.351873
-4.671188,2,1663557.884164
-4.670616,2,1663633.253386
-4.670297,2,1663706.988688
-4.701424,2,1663775.376473
-4.670421,2,1663854.198101
-4.733443,2,1663926.491473
-4.666319,2,1664002.063976
-4.669177,2,1664077.675284
-4.670364,2,1664151.140054
-4.674222,2,1664226.514513
-4.675608,2,1664301.640094
-4.680346,2,1664372.702261
-4.671192,2,1664450.714605
-4.669997,2,1664526.525827
-4.671173,2,1664600.233411
-4.67235,2,1664673.03661
-4.683514,2,1664740.82722
-4.666185,2,1664824.852914
-4.666145,2,1664897.547741
-4.67061,2,1664970.112145
-4.672885,2,1665047.40133
-4.666002,2,1665119.704886
-4.668753,2,1665193.755826
-4.668479,2,1665268.978479
-4.670618,2,1665344.198906
-4.672747,2,1665414.372419
-4.673738,2,1665492.681177
-4.681866,2,1665563.067465
-4.670403,2,1665645.331311
-4.671171,2,1665718.980603
-4.670165,2,1665793.079289
-4.67305,2,1665865.542634
-4.679431,2,1665938.081137
-4.666992,2,1666017.042792
-4.665487,2,1666091.237983
-4.701418,2,1666164.055299
-4.670724,2,1666241.453635
-4.670973,2,1666314.455115
-4.666796,2,1666388.500532
-4.666275,2,1666463.511847
-4.664361,2,1666540.314662
-4.671339,2,1666612.571324
-4.671179,2,1666686.672088
-4.680709,2,1666760.905167
-4.670321,2,1666842.326618
-4.678985,2,1666911.22267
-4.671961,2,1666991.508677
-4.669249,2,1667071.87892
-4.670314,2,1667146.763783
-4.670676,2,1667222.547062
-4.67031,2,1667302.269664
-4.669284,2,1667375.893688
-4.665729,2,1667452.572309
-4.671932,2,1667525.032938
-4.670504,2,1667605.481547
-4.671866,2,1667678.310248
-4.67098,2,1667757.046381
-4.673472,2,1667828.04213
-4.670834,2,1667907.809389
-4.670933,2,1667982.105802
-4.671381,2,1668057.348572
-4.681737,2,1668126.86601
-4.681062,2,1668206.285439
-4.670447,2,1668281.997813
-4.670672,2,1668359.171058
-4.670738,2,1668435.623567
-4.671655,2,1668509.883332
-4.671173,2,1668583.418874
-4.670331,2,1668658.44154
-4.667204,2,1668736.079496
-4.671605,2,1668809.808461
-4.669192,2,1668887.955811
-4.679501,2,1668960.175335
-4.67074,2,1669040.251548
-4.667488,2,1669114.910956
-4.669882,2,1669187.928842
-4.67355,2,1669266.752308
-4.665871,2,1669344.071348
-4.677189,2,1669415.919379
-4.669226,2,1669492.984226
-4.676426,2,1669571.052642
-4.677931,2,1669644.517632
-4.670374,2,1669726.207201
-4.67321,2,1669798.284544
-4.687887,2,1669868.044225
-4.719159,2,1669950.598654
-4.706542,2,1670024.729718
-4.671595,2,1670111.801386
-4.667171,2,1670191.047405
-4.670985,2,1670265.621276
-4.67045,2,1670342.836762
-4.670697,2,1670419.075309
-4.669315,2,1670496.591354
-4.663419,2,1670573.122574
-4.666027,2,1670647.220297
-4.685276,2,1670713.52986
-4.670081,2,1670794.841868
-4.669618,2,1670866.035287
-4.670213,2,1670941.788132
-4.670119,2,1671016.567365
-4.673551,2,1671087.639828
-4.673581,2,1671183.111852
-4.706787,2,1671275.849578
-4.671293,2,1671381.574473
-4.670806,2,1671476.42279
-4.674004,2,1671569.551166
-4.672319,2,1671672.574037
-4.668494,2,1671764.772105
-4.670668,2,1671867.547893
-4.669296,2,1671960.29446
-4.672163,2,1672046.428156
-4.671483,2,1672141.328859
-4.665713,2,1672230.798079
-4.705547,2,1672311.641843
-4.701567,2,1672414.165909
-4.670694,2,1672500.558149
-4.679765,2,1672588.602533
-4.671691,2,1672680.187036
-4.771069,2,1672779.414364
-4.685144,2,1672863.455266
-4.670944,2,1672961.578444
-4.671086,2,1673057.514063
-4.668665,2,1673150.191434
-4.670329,2,1673242.952453
-4.674934,2,1673334.229
-4.665776,2,1673429.104841
-4.701697,2,1673525.610427
-4.6758,2,1673615.038635
-4.684001,2,1673701.702598
-4.678633,2,1673788.269656
-4.67821,2,1673885.840872
-4.670368,2,1673984.491403
-4.670117,2,1674076.808818
-4.669625,2,1674166.204334
-4.673376,2,1674258.183825
-4.670842,2,1674355.490941
-4.669665,2,1674450.260161
-4.66981,2,1674543.664758
-4.672902,2,1674637.087079
-4.69891,2,1674742.653624
-4.675406,2,1674844.90103
-4.669002,2,1674949.045081
-4.702072,2,1675040.103734
-4.672053,2,1675142.879518
-4.670513,2,1675244.227623
-4.668461,2,1675339.20676
-4.670285,2,1675420.823965
-4.66832,2,1675497.265871
-4.669971,2,1675570.27599
-4.672823,2,1675647.790065
-4.670693,2,1675725.86342
-4.669536,2,1675800.345136
-4.672352,2,1675875.131679
-4.670322,2,1675953.081368
-4.672003,2,1676026.820366
-4.676674,2,1676097.769908
-4.670882,2,1676178.595492
-4.668585,2,1676251.317539
-4.670861,2,1676329.578181
-4.67891,2,1676405.349478
-4.672231,2,1676479.403829
-4.661051,2,1676557.170119
-4.671873,2,1676633.767921
-4.671,2,1676706.232398
-4.670893,2,1676779.123169
-4.669771,2,1676855.835103
-4.67433,2,1676926.069611
-4.670536,2,1677008.19237
-4.670375,2,1677079.19836
-4.670639,2,1677153.805392
-4.670061,2,1677228.155985
-4.670446,2,1677303.917699
-4.867576,2,1677378.20862
-4.665936,2,1677451.849221
-4.674053,2,1677523.185305
-4.670584,2,1677603.741319
-4.674442,2,1677676.958297
-4.671392,2,1677749.58379
-4.670636,2,1677825.135251
-4.872853,2,1677900.125249
-4.668556,2,1677978.014886
-4.687854,2,1678043.355865
-4.670794,2,1678126.294345
-4.671086,2,1678201.303302
-4.670392,2,1678288.543407
-4.672559,2,1678372.352546
-4.671323,2,1678447.681779
-4.670035,2,1678537.70576
-4.676909,2,1678611.737366
-4.666208,2,1678696.422368
-4.670866,2,1678788.014975
-4.669769,2,1678866.879169
-4.676487,2,1678948.193977
-4.671225,2,1679030.055655
-4.671003,2,1679106.488242
-4.670518,2,1679192.974399
-4.666134,2,1679274.331199
-4.674284,2,1679346.379668
-4.695126,2,1679427.20182
-4.672024,2,1679508.070039
-4.670855,2,1679595.522602
-4.67119,2,1679673.675069
-4.670915,2,1679752.895774
-4.698672,2,1679837.884724
-4.671204,2,1679921.18469
-4.672777,2,1680000.268703
-4.670114,2,1680085.982175
-4.704714,2,1680166.972589
-4.670344,2,1680247.452397
-4.671129,2,1680327.942715
-4.670398,2,1680408.262656
-4.671333,2,1680491.146979
-4.692616,2,1680570.803227
-4.66795,2,1680664.239849
-4.670221,2,1680747.14887
-4.671233,2,1680834.784599
-4.669615,2,1680921.627801
-4.690979,2,1681003.879206
-4.684377,2,1681086.606869
-4.666198,2,1681171.274377
-4.681327,2,1681250.63595
-4.676848,2,1681340.654759
-4.670345,2,1681426.792238
-4.671374,2,1681510.011796
-4.682086,2,1681582.315329
-4.670207,2,1681658.984971
-4.668716,2,1681729.927587
-4.670786,2,1681800.453057
-4.67077,2,1681873.484875
-4.671099,2,1681945.954275
-4.696185,2,1682006.62763
-4.669588,2,1682078.489867
-4.672603,2,1682145.488895
-4.671221,2,1682214.792046
-4.674064,2,1682299.41322
-4.714136,2,1682368.079986
-4.671166,2,1682467.572316
-4.670802,2,1682558.991924
-4.669826,2,1682658.402393
-4.670337,2,1682754.464105
-4.669948,2,1682860.273761
-4.669749,2,1682967.571236
-4.670347,2,1683076.79438
-4.666805,2,1683185.949965
-4.837035,2,1683294.135574
-4.671949,2,1683405.529059
-4.674253,2,1683517.691986
-4.670973,2,1683634.246673
-4.667916,2,1683752.70354
-4.671102,2,1683862.666222
-4.682633,2,1683987.442388
-4.674057,2,1684106.975765
-4.670669,2,1684223.035837
-4.66822,2,1684344.026394
-4.667222,2,1684462.110166
-4.670597,2,1684579.519294
-4.666076,2,1684704.884438
-4.672232,2,1684826.652573
-4.670428,2,1684949.574683
-5.85953,3,1685098.871659
-4.67005,2,1685259.63286
-4.665359,2,1685383.360976
-4.669268,2,1685505.175922
-4.670515,2,1685629.646552
-4.671302,2,1685751.659852
-4.671848,2,1685875.999021
-4.670927,2,1686002.157435
-4.671073,2,1686122.675811
-4.670033,2,1686216.649683
-4.670696,2,1686283.162699
-4.669523,2,1686351.617712
-4.668869,2,1686419.496786
-4.670878,2,1686493.635777
-4.672449,2,1686562.186684
-4.670519,2,1686636.144522
-4.679821,2,1686701.151004
-4.670761,2,1686773.608572
-4.67122,2,1686840.313812
-4.668522,2,1686910.969594
-4.671985,2,1686978.25173
-4.670562,2,1687051.314371
-4.670077,2,1687118.853117
-4.702041,2,1687175.622815
-4.669901,2,1687252.981588
-4.669005,2,1687324.656946
-4.677299,2,1687394.461981
-4.670601,2,1687464.113119
-4.676991,2,1687530.293901
-4.671101,2,1687598.86988
-4.671297,2,1687668.434116
-4.672076,2,1687738.960099
-4.670108,2,1687810.390057
-4.67052,2,1687877.317196
-4.670641,2,1687941.261633
-4.688102,2,1688001.71193
-4.677107,2,1688069.916409
-4.669909,2,1688141.78981
-4.837873,2,1688208.914661
-4.872522,2,1688274.994142
-4.670079,2,1688342.137958
-4.670846,2,1688409.610836
-4.672518,2,1688473.574944
-4.67128,2,1688547.089979
-4.680299,2,1688610.294963
-4.670716,2,1688676.63949
-4.67096,2,1688742.12686
-4.669636,2,1688806.213142
-4.671155,2,1688868.650601
-4.666223,2,1688932.3293
-4.670093,2,1688994.295552
-4.670512,2,1689055.847072
-4.670453,2,1689117.316525
-4.670625,2,1689179.165901
-4.668082,2,1689242.232613
-4.669082,2,1689306.651196
-4.673127,2,1689372.894506
-4.670585,2,1689443.527935
-4.675083,2,1689508.269519
-4.666147,2,1689579.091585
-4.671098,2,1689648.160124
-4.665527,2,1689720.004395
-4.672405,2,1689788.269103
-4.671125,2,1689858.874004
-4.669057,2,1689924.870968
-4.671168,2,1689993.636564
-4.690217,2,1690061.440873
-4.674157,2,1690126.135353
-4.669684,2,1690193.301984
-4.669664,2,1690261.189533
-4.669482,2,1690332.255853
-4.666128,2,1690398.619817
-4.6664,2,1690465.532257
-4.670404,2,1690533.714056
-4.668794,2,1690598.730601
-4.669082,2,1690661.280513
-4.670491,2,1690727.068497
-4.671096,2,1690791.686873
-4.671196,2,1690853.747722
-4.670217,2,1690925.864702
-4.669057,2,1691019.419471
-4.670421,2,1691109.609894
-4.675814,2,1691198.398604
-4.673386,2,1691304.30545
-4.670942,2,1691412.145768
-4.671574,2,1691520.043743
-4.671058,2,1691627.010684
-4.672264,2,1691738.73009
-4.669454,2,1691851.033478
-4.666579,2,1691958.110343
-4.671201,2,1692072.951004
-4.667579,2,1692189.100946
-4.671031,2,1692303.696313
-4.670323,2,1692422.017042
-4.671168,2,1692535.424861
-4.671565,2,1692655.004658
-4.672726,2,1692778.462055
-4.670066,2,1692902.892562
-4.671664,2,1693027.189344
-4.67993,2,1693143.557828
-4.670111,2,1693273.88625
-4.759067,2,1693393.861602
-4.680209,2,1693512.335149
-4.670922,2,1693637.145311
-4.672241,2,1693763.893748
-4.885104,2,1693889.442011
-4.689171,2,1694000.439492
-4.669025,2,1694134.706101
-4.670493,2,1694257.581234
-4.669348,2,1694381.323
-4.669961,2,1694503.09244
-4.671803,2,1694622.341672
-4.671128,2,1694747.943298
-4.671196,2,1694872.025413
-4.673775,2,1694997.135973
-4.670186,2,1695121.541722
-4.672634,2,1695251.230875
-4.666052,2,1695374.989222
-4.667648,2,1695501.972228
-4.666758,2,1695627.517956
-4.668793,2,1695754.884413
-4.672284,2,1695874.646392
-4.676501,2,1696002.560751
-4.668931,2,1696137.011949
-4.672881,2,1696258.166836
-4.674878,2,1696380.707682
-4.670647,2,1696512.701598
-4.824539,2,1696636.807205
-4.670712,2,1696771.05026
-4.671407,2,1696891.27765
-4.670197,2,1697022.546539
-4.671181,2,1697144.275599
-4.670148,2,1697272.641286
-4.667267,2,1697400.582408
-4.66991,2,1697529.997495
-4.672453,2,1697649.594365
-4.671147,2,1697772.2601
-4.66865,2,1697904.266679
-4.669546,2,1698032.487222
-4.671103,2,1698159.204406
-4.670293,2,1698286.469505
-4.67025,2,1698410.961022
-4.673508,2,1698530.362443
-4.82845,2,1698663.945838
-4.671234,2,1698792.27455
-4.671212,2,1698921.328221
-4.673216,2,1699046.377949
-4.687171,2,1699166.52408
-4.671247,2,1699300.687501
-4.670655,2,1699427.150688
-4.670276,2,1699555.838402
-4.872452,2,1699684.47663
-4.684905,2,1699804.350906
-4.674741,2,1699932.292392
-4.665989,2,1700062.136295
-4.670611,2,1700190.858565
-4.675005,2,1700310.879868
-4.666629,2,1700438.869316
-4.668479,2,1700565.160835
-4.788227,2,1700687.101463
-4.669656,2,1700816.289864
-4.669053,2,1700944.279058
-4.670912,2,1701012.813773
-4.673118,2,1701074.647851
-4.697457,2,1701138.619845
-4.671308,2,1701200.58926
-4.666937,2,1701264.184401
-4.669912,2,1701325.695619
-4.675396,2,1701385.15952
-4.672082,2,1701450.734518
-4.671049,2,1701515.688752
-4.667317,2,1701580.625884
-4.670612,2,1701641.916188
-4.670693,2,1701703.088933
-4.668876,2,1701767.651517
-4.668204,2,1701835.03592
-4.677549,2,1701903.323736
-4.671487,2,1701974.793409
-4.675614,2,1702038.202028
-4.697784,2,1702107.322925
-4.675455,2,1702181.55835
-4.676827,2,1702246.685542
-4.669735,2,1702317.54298
-4.673704,2,1702381.373031
-4.671401,2,1702461.553781
-4.673996,2,1702534.773784
-4.670385,2,1702611.548412
-4.670281,2,1702688.175727
-4.675843,2,1702765.769955
-4.671082,2,1702840.479622
-4.682462,2,1702905.041621
-4.671181,2,1702978.319835
-4.671184,2,1703048.654445
-4.669242,2,1703121.365343
-4.673436,2,1703189.865341
-4.66977,2,1703266.82536
-4.671175,2,1703346.969868
-4.671141,2,1703420.47791
-4.672314,2,1703496.735916
-4.673773,2,1703575.264452
-4.671945,2,1703648.367289
-4.673459,2,1703726.289804
-4.670281,2,1703802.815975
-4.683339,2,1703870.293684
-4.666805,2,1703940.928905
-4.671175,2,1704013.738132
-4.667964,2,1704093.83166
-4.670373,2,1704166.451022
-4.674763,2,1704248.532372
-4.670853,2,1704321.231341
-4.670922,2,1704394.13286
-4.671228,2,1704467.641741
-4.673011,2,1704541.886445
-4.675284,2,1704612.57812
-4.669628,2,1704694.455278
-4.670122,2,1704766.854862
-4.672881,2,1704846.556099
-4.668564,2,1704923.844026
-4.671262,2,1705001.114049
-4.672149,2,1705077.825
-4.670502,2,1705155.40186
-4.670807,2,1705223.986391
-4.669665,2,1705301.271501
-4.67714,2,1705365.845952
-4.673692,2,1705443.472284
-4.666351,2,1705517.93363
-4.670894,2,1705590.055757
-4.670999,2,1705667.575854
-4.666005,2,1705744.670397
-4.670907,2,1705819.541688
-4.672018,2,1705897.990044
-4.671073,2,1705972.103589
-4.672063,2,1706046.652938
-4.670265,2,1706119.801022
-4.832065,2,1706191.392662
-4.670789,2,1706280.207782
-4.671341,2,1706371.083945
-4.920384,2,1706468.659433
-4.670905,2,1706560.755535
-4.671507,2,1706658.3413
-4.668913,2,1706746.777866
-4.674169,2,1706849.161972
-4.670339,2,1706943.941297
-4.67027,2,1707037.068901
-4.665225,2,1707131.876239
-4.667322,2,1707222.272047
-4.68591,2,1707323.221454
-4.669511,2,1707437.691206
-4.66614,2,1707554.305167
-4.672285,2,1707665.458508
-4.666173,2,1707779.439093
-4.669902,2,1707891.683291
-4.668368,2,1708005.660037
-4.666211,2,1708123.202915
-4.670285,2,1708238.399314
-4.665148,2,1708356.158853
-4.668582,2,1708472.857011
-4.670003,2,1708588.756506
-4.671225,2,1708706.034073
-4.664828,2,1708828.526035
-4.665898,2,1708948.275741
-4.670938,2,1709066.52754
-4.667232,2,1709189.175789
-4.668296,2,1709311.45982
-4.673379,2,1709434.592157
-4.672229,2,1709559.034637
-4.671399,2,1709681.163549
-4.670973,2,1709810.529217
-4.675004,2,1709933.278748
-4.668861,2,1710061.258049
-4.673915,2,1710188.015081
-4.666003,2,1710316.529414
-4.671124,2,1710443.916425
-4.670615,2,1710523.538529
-4.672519,2,1710598.423806
-4.668203,2,1710683.463565
-4.670684,2,1710759.624526
-4.669098,2,1710833.01852
-4.668745,2,1710909.653574
-4.683274,2,1710973.881781
-4.670445,2,1711052.187026
-4.670525,2,1711123.514663
-4.678729,2,1711195.378416
-4.67056,2,1711276.248283
-4.666184,2,1711350.772275
-4.670932,2,1711425.299471
-4.667568,2,1711493.668709
-4.669169,2,1711573.439531
-4.672598,2,1711647.745363
-4.667276,2,1711730.304249
-4.673214,2,1711805.134642
-4.670355,2,1711891.094847
-4.67088,2,1711971.003301
-4.668866,2,1712048.742417
-4.669631,2,1712131.746761
-4.671898,2,1712210.322247
-4.67148,2,1712286.894124
-4.670087,2,1712367.649843
-4.670586,2,1712452.872615
-4.667652,2,1712529.691023
-4.677717,2,1712598.024045
-4.669742,2,1712685.368861
-4.670296,2,1712759.728573
-4.685929,2,1712823.04516
-4.671505,2,1712923.842356
-4.666253,2,1713005.114922
-4.671011,2,1713087.911535
-4.668243,2,1713166.25838
-4.66954,2,1713247.528955
-4.671587,2,1713317.608914
-4.679945,2,1713387.964005
-4.671183,2,1713465.904548
-4.670373,2,1713541.239297
-4.669936,2,1713632.613512
-4.671465,2,1713709.752607
-4.671211,2,1713784.059695
-4.670545,2,1713860.616038
-4.671193,2,1713935.782118
-4.671245,2,1714021.637937
-4.668063,2,1714096.035855
-4.670242,2,1714171.839373
-4.670317,2,1714253.622952
-4.669902,2,1714326.183742
-4.673891,2,1714395.047076
-4.671349,2,1714468.63334
-4.675337,2,1714545.560154
-4.671023,2,1714625.765518
-4.670846,2,1714693.711738
-4.665959,2,1714774.12152
-4.672286,2,1714850.260598
-4.669075,2,1714921.685433
-4.670698,2,1715006.741679
-4.66664,2,1715078.624758
-4.665921,2,1715152.480691
-4.66909,2,1715232.326026
-4.671029,2,1715312.250925
-4.672781,2,1715380.065777
-4.671767,2,1715469.105598
-4.670786,2,1715547.266724
-4.671762,2,1715620.504341
-4.671319,2,1715700.329947
-4.704528,2,1715775.53534
-4.703319,2,1715845.799438
-4.670492,2,1715922.603188
-4.675112,2,1715987.258991
-4.665145,2,1716066.145128
-4.670828,2,1716133.599681
-4.67104,2,1716205.841155
-4.67236,2,1716278.560425
-4.671979,2,1716385.614076
-4.671978,2,1716477.426924
-4.671719,2,1716573.610293
-4.670407,2,1716666.324536
-4.670243,2,1716765.302889
-4.667693,2,1716860.994529
-4.671136,2,1716958.049002
-4.669677,2,1717056.455584
-4.671474,2,1717151.465106
-4.669072,2,1717244.792152
-4.664769,2,1717346.262892
-4.670471,2,1717458.996393
-4.669833,2,1717573.518212
-4.670299,2,1717688.863274
-4.670726,2,1717804.377404
-4.666845,2,1717922.83438
-4.673733,2,1718047.153107
-4.667955,2,1718168.059433
-4.671355,2,1718287.690619
-4.673805,2,1718410.242029
-4.671303,2,1718538.37282
-4.667997,2,1718670.31504
-4.671012,2,1718799.179865
-4.666026,2,1718927.827872
-4.671119,2,1719055.657955
-4.664758,2,1719184.312943
-4.670908,2,1719310.400266
-4.672955,2,1719440.675579
-4.677925,2,1719562.905664
-4.671825,2,1719692.723558
-4.670022,2,1719829.924409
-4.670912,2,1719957.058653
-4.67117,2,1720080.798923
-4.666638,2,1720207.37897
-4.671565,2,1720336.68784
-4.671786,2,1720466.059615
-4.669533,2,1720601.069739
-4.670322,2,1720726.660465
-4.676554,2,1720851.480058
-4.670345,2,1720984.326777
-4.674588,2,1721116.607443
-4.672261,2,1721244.647027
-4.671873,2,1721369.344882
-4.675383,2,1721504.394577
-4.67102,2,1721634.165497
-4.664671,2,1721764.240334
-4.666806,2,1721893.99419
-4.671536,2,1722022.251126
-4.670181,2,1722155.318155
-4.673595,2,1722280.166367
-4.667939,2,1722420.741963
-4.670175,2,1722553.338328
-4.669754,2,1722684.122027
-4.665507,2,1722814.284298
-4.70041,2,1722945.539776
-4.670121,2,1723075.471753
-4.671089,2,1723200.500076
-4.669689,2,1723333.932604
-4.669722,2,1723466.642901
-4.666223,2,1723597.032587
-4.671332,2,1723725.319555
-4.669813,2,1723855.880398
-4.669782,2,1723984.249647
-4.666988,2,1724119.472434
-4.672395,2,1724249.700385
-4.671662,2,1724376.916667
-4.672041,2,1724504.566508
-4.673009,2,1724637.287498
-4.670447,2,1724769.096173
-4.671077,2,1724899.675228
-4.670439,2,1725033.585455
-4.665991,2,1725163.683279
-4.672277,2,1725286.290272
-4.66574,2,1725422.583449
-4.670283,2,1725550.296118
-4.665956,2,1725681.158229
-4.671002,2,1725809.436161
-4.671562,2,1725943.218304
-4.670867,2,1726073.291361
-4.670859,2,1726212.992101
-4.675525,2,1726344.664558
-4.669032,2,1726476.107046
-4.671274,2,1726603.259315
-4.67002,2,1726733.589741
-4.666607,2,1726862.527887
-4.670989,2,1726991.93347
-4.669508,2,1727124.01056
-4.672422,2,1727254.941211
-4.670813,2,1727384.011976
-4.667336,2,1727515.295789
-4.670373,2,1727648.629602
-4.669053,2,1727778.781693
-4.6752,2,1727904.849076
-4.669898,2,1728039.406998
-4.668024,2,1728172.0325
-4.670593,2,1728306.657528
-4.667573,2,1728440.91578
-4.670579,2,1728570.161347
-4.668914,2,1728696.718788
-4.669968,2,1728825.30612
-4.670248,2,1728956.40127
-4.670369,2,1729088.433428
-4.665762,2,1729218.286628
-4.670633,2,1729347.986047
-4.68507,2,1729478.429137
-4.671188,2,1729608.075079
-4.670672,2,1729736.95536
-4.669097,2,1729861.782838
-4.671176,2,1729988.6005
-4.670409,2,1730118.221419
-4.670794,2,1730249.094127
-4.671641,2,1730379.118726
-4.670403,2,1730510.933429
-4.67072,2,1730640.529831
-4.67257,2,1730765.071466
-4.666328,2,1730896.03845
-4.669486,2,1731025.718724
-4.667147,2,1731154.56874
-4.670277,2,1731287.805227
-4.671279,2,1731418.970724
-4.670264,2,1731544.362391
-4.670329,2,1731669.520559
-4.672374,2,1731796.024538
-4.663876,2,1731931.360759
-4.667269,2,1732061.631619
-4.670306,2,1732191.993551
-4.671502,2,1732323.649648
-4.671216,2,1732453.322552
-4.681119,2,1732583.894157
-4.668912,2,1732712.971128
-4.669902,2,1732842.053575
-4.667303,2,1732963.410014
-4.666172,2,1733093.385937
-4.667168,2,1733221.569348
-4.672053,2,1733347.821531
-4.670773,2,1733480.870491
-4.668088,2,1733609.027323
-4.671882,2,1733738.66941
-4.665465,2,1733858.624105
-4.670742,2,1733984.510557
-4.672686,2,1734109.897367
-4.670328,2,1734244.128522
-4.67136,2,1734375.239419
-4.673167,2,1734497.935781
-4.672554,2,1734626.279152
-4.670678,2,1734758.212677
-4.671241,2,1734885.065037
-4.672027,2,1735012.364216
-4.670708,2,1735148.321637
-4.672453,2,1735277.224967
-4.668824,2,1735406.504309
-4.665063,2,1735535.948328
-4.670555,2,1735664.773877
-4.671495,2,1735793.074988
-4.671136,2,1735916.473632
-4.670403,2,1736044.442715
-4.670554,2,1736174.277819
-4.670276,2,1736303.806402
-4.669006,2,1736433.219877
-4.676794,2,1736558.35548
-4.667122,2,1736693.272517
-4.665861,2,1736820.659749
-4.671481,2,1736950.498711
-4.670133,2,1737081.45089
-4.671933,2,1737208.509588
-4.673787,2,1737338.513073
-4.671312,2,1737467.768238
-4.67037,2,1737598.878494
-4.670347,2,1737731.415473
-4.667503,2,1737861.427491
-4.670639,2,1737991.490678
-4.670394,2,1738112.916107
-4.670068,2,1738241.54056
-4.671152,2,1738364.106996
-4.671001,2,1738493.072735
-4.667592,2,1738625.447913
-4.670321,2,1738752.808783
-4.669645,2,1738880.633328
-4.664467,2,1739008.612979
-4.670347,2,1739148.990102
-4.671032,2,1739278.212573
-4.670019,2,1739416.638526
-4.663885,2,1739546.718937
-4.673753,2,1739676.942767
-4.670763,2,1739803.717106
-4.664923,2,1739932.392636
-4.880884,2,1740060.285519
-4.670375,2,1740192.255721
-4.671202,2,1740325.181438
-4.672463,2,1740454.58476
-4.671877,2,1740590.38347
-4.66994,2,1740723.219968
-4.672234,2,1740848.234568
-4.671273,2,1740981.261599
-4.671526,2,1741110.416491
-4.672262,2,1741246.800196
-4.668797,2,1741377.528425
-4.671357,2,1741511.788755
-4.670552,2,1741648.7478
-4.670434,2,1741778.424862
-4.669773,2,1741909.406915
-4.681568,2,1742027.756004
-4.666516,2,1742170.993551
-4.836876,2,1742304.109559
-4.703278,2,1742438.096197
-4.673277,2,1742565.485143
-4.670341,2,1742705.929699
-4.671006,2,1742840.386087
-4.670259,2,1742974.29219
-4.66835,2,1743090.201459
-4.678786,2,1743215.871183
-4.673368,2,1743349.812651
-4.666703,2,1743485.841957
-4.66771,2,1743617.619054
-4.670894,2,1743749.399827
-4.666057,2,1743880.690098
-4.667739,2,1744013.845165
-4.670296,2,1744148.685807
-4.674374,2,1744280.158109
-4.678868,2,1744398.293221
-4.666391,2,1744542.431907
-4.666781,2,1744673.162083
-4.704583,2,1744805.00466
-4.670307,2,1744918.524479
-4.670917,2,1745052.094774
-4.668909,2,1745188.570171
-4.671253,2,1745319.583127
-4.670059,2,1745454.131944
-4.675143,2,1745580.599209
-4.670585,2,1745713.894437
-4.670042,2,1745841.015437
-4.669231,2,1745976.391768
-4.673956,2,1746106.954233
-4.67066,2,1746235.914929
-4.669258,2,1746369.560802
-4.670849,2,1746500.018803
-4.668384,2,1746629.663225
-4.667312,2,1746760.019699
-4.668985,2,1746891.04
-4.706475,2,1747020.416483
-4.671716,2,1747144.419334
-4.666255,2,1747272.921547
-4.670557,2,1747403.932284
-4.67109,2,1747533.875483
-4.66697,2,1747669.841106
-4.672091,2,1747799.031283
-4.696866,2,1747930.123462
-4.67107,2,1748064.515962
-4.671832,2,1748191.40045
-4.671572,2,1748324.089862
-4.671196,2,1748444.102758
-4.666738,2,1748580.28842
-4.669306,2,1748707.103847
-4.666194,2,1748840.002836
-4.670217,2,1748968.440876
-4.672301,2,1749097.582036
-4.672416,2,1749230.411301
-4.671059,2,1749356.368882
-4.667921,2,1749489.125187
-4.671435,2,1749617.513892
-4.672354,2,1749748.80292
-4.670484,2,1749881.599286
-4.671385,2,1750013.057426
-4.670954,2,1750144.128839
-4.670887,2,1750277.817734
-4.673725,2,1750404.775189
-4.670754,2,1750540.622795
-4.67145,2,1750670.526659
-4.670847,2,1750788.520296
-4.670871,2,1750921.618904
-4.672642,2,1751047.411919
-4.670771,2,1751180.810209
-4.671312,2,1751312.147903
-4.669492,2,1751450.788769
-4.666262,2,1751583.052443
-4.671176,2,1751713.832398
-4.668528,2,1751846.942017
-4.664891,2,1751978.157295
-4.670518,2,1752108.585598
-4.670069,2,1752253.065944
-4.670482,2,1752382.466067
-4.670303,2,1752508.609284
-4.669653,2,1752636.06905
-4.669694,2,1752766.468367
-4.669092,2,1752899.222988
-4.670093,2,1753029.208113
-4.670699,2,1753159.167898
-4.670696,2,1753288.056581
-4.671561,2,1753418.819979
-4.667286,2,1753552.919391
-4.670405,2,1753682.727436
-4.672835,2,1753813.039291
-4.6704,2,1753944.345702
-4.666135,2,1754074.593893
-4.669875,2,1754200.785951
-4.67074,2,1754333.746757
-4.671184,2,1754466.121597
-4.670537,2,1754570.081965
-4.671325,2,1754704.347717
-4.67069,2,1754835.57332
-4.668848,2,1754963.895259
-4.672694,2,1755089.523053
-4.671006,2,1755221.807078
-4.671495,2,1755352.512381
-4.669652,2,1755482.534002
-4.67102,2,1755610.743794
-4.674341,2,1755741.968714
-4.668898,2,1755874.637473
-4.670746,2,1756004.215235
-4.666074,2,1756129.341997
-4.671367,2,1756257.617983
-4.67108,2,1756381.959881
-4.673009,2,1756504.580369
-4.666103,2,1756636.334055
-4.668943,2,1756764.013698
-4.670329,2,1756895.279789
-4.670658,2,1757023.260792
-4.670457,2,1757150.701894
-4.670901,2,1757276.649363
-4.668321,2,1757407.73548
-4.670286,2,1757535.620862
-4.671876,2,1757662.476652
-4.831924,2,1757795.386985
-4.668591,2,1757927.66997
-4.665003,2,1758056.958888
-4.671783,2,1758174.236586
-4.667612,2,1758303.730227
-4.671142,2,1758430.274624
-4.671469,2,1758564.559572
-4.671577,2,1758697.75589
-4.669964,2,1758832.763422
-4.670905,2,1758965.005046
-4.669937,2,1759096.070534
-4.670335,2,1759229.809039
-4.671192,2,1759357.634554
-4.66673,2,1759496.949517
-4.678277,2,1759622.623527
-4.672111,2,1759760.426776
-4.834189,2,1759898.725738
-4.665956,2,1760031.438954
-4.670596,2,1760162.846755
-4.667148,2,1760298.757682
-4.670254,2,1760433.827155
-4.669892,2,1760565.452665
-4.670926,2,1760700.701859
-4.668877,2,1760833.306164
-4.666152,2,1760943.684582
-4.67139,2,1761090.686167
-4.670701,2,1761222.204728
-4.672005,2,1761355.182923
-4.674293,2,1761488.372851
-4.670927,2,1761621.523568
-4.666216,2,1761752.331275
-4.673724,2,1761884.078251
-4.66718,2,1762013.97539
-4.663815,2,1762143.412304
-4.669249,2,1762277.319144
-4.667545,2,1762410.413303
-4.669511,2,1762539.281278
-4.670981,2,1762672.583383
-4.665214,2,1762803.305004
-4.669217,2,1762936.076342
-4.671157,2,1763065.012417
-4.671598,2,1763198.695977
-4.852841,2,1763332.363385
-4.680983,2,1763456.197042
-4.679725,2,1763588.156726
-4.671155,2,1763728.010093
-4.672153,2,1763859.326823
-4.671184,2,1763993.731189
-4.671271,2,1764128.446634
-4.670779,2,1764264.368764
-4.670811,2,1764395.383094
-4.670011,2,1764532.53911
-4.671248,2,1764658.234059
-4.671955,2,1764767.190268
-4.675737,2,1764900.795478
-4.670768,2,1765032.94404
-4.670784,2,1765164.994207
-4.683494,2,1765307.439094
-4.671147,2,1765440.997742
-4.665534,2,1765573.869511
-4.672012,2,1765702.753762
-4.67142,2,1765837.891299
-4.669987,2,1765971.949086
-4.705362,2,1766100.016029
-4.670327,2,1766230.186482
-4.670556,2,1766363.056575
-4.671204,2,1766493.843756
-4.670301,2,1766625.865542
-4.67117,2,1766758.392413
-4.671856,2,1766887.741146
-4.672997,2,1767013.992285
-4.670219,2,1767126.178783
-4.669539,2,1767259.324863
-4.673201,2,1767380.739627
-4.670962,2,1767518.114684
-4.670628,2,1767647.956114
-4.670714,2,1767789.998002
-4.668955,2,1767934.012539
-4.66614,2,1768076.151199
-4.674269,2,1768222.599716
-4.669457,2,1768361.973617
-4.670591,2,1768508.611316
-4.670106,2,1768651.773866
-4.66897,2,1768794.574015
-4.670404,2,1768943.691065
-4.670159,2,1769084.193897
-4.670813,2,1769229.619255
-4.665874,2,1769373.255517
-4.697112,2,1769513.844802
-4.669708,2,1769661.247885
-4.671156,2,1769803.080072
-4.670399,2,1769944.287622
-4.670697,2,1770091.10165
-4.670278,2,1770239.720227
-4.668162,2,1770382.028459
-4.669406,2,1770529.452805
-4.671425,2,1770682.073719
-4.670324,2,1770827.991223
-4.67014,2,1770974.266205
-4.670083,2,1771118.451051
-4.670056,2,1771262.933372
-4.670137,2,1771411.302563
-4.670039,2,1771558.67887
-4.671814,2,1771699.91073
-4.67056,2,1771838.416862
-4.671274,2,1771956.684271
-4.672714,2,1772107.802581
-4.670454,2,1772260.62029
-4.672394,2,1772409.331377
-4.671081,2,1772550.546153
-4.670703,2,1772703.153414
-4.66686,2,1772847.158087
-4.670852,2,1772995.277584
-4.677378,2,1773132.411877
-4.668971,2,1773287.856735
-4.670287,2,1773435.314015
-4.669871,2,1773583.812331
-4.670692,2,1773727.502668
-4.670931,2,1773876.425026
-4.669849,2,1774019.413155
-4.668496,2,1774158.251481
-4.670231,2,1774306.186842
-4.66917,2,1774450.211786
-4.670393,2,1774593.874591
-4.670937,2,1774740.403344
-4.670499,2,1774889.003967
-4.670317,2,1775034.096514
-4.673384,2,1775178.367752
-4.666162,2,1775322.046415
-4.666153,2,1775456.714713
-4.672166,2,1775555.781287
-4.669457,2,1775687.778929
-4.668904,2,1775818.278502
-4.671113,2,1775942.34037
-4.670717,2,1776075.809865
-4.670073,2,1776205.625372
-4.669682,2,1776336.045355
-4.670738,2,1776468.19366
-4.664528,2,1776599.894522
-4.671302,2,1776725.239114
-4.676505,2,1776853.476517
-4.670189,2,1776994.063976
-8.445751,3,1777158.203132
-4.658165,2,1777321.021386
-4.666204,2,1777450.841438
-4.669121,2,1777583.989904
-4.670462,2,1777714.651376
-4.666671,2,1777847.611812
-4.67072,2,1777976.736583
-4.670892,2,1778108.067235
-4.671478,2,1778235.879501
-4.668177,2,1778369.528502
-4.666225,2,1778500.9676
-4.674547,2,1778624.300084
-4.672925,2,1778763.311059
-4.670939,2,1778892.665272
-4.67049,2,1779039.392953
-4.671748,2,1779166.569096
-4.666099,2,1779301.48591
-4.669256,2,1779433.393228
-4.664483,2,1779564.173266
-4.670992,2,1779693.964295
-4.670763,2,1779828.340795
-4.672493,2,1779965.037141
-4.67004,2,1780097.987782
-4.672511,2,1780224.846741
-4.670848,2,1780331.793245
-4.665631,2,1780465.908936
-4.669773,2,1780599.457644
-4.670601,2,1780734.121833
-4.670354,2,1780866.998266
-4.671186,2,1781002.058903
-4.671312,2,1781135.995682
-4.672311,2,1781269.768719
-4.671557,2,1781400.385372
-4.674888,2,1781537.896177
-4.670751,2,1781670.909243
-4.668998,2,1781804.692466
-4.671162,2,1781934.530538
-4.670586,2,1782067.557323
-4.666659,2,1782200.108298
-4.6712,2,1782332.632186
-4.667297,2,1782472.112941
-4.671315,2,1782601.605146
-4.671325,2,1782735.446516
-4.670251,2,1782872.337027
-4.674289,2,1783009.318896
-4.669507,2,1783143.17683
-4.671356,2,1783273.492756
-4.670269,2,1783409.411976
-4.668923,2,1783547.531286
-4.670702,2,1783680.951106
-4.669894,2,1783815.058612
-4.67206,2,1783943.369007
-4.677882,2,1784071.664236
-4.67212,2,1784214.526647
-4.670597,2,1784348.886874
-4.669492,2,1784446.586399
-4.670299,2,1784573.187589
-4.671365,2,1784702.998023
-4.672052,2,1784843.084878
-4.670712,2,1784973.256103
-4.672658,2,1785106.248327
-4.672265,2,1785243.915478
-4.672312,2,1785376.637865
-4.671576,2,1785508.855202
-4.671105,2,1785643.629935
-4.671888,2,1785780.024221
-4.668961,2,1785909.688973
-4.671263,2,1786048.296671
-4.670862,2,1786180.093435
-4.674508,2,1786313.761921
-4.669421,2,1786447.985738
-4.670841,2,1786584.007163
-4.671696,2,1786712.116733
-4.670516,2,1786851.182403
-4.669581,2,1786984.357617
-4.675421,2,1787114.274864
-4.666007,2,1787252.463082
-4.665628,2,1787386.429404
-4.671241,2,1787518.171777
-4.66995,2,1787653.822951
-4.681889,2,1787775.731731
-4.670825,2,1787921.694086
-4.668735,2,1788057.056134
-4.668706,2,1788188.851637
-4.668756,2,1788321.349957
-4.670338,2,1788454.089759
-4.670743,2,1788584.414065
-4.665803,2,1788723.734152
-4.670269,2,1788854.055573
-4.670795,2,1788990.091981
-4.671631,2,1789118.602248
-4.671641,2,1789252.505404
-4.668162,2,1789382.852419
-4.666268,2,1789516.728545
-4.671268,2,1789648.451601
-4.666724,2,1789783.753787
-4.670497,2,1789914.497799
-4.670215,2,1790042.294071
-4.669629,2,1790178.459724
-4.671834,2,1790300.101086
-4.675137,2,1790444.529553
-4.671162,2,1790549.374481
-4.665517,2,1790682.800454
-4.670488,2,1790814.484486
-4.667649,2,1790949.124117
-4.66984,2,1791079.965778
-4.672197,2,1791212.618128
-4.668762,2,1791349.050318
-4.670585,2,1791484.30249
-4.671637,2,1791617.834379
-4.67654,2,1791742.646547
-4.672484,2,1791883.981179
-4.66603,2,1792018.233057
-4.670957,2,1792152.586153
-4.670914,2,1792296.023885
-4.670091,2,1792428.811993
-4.66945,2,1792558.83252
-4.669401,2,1792694.410886
-4.670779,2,1792826.661465
-4.670894,2,1792956.646121
-4.67211,2,1793094.838155
-4.67155,2,1793226.044387
-4.670012,2,1793360.774503
-4.67243,2,1793491.404124
-4.671364,2,1793616.719326
-4.666083,2,1793752.578634
-4.67122,2,1793879.767491
-4.668738,2,1794010.181046
-4.673598,2,1794145.151667
-4.670877,2,1794277.031158
-4.888945,2,1794407.771909
-4.67035,2,1794540.647216
-4.67039,2,1794668.509931
-4.670249,2,1794804.15012
-4.669473,2,1794936.161041
-4.669196,2,1795071.090262
-4.670131,2,1795203.228549
-4.670812,2,1795335.955375
-4.669042,2,1795467.743011
-4.666444,2,1795601.869931
-4.671256,2,1795731.097763
-4.672123,2,1795863.904567
-4.664614,2,1795999.870381
-4.67208,2,1796128.899914
-4.670736,2,1796263.989105
-4.670248,2,1796394.812161
-4.671784,2,1796523.205817
-4.666967,2,1796655.749399
-4.671603,2,1796792.511728
-4.670779,2,1796926.385659
-4.669392,2,1797059.631887
-4.671118,2,1797190.252503
-4.670227,2,1797296.295021
-4.670083,2,1797416.201153
-4.67199,2,1797542.496203
-4.669697,2,1797681.241968
-4.669142,2,1797813.729399
-4.673277,2,1797944.735845
-4.670614,2,1798077.083989
-4.67057,2,1798208.158741
-4.670505,2,1798340.310179
-4.671192,2,1798472.814627
-4.671202,2,1798605.552299
-4.670325,2,1798738.669963
-4.671209,2,1798866.957628
-4.670233,2,1799002.566936
-4.666263,2,1799153.180368
-4.670587,2,1799294.200958
-4.666366,2,1799436.712636
-4.67098,2,1799576.754313
-4.670242,2,1799722.335476
-4.670869,2,1799866.822995
-4.67064,2,1800005.428294
-4.670619,2,1800150.577218
-4.66538,2,1800292.665723
-4.786294,2,1800431.823796
-4.670044,2,1800577.103151
-4.670214,2,1800716.601796
-4.672401,2,1800858.076922
-4.665475,2,1801000.9299
-4.671316,2,1801142.03241
-4.671959,2,1801290.639638
-4.668969,2,1801433.578252
-4.671199,2,1801581.797355
-4.670313,2,1801730.901343
-4.672197,2,1801872.315212
-4.66745,2,1802015.438896
-4.672522,2,1802158.805123
-4.671178,2,1802306.90945
-4.671053,2,1802448.832202
-4.671112,2,1802591.421034
-4.671333,2,1802741.177586
-4.67044,2,1802887.838195
-4.670624,2,1803000.476521
-4.668518,2,1803130.286211
-4.670433,2,1803275.652502
-4.671056,2,1803418.840791
-4.672495,2,1803556.961637
-4.669518,2,1803705.303876
-4.670753,2,1803848.299836
-4.669874,2,1803993.247593
-4.668343,2,1804143.166437
-4.668183,2,1804284.922106
-4.668535,2,1804431.740012
-4.670266,2,1804572.795284
-4.671394,2,1804717.458665
-4.673303,2,1804861.428116
-4.671161,2,1805012.940446
-4.669855,2,1805149.915773
-4.670933,2,1805286.081755
-4.670267,2,1805420.628869
-4.670308,2,1805554.635764
-4.669512,2,1805685.33516
-4.671275,2,1805816.549005
-4.671264,2,1805957.710713
-4.669084,2,1806091.841762
-4.668842,2,1806222.678433
-4.670274,2,1806356.390583
-4.670834,2,1806486.586755
-4.672031,2,1806614.468118
-4.670591,2,1807082.17347
-4.67042,2,1807212.575543
-4.670884,2,1807343.15321
-4.66657,2,1807473.748008
-4.670847,2,1807823.502345
-4.665527,2,1807953.586417
-4.670903,2,1808058.19674
-4.670946,2,1808162.70541
-4.672937,2,1808293.418828
-4.671169,2,1808423.551631
-4.669994,2,1808554.738186
-4.670358,2,1808683.775948
-4.667704,2,1808816.222453
-4.668546,2,1808946.093856
-4.669669,2,1809077.515219
-4.683119,2,1809208.834234
-4.670299,2,1809341.723029
-4.755969,2,1809469.387063
-4.670189,2,1809605.078624
-4.668732,2,1809735.689459
-4.671338,2,1809864.315682
-4.670979,2,1810000.144112
-4.670667,2,1810131.442913
-4.66996,2,1810260.367104
-4.67719,2,1810378.102017
-4.665868,2,1810517.972939
-4.671399,2,1810648.219648
-4.67052,2,1810777.644583
-4.67035,2,1810908.15958
-4.667828,2,1811039.013801
-4.671891,2,1811167.900424
-4.67231,2,1811297.686772
-4.672525,2,1811427.112561
-4.669461,2,1811554.20141
-4.668376,2,1811686.074873
-4.671815,2,1811820.511247
-4.671711,2,1811948.070393
-4.66891,2,1812082.614072
-4.671968,2,1812209.595822
-4.666644,2,1812341.927225
-4.670333,2,1812473.214011
-4.666405,2,1812603.408033
-4.673672,2,1812733.306364
-4.671687,2,1812862.710635
-4.829284,2,1812995.795848
-4.672245,2,1813126.755425
-4.67729,2,1813247.334299
-4.668434,2,1813384.283342
-4.671478,2,1813512.639042
-4.674156,2,1813642.020364
-4.671721,2,1813767.716048
-4.671095,2,1813903.569757
-4.669867,2,1814034.767172
-4.669233,2,1814165.286379
-4.666429,2,1814297.368867
-4.671633,2,1814424.614607
-4.671115,2,1814552.923048
-4.670697,2,1814685.65887
-4.673741,2,1814815.19724
-4.671002,2,1814945.675441
-4.671081,2,1815077.717277
-4.669401,2,1815207.116508
-4.669341,2,1815336.524058
-4.670805,2,1815467.172933
-4.668431,2,1815597.749438
-4.669162,2,1815729.531323
-4.66987,2,1815858.328657
-4.670918,2,1815989.670653
-4.670373,2,1816111.648703
-4.668639,2,1816187.985271
-4.670219,2,1816327.565511
-4.670023,2,1816455.712045
-4.671104,2,1816586.507103
-4.667123,2,1816717.658457
-4.672016,2,1816847.926878
-4.666274,2,1816976.368958
-4.670806,2,1817109.365894
-4.666905,2,1817240.868459
-4.670687,2,1817367.669643
-4.667663,2,1817495.183381
-4.668149,2,1817624.02269
-4.670938,2,1817755.889515
-4.666036,2,1817883.749336
-4.665836,2,1818013.523313
-4.665924,2,1818142.938044
-4.670783,2,1818271.473881
-4.667329,2,1818402.467844
-4.671473,2,1818532.355822
-4.670169,2,1818659.244409
-4.66996,2,1818793.161806
-4.666443,2,1818924.711253
-4.670958,2,1819058.649475
-4.672233,2,1819187.942034
-4.66894,2,1819319.761051
-4.829802,2,1819461.816592
-4.83267,2,1819593.927593
-4.670344,2,1819724.328152
-4.67065,2,1819856.577321
-4.666762,2,1819987.737051
-4.669901,2,1820117.05659
-4.6705,2,1820249.647516
-4.670386,2,1820380.856036
-4.671268,2,1820512.897961
-4.672225,2,1820639.250445
-4.66892,2,1820773.333724
-4.676385,2,1820897.072021
-4.672239,2,1821037.914286
-4.667624,2,1821167.4779
-4.670951,2,1821302.542751
-4.67277,2,1821427.607677
-4.670378,2,1821565.942934
-4.67139,2,1821693.714364
-4.671766,2,1821827.566129
-4.668614,2,1821958.121587
-4.670175,2,1822089.062724
-4.671057,2,1822218.714436
-4.6706,2,1822352.307717
-4.671454,2,1822482.681155
-4.670362,2,1822613.139325
-4.67039,2,1822741.477886
-4.670628,2,1822872.350359
-4.670974,2,1823001.640945
-4.669938,2,1823136.703875
-4.670328,2,1823267.385784
-4.67084,2,1823400.470821
-4.669754,2,1823530.360096
-4.670316,2,1823659.901739
-4.669502,2,1823792.125275
-4.666225,2,1823920.122048
-4.670477,2,1823992.898209
-4.665856,2,1824122.0664
-4.666484,2,1824251.534932
-4.669913,2,1824383.456893
-4.670382,2,1824512.345201
-4.670274,2,1824644.363053
-4.666229,2,1824775.54731
-4.666812,2,1824906.19257
-4.667168,2,1825036.270436
-4.670601,2,1825166.110296
-4.671144,2,1825296.226622
-4.669188,2,1825423.696654
-4.670868,2,1825551.39568
-4.671756,2,1825682.481435
-4.67119,2,1825807.139003
-4.671426,2,1825938.786252
-4.67006,2,1826064.865892
-4.66629,2,1826199.0746
-4.670525,2,1826326.738777
-4.672574,2,1826460.848079
-4.669157,2,1826589.491754
-4.67192,2,1826716.814811
-4.671424,2,1826846.742152
-4.670181,2,1826973.29752
-4.669935,2,1827107.379152
-4.670836,2,1827235.916505
-4.67049,2,1827365.394355
-4.672682,2,1827496.004398
-4.841679,2,1827625.125997
-4.666564,2,1827755.619963
-4.666058,2,1827890.466983
-4.672295,2,1828022.598464
-4.670775,2,1828152.26125
-4.670633,2,1828283.556381
-4.672228,2,1828414.42141
-4.906573,2,1828543.649266
-4.670374,2,1828678.724846
-4.671395,2,1828805.918205
-4.67081,2,1828944.152894
-4.669978,2,1829078.489351
-4.671241,2,1829205.486394
-4.665057,2,1829336.188738
-4.670736,2,1829467.05462
-4.670939,2,1829595.457544
-4.672654,2,1829725.806172
-4.670425,2,1829854.898676
-4.67119,2,1829983.875363
-4.671967,2,1830116.657538
-4.671388,2,1830246.730454
-4.669515,2,1830376.223509
-4.867504,2,1830504.7443
-4.670327,2,1830636.282592
-4.671102,2,1830765.986206
-4.670241,2,1830895.75083
-4.669473,2,1831025.834
-4.670561,2,1831157.101985
-4.668948,2,1831284.389611
-4.70546,2,1831415.793873
-4.670707,2,1831544.962699
-4.669176,2,1831673.405025
-4.677299,2,1831793.186775
-4.670265,2,1831931.88341
-4.670247,2,1832060.120269
-4.673287,2,1832188.878607
-4.669635,2,1832317.348238
-4.670704,2,1832457.18106
-4.669048,2,1832586.58581
-4.670648,2,1832715.131135
-4.672398,2,1832841.221574
-4.670801,2,1832975.190126
-4.671291,2,1833104.059641
-4.670719,2,1833235.292447
-4.66603,2,1833364.24931
-4.670544,2,1833493.059218
-4.670431,2,1833621.426774
-4.669912,2,1833749.08576
-4.670094,2,1833877.280524
-4.675282,2,1834000.913833
-4.671195,2,1834136.09603
-4.671913,2,1834263.344439
-4.667409,2,1834394.770828
-4.666206,2,1834524.166997
-4.670253,2,1834654.322817
-4.669172,2,1834782.354998
-4.670148,2,1834910.167592
-4.672672,2,1835043.16698
-4.670649,2,1835171.007882
-4.674079,2,1835234.984137
-4.668549,2,1835380.806191
-4.670632,2,1835513.272275
-4.666652,2,1835645.107701
-4.670531,2,1835778.952109
-4.671143,2,1835907.373642
-4.671301,2,1836038.725833
-4.670589,2,1836172.210179
-4.70156,2,1836303.548936
-4.668815,2,1836430.822902
-4.669033,2,1836561.230803
-4.67116,2,1836689.713783
-4.670981,2,1836820.594087
-4.669785,2,1836952.247958
-4.669906,2,1837083.30304
-4.670498,2,1837215.326454
-4.670746,2,1837343.893056
-4.671991,2,1837477.238529
-4.67031,2,1837610.057576
-4.672286,2,1837742.92792
-4.671589,2,1837871.947259
-4.668072,2,1838005.355461
-4.671316,2,1838133.138367
-4.669344,2,1838268.510876
-4.667235,2,1838399.728969
-4.670271,2,1838530.11889
-4.670868,2,1838664.345306
-4.672219,2,1838795.467413
-4.66982,2,1838926.818026
-4.669846,2,1839058.690953
-4.673998,2,1839192.235371
-4.671557,2,1839326.295606
-4.674175,2,1839450.414236
-4.683339,2,1839590.129086
-4.667455,2,1839723.039
-4.671176,2,1839858.169329
-4.670849,2,1839989.001297
-4.671185,2,1840118.608215
-4.671066,2,1840250.322998
-4.670801,2,1840386.197843
-4.669428,2,1840515.521654
-4.669381,2,1840644.74964
-4.670418,2,1840770.147102
-4.67055,2,1840907.15579
-4.670311,2,1841039.89745
-4.670359,2,1841172.349466
-4.672147,2,1841305.019311
-5.246853,2,1841432.667468
-4.88541,2,1841569.083872
-4.666658,2,1841699.145382
-4.671116,2,1841828.40285
-4.671256,2,1841957.907222
-4.671001,2,1842091.88116
-4.669258,2,1842224.990525
-4.838276,2,1842355.889039
-4.672563,2,1842489.048581
-4.668372,2,1842620.190541
-4.672412,2,1842751.149467
-4.671937,2,1842884.574708
-4.672235,2,1843016.2709
-4.669994,2,1843148.27393
-4.670501,2,1843281.660844
-4.670314,2,1843412.304102
-4.669864,2,1843544.85561
-4.670316,2,1843676.463117
-4.666178,2,1843807.966665
-4.670387,2,1843943.423177
-4.667319,2,1844074.548119
-4.669882,2,1844205.744144
-4.669356,2,1844335.416642
-4.668146,2,1844466.895188
-4.670686,2,1844599.751815
-4.67714,2,1844731.947915
-4.670751,2,1844865.660957
-4.673028,2,1844998.202964
-4.672317,2,1845130.035488
-4.671169,2,1845265.678208
-4.666652,2,1845398.032747
-4.670657,2,1845542.162861
-4.670804,2,1845671.660824
-4.665444,2,1845803.859647
-4.670308,2,1845933.563995
-4.67215,2,1846069.358492
-4.670267,2,1846201.531543
-4.669826,2,1846332.095671
-4.670646,2,1846468.199957
-4.673578,2,1846601.784899
-4.672972,2,1846725.948702
-4.672282,2,1846865.899748
-4.673879,2,1846992.829768
-4.671412,2,1847061.08444
-4.670473,2,1847196.292268
-4.667367,2,1847330.833907
-4.670721,2,1847460.748476
-4.673897,2,1847593.335449
-4.670787,2,1847725.729833
-4.666503,2,1847856.40469
-4.666162,2,1847990.975893
-4.667323,2,1848126.115137
-4.670432,2,1848257.738942
-4.668653,2,1848390.130652
-4.670298,2,1848520.909697
-4.671262,2,1848653.972407
-4.670175,2,1848784.485075
-4.669709,2,1848915.746903
-4.666598,2,1849047.006949
-4.674998,2,1849169.669636
-4.670326,2,1849310.367626
-4.672573,2,1849441.942743
-4.670224,2,1849574.207476
-4.671156,2,1849705.804571
-4.670588,2,1849841.690833
-4.666844,2,1849970.729584
-4.666895,2,1850106.442661
-4.675745,2,1850236.563153
-4.67034,2,1850372.020349
-4.670807,2,1850499.754098
-4.670842,2,1850636.452826
-4.667186,2,1850767.348479
-4.672536,2,1850899.687242
-4.666209,2,1851033.400242
-4.671182,2,1851164.726753
-4.669564,2,1851295.953154
-4.671169,2,1851430.490219
-4.670213,2,1851561.659237
-4.667363,2,1851693.500493
-4.668889,2,1851827.013764
-4.669779,2,1851956.764326
-4.669463,2,1852089.942851
-4.670847,2,1852220.42153
-4.670827,2,1852352.299349
-4.671566,2,1852485.55211
-4.66967,2,1852614.061914
-4.670795,2,1852745.004334
-4.669068,2,1852877.757716
-4.67098,2,1853009.303836
-4.662884,2,1853141.620854
-4.67091,2,1853274.482857
-4.671356,2,1853406.114037
-4.666106,2,1853535.237378
-4.671454,2,1853666.186435
-4.671369,2,1853805.791911
-4.66858,2,1853938.200479
-4.673123,2,1854073.242151
-4.67604,2,1854202.003134
-4.671196,2,1854339.981285
-4.672446,2,1854475.528068
-4.667655,2,1854605.808138
-4.670285,2,1854743.082979
-4.669177,2,1854873.405149
-4.670805,2,1855006.535443
-4.663774,2,1855138.350368
-4.672072,2,1855274.356614
-4.671357,2,1856251.48759
-4.670272,2,1856384.252663
-4.667471,2,1856516.689968
-4.670969,2,1856649.943644
-4.672264,2,1856780.085161
-4.66959,2,1856914.883508
-4.669714,2,1857049.762792
-4.667089,2,1857183.798268
-4.672319,2,1857315.130927
-4.670737,2,1857445.658508
-4.67147,2,1857584.071544
-4.671599,2,1857712.147401
-4.672338,2,1858292.573766
-4.67085,2,1858423.231071
-4.667334,2,1858555.99536
-4.670744,2,1858689.630086
-4.666018,2,1858823.736846
-4.670806,2,1858955.301318
-4.67352,2,1859086.652498
-4.671065,2,1859220.790792
-4.670347,2,1859351.834452
-4.670033,2,1859487.270127
-4.667283,2,1859618.234474
-4.670565,2,1859750.635419
-4.673081,2,1859886.655622
-4.67098,2,1860033.437867
-4.670126,2,1860169.986352
-4.671256,2,1860302.956062
-4.701981,2,1860431.660209
-4.669557,2,1860566.30145
-4.679056,2,1860696.915944
-4.838672,2,1860834.601193
-4.670911,2,1860963.634809
-4.672168,2,1861094.271485
-4.671592,2,1861221.304079
-4.671339,2,1861346.169551
-4.670884,2,1861485.163413
-4.671057,2,1861618.808578
-4.667155,2,1861751.103378
-4.670704,2,1861868.293463
-4.671746,2,1861945.681209
-4.670977,2,1862086.411643
-4.672063,2,1862217.135098
-4.670666,2,1862347.042888
-4.669886,2,1862479.226525
-4.671377,2,1862614.603508
-4.670102,2,1862745.344461
-4.670566,2,1862878.872692
-4.667058,2,1863010.966042
-4.670578,2,1863141.887269
-4.670154,2,1863274.933986
-4.675239,2,1863407.692845
-4.671184,2,1863539.998821
-4.670321,2,1863672.10439
-4.670806,2,1863806.081297
-4.672303,2,1863937.969656
-4.66886,2,1864069.911151
-4.669148,2,1864201.44267
-4.67068,2,1864333.510565
-4.66894,2,1864464.536963
-4.670778,2,1864596.901333
-4.669555,2,1864727.911156
-4.670751,2,1864856.172446
-4.666664,2,1864991.547459
-4.669764,2,1865125.246231
-4.670647,2,1865255.370277
-4.671776,2,1865391.051923
-4.66949,2,1865527.170373
-4.671512,2,1865658.380164
-4.670764,2,1865794.105802
-4.672621,2,1865927.881141
-4.671717,2,1866584.778064
-4.671381,2,1866719.420034
-4.670776,2,1866853.840745
-4.672155,2,1866989.205265
-4.669849,2,1867121.021745
-4.670399,2,1867254.994457
-4.671213,2,1867387.680861
-4.669106,2,1867523.01193
-4.670293,2,1867656.863806
-4.670567,2,1867791.23278
-4.670404,2,1867928.21658
-4.670288,2,1868062.694064
-4.67071,2,1868196.11413
-4.67214,2,1868328.443536
-4.672464,2,1868463.868543
-4.670607,2,1868602.145397
-4.669569,2,1868737.048827
-4.669669,2,1868870.956748
-4.675726,2,1868996.346012
-4.674105,2,1869134.033838
-4.670826,2,1869270.8941
-4.669559,2,1869403.619447
-4.670716,2,1869537.181367
-4.669473,2,1869671.317613
-4.671916,2,1869798.583323
-4.670807,2,1869936.70891
-4.67197,2,1870063.467198
-4.671397,2,1870203.947346
-4.669556,2,1870339.679008
-4.668872,2,1870472.108902
-4.671856,2,1870600.996058
-4.81655,2,1870730.492254
-4.665878,2,1870874.015004
-4.670818,2,1871006.135186
-4.666279,2,1871139.502284
-4.667673,2,1871275.104284
-4.670027,2,1871411.060676
-4.6741,2,1871546.097568
-4.670954,2,1871679.413637
-4.668773,2,1872818.640591
-4.670209,2,1872954.184314
-4.670071,2,1873089.742574
-4.670832,2,1873222.129747
-4.670389,2,1873358.499143
-4.671464,2,1873492.789294
-4.671301,2,1873621.770414
-4.670483,2,1874670.746332
-4.671479,2,1886629.118236
-4.670404,2,1886762.113992
-4.669822,2,1886894.738794
-4.66633,2,1887028.199958
-4.670689,2,1887163.642165
-4.671291,2,1887295.864149
-4.669985,2,1887430.482558
-4.66961,2,1887575.018106
-4.669805,2,1887708.332957
-4.67095,2,1887842.482658
-4.670952,2,1887976.009442
-4.666598,2,1888110.473514
-4.670313,2,1888247.628853
-4.669605,2,1888382.812342
-4.670571,2,1888517.482967
-4.673883,2,1888649.324386
-4.67102,2,1888785.5194
-4.669524,2,1888918.970636
-4.671433,2,1889053.34973
-4.670373,2,1889130.19749
-4.669534,2,1889197.416467
-4.666091,2,1889290.360966
-4.671394,2,1889389.116224
-4.670918,2,1889486.877192
-4.674272,2,1889574.713599
-4.663543,2,1889671.788457
-4.670236,2,1889763.265359
-4.838259,2,1889856.747858
-4.671726,2,1889946.905916
-4.671343,2,1890044.254493
-4.669871,2,1890139.109555
-4.668585,2,1890236.066342
-4.670447,2,1890340.439745
-4.670577,2,1890457.138054
-4.669459,2,1890572.817784
-4.670563,2,1890687.772927
-4.667916,2,1890805.746593
-4.669294,2,1890925.672159
-4.671728,2,1891047.906465
-4.671439,2,1891171.355897
-4.670771,2,1891291.466481
-4.67004,2,1891418.444411
-4.67264,2,1891534.217723
-4.66728,2,1891666.760082
-4.670804,2,1891792.668022
-4.670136,2,1891916.383564
-4.669831,2,1892047.703519
-4.670307,2,1892171.533296
-4.671391,2,1892292.631968
-4.671099,2,1892420.570151
-4.669606,2,1892547.365585
-4.66613,2,1892670.8835
-4.672534,2,1892792.785566
-4.670354,2,1892914.504231
-4.667788,2,1893039.713101
-4.84183,2,1893162.380153
-4.670202,2,1893284.38115
-4.669362,2,1893407.751105
-4.837802,2,1893531.523932
-4.838222,2,1893653.314359
-4.66975,2,1893777.563874
-4.66602,2,1893895.462683
-4.67157,2,1894019.146715
-4.67093,2,1894147.247632
-4.910814,2,1894271.549365
-4.67254,2,1894400.404013
-4.666263,2,1894526.76049
-4.673098,2,1894649.39238
-4.669647,2,1894774.995491
-4.666627,2,1894899.367084
-4.671968,2,1895027.987812
-4.6736,2,1895148.64773
-4.669876,2,1895279.821028
-4.670498,2,1895410.539591
-4.669178,2,1895533.21113
-4.669795,2,1895662.083681
-4.672514,2,1895782.83626
-4.835326,2,1895914.875032
-4.665959,2,1896045.303361
-4.671056,2,1896171.191747
-4.67055,2,1896302.15397
-4.666364,2,1896432.434794
-4.830698,2,1896560.287553
-4.670093,2,1896692.422879
-4.67124,2,1896818.664366
-4.66889,2,1896951.345822
-4.669139,2,1897076.360187
-4.670306,2,1897211.730933
-4.675845,2,1897339.966482
-4.670188,2,1897462.68344
-4.668775,2,1897585.979309
-4.670781,2,1897710.41561
-4.669696,2,1897838.299197
-4.671233,2,1897967.104045
-4.67073,2,1898099.590711
-4.670173,2,1898229.801285
-4.8799,2,1898356.09666
-4.668962,2,1898483.034715
-4.675123,2,1898611.432123
-4.671369,2,1898738.471983
-4.877935,2,1898869.250594
-4.669823,2,1898997.598721
-4.671431,2,1899122.448267
-4.670426,2,1899249.223841
-4.670755,2,1899379.389614
-4.66884,2,1899506.833569
-4.671204,2,1899634.11519
-4.671337,2,1899769.871632
-4.6731,2,1899902.63432
-4.670148,2,1900034.284199
-4.6966,2,1900155.975518
-4.670657,2,1900290.022916
-4.672744,2,1900415.553881
-4.671435,2,1900545.762122
-4.669097,2,1900674.638862
-4.669593,2,1900808.315385
-4.670645,2,1900931.238207
-4.669512,2,1901060.16861
-4.670269,2,1901180.912167
-4.670996,2,1901306.929571
-4.667308,2,1901433.84053
-4.671073,2,1901559.417779
-4.667378,2,1901687.092303
-4.671038,2,1901810.324232
-4.669431,2,1901940.083499
-4.671051,2,1902064.419582
-4.671428,2,1902200.502263
-4.824173,2,1902325.085239
-4.867297,2,1902455.775353
-4.668989,2,1902580.609381
-4.679862,2,1902703.223006
-4.669079,2,1902833.508548
-4.671529,2,1902962.429468
-4.707078,2,1903075.913632
-4.669307,2,1903214.20471
-4.666084,2,1903339.954334
-4.670684,2,1903466.346187
-4.673499,2,1903594.758585
-4.671241,2,1903721.176628
-4.670298,2,1903850.036608
-4.670309,2,1903978.647281
-4.670809,2,1904105.04857
-4.669717,2,1904234.199521
-4.670827,2,1904353.349651
-4.669527,2,1904480.324629
-4.673941,2,1904606.487494
-4.67107,2,1904725.341714
-4.67039,2,1904858.085955
-4.670361,2,1904986.207821
-4.671108,2,1905109.300857
-4.672348,2,1905235.221001
-4.669296,2,1905361.155773
-4.669262,2,1905485.551569
-4.668062,2,1905611.743592
-4.671312,2,1905736.676356
-4.670987,2,1905863.379028
-4.671332,2,1905984.302102
-4.670002,2,1906112.710249
-4.673342,2,1906236.63764
-4.672298,2,1906362.570946
-4.668567,2,1906489.63949
-4.670334,2,1906615.356198
-4.670175,2,1906740.237797
-4.66994,2,1906864.87944
-4.668729,2,1906989.686927
-4.670882,2,1907115.992586
-4.672453,2,1907233.626104
-4.670528,2,1907359.710486
-4.671129,2,1907488.63253
-4.669917,2,1907613.825051
-4.666323,2,1907742.056054
-4.670365,2,1907860.587453
-4.670585,2,1907987.172548
-4.670268,2,1908113.416029
-4.670903,2,1908238.595964
-4.669743,2,1908366.473516
-4.671315,2,1908495.624669
-4.670105,2,1908623.095717
-4.670351,2,1908749.986731
-4.673371,2,1908876.741434
-4.669663,2,1909007.10217
-4.668435,2,1909132.13948
-4.672548,2,1909255.577757
-4.6686,2,1909386.503332
-4.669913,2,1909511.902945
-4.67098,2,1909638.168557
-4.669323,2,1909766.230993
-4.667013,2,1909892.465447
-4.66995,2,1910018.664521
-4.66901,2,1910145.827869
-4.672861,2,1910272.157536
-4.667111,2,1910398.696067
-4.670387,2,1910514.352984
-4.670719,2,1910643.164685
-4.671921,2,1910771.374426
-4.670408,2,1910897.813851
-4.669588,2,1911025.655545
-4.671262,2,1911154.04505
-4.671514,2,1911278.709692
-4.671128,2,1911404.759889
-4.670244,2,1911534.171816
-4.668618,2,1911657.589895
-4.663184,2,1911785.372577
-4.673289,2,1911907.935742
-4.670319,2,1912042.570423
-4.670845,2,1912167.224971
-4.665466,2,1912297.573571
-4.671437,2,1912469.119255
-4.669887,2,1912618.713456
-4.670742,2,1912765.37117
-4.668821,2,1912914.878126
-4.671272,2,1913061.676463
-4.670672,2,1913207.943297
-4.674381,2,1913344.504933
-4.670813,2,1913479.346711
-4.671254,2,1913631.203209
-4.670747,2,1913773.043656
-4.669914,2,1913951.110884
-4.668856,2,1914116.020556
-4.671143,2,1914223.18431
-4.667,2,1914357.492517
-4.889171,2,1914483.272648
-4.672624,2,1914610.706096
-4.672988,2,1914736.041029
-4.66655,2,1914863.400357
-4.666891,2,1914987.158503
-4.671173,2,1915113.747889
-4.669139,2,1915240.409881
-4.669849,2,1915370.175898
-4.673453,2,1915488.313573
-4.668791,2,1915620.461309
-4.670651,2,1915746.851097
-4.670602,2,1915873.518893
-4.670286,2,1916003.987302
-4.671785,2,1916132.650975
-4.671362,2,1916267.181677
-4.670665,2,1916401.86202
-4.670029,2,1916534.567443
-4.66993,2,1916665.963255
-4.670846,2,1916795.518916
-4.672281,2,1916930.249369
-4.670114,2,1917062.095331
-4.667112,2,1917193.448501
-4.670699,2,1917310.768811
-4.670326,2,1917446.131293
-4.670041,2,1917579.996922
-4.666923,2,1917714.270677
-4.669161,2,1917850.58418
-4.670349,2,1917985.205189
-4.670334,2,1918116.84075
-4.670828,2,1918248.327459
-4.669581,2,1918369.467649
-4.670673,2,1918500.363088
-4.66983,2,1918631.009742
-4.681235,2,1918759.043155
-4.67246,2,1918896.23138
-4.67086,2,1919025.205914
-4.678323,2,1919148.650543
-4.670542,2,1919293.584645
-4.670806,2,1919428.757732
-4.669963,2,1919559.426354
-4.667541,2,1919690.816893
-4.671166,2,1919826.094756
-4.665954,2,1919943.558758
-4.671737,2,1920072.219455
-4.670806,2,1920207.604625
-4.670325,2,1920340.998359
-4.670415,2,1920475.10636
-4.671468,2,1920607.942475
-4.67036,2,1920742.441333
-4.670595,2,1920872.871987
-4.670968,2,1921003.706204
-4.672983,2,1921134.480919
-4.67184,2,1921268.769482
-4.670308,2,1921399.31822
-4.670005,2,1921531.482591
-4.671242,2,1921659.863204
-4.672569,2,1921792.243172
-4.671513,2,1921921.211812
-4.670331,2,1922041.967869
-4.670453,2,1922169.89462
-4.67211,2,1922304.24586
-4.670839,2,1922434.412618
-4.669454,2,1922564.462643
-4.670882,2,1922693.396371
-4.670911,2,1922827.164202
-4.669479,2,1922954.852308
-4.669868,2,1923086.112938
-4.671068,2,1923217.37563
-4.668808,2,1923353.311837
-4.669359,2,1923485.573368
-4.671084,2,1923615.630774
-4.868636,2,1923756.094836
-4.672344,2,1923891.833637
-4.67168,2,1924026.799561
-4.665638,2,1924161.059494
-4.671938,2,1924281.384061
-4.669649,2,1924414.333403
-4.669314,2,1924549.816575
-4.671384,2,1924680.881979
-4.670934,2,1924816.557117
-4.665935,2,1924952.455825
-4.672632,2,1925089.363457
-4.67136,2,1925221.338459
-4.670975,2,1925353.507041
-4.668911,2,1925489.751652
-4.671106,2,1925622.00122
-4.668478,2,1925766.858958
-4.668888,2,1925902.534134
-4.671066,2,1926032.35256
-4.671254,2,1926165.910356
-4.670576,2,1926300.325835
-4.670625,2,1926432.187459
-4.669293,2,1926567.128513
-4.671528,2,1926690.739375
-4.670009,2,1926823.74155
-4.669894,2,1926961.515005
-4.670522,2,1927086.336837
-4.670726,2,1927220.368537
-4.669531,2,1927356.783546
-4.670519,2,1927488.574968
-4.671195,2,1927618.172346
-4.671175,2,1927750.933218
-4.671081,2,1927883.244773
-4.669756,2,1928019.384976
-4.67071,2,1928148.158916
-4.67076,2,1928282.432437
-4.671219,2,1928413.462674
-4.670574,2,1928545.923991
-4.670146,2,1928678.28493
-4.666072,2,1928814.911189
-4.669687,2,1928947.792025
-4.670403,2,1929058.321433
-4.671098,2,1929195.913064
-4.828989,2,1929332.675157
-4.674092,2,1929470.157257
-4.689443,2,1929602.514405
-4.672678,2,1929738.637102
-4.670056,2,1929876.506618
-4.671161,2,1930011.461244
-4.669421,2,1930146.323178
-4.671125,2,1930280.55108
-4.670337,2,1930403.63584
-4.670021,2,1930539.288942
-4.669251,2,1930674.47704
-4.671128,2,1930805.691252
-4.670309,2,1930939.380801
-4.670898,2,1931073.418107
-4.670352,2,1931210.148909
-4.668056,2,1931342.29076
-4.670904,2,1931481.781084
-4.670466,2,1931610.994207
-4.670498,2,1931752.023493
-4.669803,2,1931889.299718
-4.670526,2,1932024.81059
-4.67216,2,1932162.362214
-4.671071,2,1932299.06985
-4.669959,2,1932432.956692
-4.670899,2,1932560.230443
-4.671296,2,1932684.606528
-4.670782,2,1932822.090371
-4.824573,2,1932955.281131
-4.670215,2,1933092.424782
-4.670096,2,1933225.196718
-4.67274,2,1933359.867193
-4.670242,2,1933497.088351
-4.669931,2,1933629.669096
-4.672538,2,1933765.397792
-4.668849,2,1933896.916493
-4.670627,2,1934015.257583
-4.666996,2,1934150.752323
-4.668728,2,1934286.85161
-4.671073,2,1934419.686248
-4.670136,2,1934556.767222
-4.666048,2,1934693.843102
-4.671083,2,1934824.328972
-4.666239,2,1934960.851994
-4.666321,2,1935097.452445
-4.671146,2,1935232.375487
-4.671204,2,1935366.426122
-4.670232,2,1935503.966252
-4.670069,2,1935639.011456
-4.671451,2,1935750.230878
-4.670828,2,1935887.636883
-4.668384,2,1936023.329801
-4.70346,2,1936159.781892
-4.670991,2,1936294.385037
-4.667037,2,1936427.252199
-4.672266,2,1936563.845119
-4.670715,2,1936697.814593
-4.670833,2,1936834.126446
-4.673713,2,1936971.239666
-4.67126,2,1937104.866495
-4.670317,2,1937241.073926
-4.666799,2,1937375.930712
-4.665773,2,1937512.028581
-4.67068,2,1937645.477233
-4.672435,2,1937767.60801
-4.670853,2,1937893.642483
-4.670262,2,1938031.468687
-4.672553,2,1938164.398431
-4.6709,2,1938300.058559
-4.670009,2,1938433.701933
-4.671205,2,1938564.89965
-4.670606,2,1938702.589375
-4.67007,2,1938835.532583
-4.70134,2,1938971.721761
-4.670347,2,1939117.680846
-4.670774,2,1939250.277773
-4.671424,2,1939387.489669
-4.671039,2,1939523.495877
-4.668633,2,1939658.536547
-4.670581,2,1939766.198182
-4.667729,2,1939915.604949
-4.670628,2,1940052.396459
-4.671193,2,1940180.889517
-4.669901,2,1940318.737107
-4.671535,2,1940449.281408
-4.671741,2,1940589.223254
-4.670922,2,1940722.878068
-4.670084,2,1940859.030697
-4.669865,2,1940993.080991
-4.671476,2,1941125.308642
-4.666064,2,1941263.936729
-4.671035,2,1941400.502352
-4.67033,2,1941535.655622
-4.669232,2,1941671.086412
-4.66944,2,1941805.503188
-4.673784,2,1941940.499523
-4.675206,2,1942078.934522
-4.67069,2,1942208.11211
-4.666237,2,1942346.65808
-4.671111,2,1942448.398176
-4.670297,2,1942590.271523
-4.670057,2,1942727.201958
-4.669977,2,1942862.464932
-4.669991,2,1942993.878374
-4.669664,2,1943129.37381
-4.671386,2,1943256.492246
-4.671207,2,1943395.720785
-4.666565,2,1943535.977924
-4.668897,2,1943671.968818
-4.670781,2,1943805.228489
-4.673605,2,1943939.929521
-4.670284,2,1944076.311358
-4.671164,2,1944212.154082
-4.670602,2,1944348.535556
-4.672222,2,1944480.12223
-4.671362,2,1944618.733965
-4.670784,2,1944754.954114
-4.669638,2,1944895.151572
-4.66991,2,1944998.518504
-4.67113,2,1945135.382335
-4.670689,2,1945274.236884
-4.670921,2,1945411.788304
-4.670321,2,1945550.204807
-4.669418,2,1945684.336489
-4.670734,2,1945818.921382
-4.67011,2,1945956.467779
-4.671196,2,1946092.407808
-4.670209,2,1946225.644524
-4.670702,2,1946358.720514
-4.670449,2,1946496.819918
-4.669877,2,1946632.094911
-4.671091,2,1946764.639907
-4.67086,2,1946901.791842
-4.671209,2,1947007.199743
-4.670252,2,1947145.866948
-4.670346,2,1947281.944563
-4.670167,2,1947414.445475
-4.666264,2,1947549.911084
-4.669992,2,1947688.432804
-4.672528,2,1947824.667986
-4.670395,2,1947959.795223
-4.671244,2,1948095.946761
-4.670665,2,1948233.610901
-4.671548,2,1948368.224104
-4.668684,2,1948506.710276
-4.671155,2,1948641.123993
-4.670361,2,1948778.184044
-4.667432,2,1948915.312232
-4.668684,2,1949052.246615
-4.671141,2,1949189.765961
-4.669566,2,1949322.421725
-4.670389,2,1949461.204033
-4.671514,2,1949597.828984
-4.670325,2,1949733.147131
-4.671122,2,1949850.809674
-4.666104,2,1949970.690804
-4.673539,2,1950107.505511
-4.673179,2,1950242.87927
-4.670895,2,1950379.78549
-4.670179,2,1950511.50591
-4.670609,2,1950649.959491
-4.670437,2,1950785.083494
-4.669519,2,1950923.062199
-4.664353,2,1951062.629083
-4.671274,2,1951196.56209
-4.670158,2,1951333.029961
-4.674036,2,1951470.031759
-4.666924,2,1951606.710383
-4.66539,2,1951742.685596
-4.67026,2,1951877.174381
-4.671319,2,1952010.039647
-4.671151,2,1952147.734736
-4.66887,2,1952284.184341
-4.670272,2,1952418.769336
-4.669833,2,1952527.030475
-4.66689,2,1952663.259794
-4.68217,2,1952789.532283
-4.669964,2,1952935.411043
-4.675337,2,1953075.183314
-4.670361,2,1953211.972184
-4.671982,2,1953345.843395
-4.6729,2,1953476.240878
-4.671137,2,1953615.541162
-4.671948,2,1953754.258264
-4.675747,2,1953887.808761
-4.670748,2,1954023.900042
-4.670435,2,1954161.040123
-4.670879,2,1954295.850423
-4.666998,2,1954430.354605
-4.670753,2,1954564.301071
-4.671588,2,1954700.398308
-4.669461,2,1954839.965163
-4.669919,2,1954975.992609
-4.669759,2,1955106.656778
-4.670665,2,1955244.399678
-4.672492,2,1955376.187387
-4.666035,2,1955509.954788
-4.66952,2,1955643.699863
-4.673909,2,1955778.586186
-4.67026,2,1955915.138523
-4.671196,2,1956049.653185
-4.670951,2,1956182.932917
-4.673634,2,1956280.229053
-4.670655,2,1956423.419702
-4.66986,2,1956559.119713
-4.67007,2,1956693.784316
-4.668941,2,1956830.121446
-4.670044,2,1956965.637161
-4.670903,2,1957099.220888
-4.672074,2,1957234.697344
-4.672195,2,1957371.176549
-4.666221,2,1957508.66046
-4.66876,2,1957643.926013
-4.670855,2,1957780.121692
-4.669959,2,1957913.504616
-4.6675,2,1958049.194242
-4.667497,2,1958188.741146
-4.670883,2,1958322.720421
-4.671149,2,1958455.491028
-4.679814,2,1958576.740144
-4.670351,2,1958721.027262
-4.66857,2,1958856.793884
-4.672022,2,1958988.275873
-4.671315,2,1959123.556191
-4.671045,2,1959255.669773
-4.672172,2,1959389.826012
-4.671349,2,1959520.019226
-4.670036,2,1959657.330173
-4.670023,2,1959790.16118
-4.670668,2,1959925.954968
-4.668538,2,1960065.015108
-4.670428,2,1960197.064051
-4.671975,2,1960334.183763
-4.67105,2,1960470.122083
-4.669907,2,1960605.401326
-4.670676,2,1960741.035479
-4.670904,2,1960875.478505
-4.669318,2,1961014.0413
-4.672128,2,1961149.410039
-4.670858,2,1961285.223822
-4.670691,2,1961403.024578
-4.670737,2,1961523.814736
-4.670323,2,1961656.84796
-5.385222,2,1961788.737126
-4.671755,2,1961924.86323
-4.669218,2,1962059.046339
-4.667529,2,1962194.362098
-4.670669,2,1962327.722356
-4.670678,2,1962465.74669
-4.670124,2,1962598.753797
-4.667122,2,1962732.502131
-4.670199,2,1962864.452723
-4.667428,2,1963001.053609
-4.671153,2,1963128.99479
-4.672351,2,1963269.826338
-4.671073,2,1963405.408514
-4.670554,2,1963539.015442
-4.668393,2,1963671.580202
-4.666176,2,1963810.11244
-4.66367,2,1963943.644282
-4.669336,2,1964078.712245
-4.668738,2,1964216.116404
-4.669871,2,1964347.667096
-4.670856,2,1964484.093551
-4.672477,2,1964614.456439
-4.671096,2,1964753.173772
-4.669925,2,1964887.337217
-4.671653,2,1965019.165509
-4.669759,2,1965154.253763
-4.670931,2,1965288.726782
-4.668885,2,1965425.208587
-4.674199,2,1965568.320255
-4.671311,2,1965720.810046
-4.672408,2,1965874.861494
-4.671488,2,1966019.804535
-4.670775,2,1966173.042391
-4.671914,2,1966313.32091
-4.668343,2,1966469.871616
-4.670631,2,1966626.393492
-4.670107,2,1966811.256419
-4.669456,2,1966988.435435
-4.671691,2,1967124.361117
-4.670215,2,1967263.819757
-4.670426,2,1967396.43339
-4.672467,2,1967532.015644
-4.669374,2,1967669.868379
-4.670642,2,1967802.722939
-4.671469,2,1967940.228616
-4.67068,2,1968078.671351
-4.670271,2,1968213.364738
-4.671223,2,1968349.70851
-4.818644,2,1968486.88592
-4.672847,2,1968622.55215
-4.669667,2,1968757.486477
-4.671298,2,1968889.847912
-4.670087,2,1969028.439122
-4.671679,2,1969167.946223
-4.67028,2,1969300.843744
-4.666903,2,1969435.602754
-4.669948,2,1969572.073007
-4.66989,2,1969709.770236
-4.671629,2,1969844.132665
-4.671327,2,1969982.401516
-4.672912,2,1970118.275067
-4.671723,2,1970251.501069
-4.66966,2,1970389.542672
-4.672009,2,1970527.551576
-4.667016,2,1970663.090018
-4.669912,2,1970800.809556
-4.670685,2,1970892.83519
-4.664244,2,1971027.504912
-4.670514,2,1971161.138077
-4.670356,2,1971298.214692
-4.673337,2,1971435.207265
-4.671146,2,1971568.109296
-4.667122,2,1971708.642466
-4.670649,2,1971844.293941
-4.670872,2,1971979.755336
-4.669865,2,1972116.874158
-4.671237,2,1972246.521264
-4.67114,2,1972386.659687
-4.670876,2,1972521.553635
-4.670818,2,1972658.347135
-4.868086,2,1972794.772516
-4.66858,2,1972931.572408
-4.670337,2,1973066.03513
-4.67164,2,1973203.182298
-4.670183,2,1973338.529926
-4.670165,2,1973473.594277
-4.670584,2,1973610.094238
-4.666081,2,1973745.256763
-4.66998,2,1973877.566284
-4.670812,2,1974015.226367
-4.67212,2,1974148.010112
-4.671077,2,1974283.99434
-4.669857,2,1974419.925726
-4.670631,2,1974557.433261
-4.671211,2,1974693.139018
-4.670069,2,1974831.02212
-4.671542,2,1974969.777775
-4.67296,2,1975106.117321
-4.669179,2,1975239.975683
-4.671566,2,1975380.626149
-4.669888,2,1975517.08716
-4.666202,2,1975656.567321
-4.670776,2,1975793.409976
-4.669221,2,1975929.655545
-4.670606,2,1976067.661254
-4.671894,2,1976205.809337
-4.66982,2,1976344.531852
-4.668616,2,1976481.443937
-4.671082,2,1976620.04575
-4.672932,2,1976755.154415
-4.670866,2,1976887.910077
-4.668553,2,1977024.275626
-4.670165,2,1977162.646127
-4.671493,2,1977296.102655
-4.666037,2,1977388.166439
-4.670644,2,1977526.398227
-4.669489,2,1977663.319384
-4.67034,2,1977800.153231
-4.671855,2,1977938.720535
-4.672513,2,1978077.2753
-4.672867,2,1978213.764574
-4.670896,2,1978346.835494
-4.671076,2,1978482.873867
-4.667587,2,1978627.856616
-4.671785,2,1978763.674019
-4.671328,2,1978903.100803
-4.670616,2,1979041.452487
-4.669739,2,1979176.051139
-4.791424,2,1979313.396076
-4.671649,2,1979448.308042
-4.670873,2,1979587.176158
-4.67221,2,1979734.668312
-4.670588,2,1979871.805477
-4.668834,2,1980007.360169
-4.6701,2,1980142.161549
-4.671165,2,1980279.247584
-4.669929,2,1980417.348899
-4.668973,2,1980554.769186
-4.671638,2,1980691.693736
-4.669017,2,1980830.861911
-4.682539,2,1980912.502712
-4.671354,2,1981056.543591
-4.670748,2,1981195.144084
-4.672312,2,1981333.30235
-4.66941,2,1981475.608571
-4.670747,2,1981613.962199
-4.672135,2,1981747.232677
-4.668693,2,1981890.031164
-4.669411,2,1982024.540068
-4.667824,2,1982162.307483
-4.670386,2,1982305.347908
-4.672357,2,1982442.975255
-4.670258,2,1982579.667638
-4.670706,2,1982716.113136
-4.669618,2,1982850.999464
-4.669057,2,1982986.894225
-4.669569,2,1983127.916456
-4.670246,2,1983261.890255
-4.666251,2,1983398.609955
-4.669238,2,1983539.004036
-4.669935,2,1983680.846856
-4.666087,2,1983816.97792
-4.667213,2,1983952.667313
-4.670763,2,1984088.580451
-4.671189,2,1984225.071057
-4.672719,2,1984363.961232
-4.670877,2,1984500.176815
-4.6693,2,1984639.008396
-4.669345,2,1984770.822275
-4.670236,2,1984910.977742
-4.669373,2,1985045.216606
-4.665934,2,1985178.196993
-4.670073,2,1985318.414111
-4.671612,2,1985452.739936
-4.66946,2,1985591.223722
-4.669233,2,1985725.978626
-4.671525,2,1985863.081896
-4.872879,2,1985998.857634
-4.668993,2,1986136.032462
-4.672413,2,1986267.081803
-4.668951,2,1986407.580159
-4.670699,2,1986539.797518
-4.671208,2,1986678.515635
-4.670927,2,1986816.690838
-4.672189,2,1986949.743562
-4.670033,2,1987033.335791
-4.671779,2,1987177.138505
-4.675141,2,1987310.573555
-4.670139,2,1987449.09045
-4.669502,2,1987589.527389
-4.665894,2,1987729.771832
-4.672399,2,1987866.809659
-4.666144,2,1988004.402598
-4.671593,2,1988147.285646
-4.67207,2,1988282.994773
-4.668689,2,1988422.726457
-4.671522,2,1988561.280575
-4.666132,2,1988701.218492
-4.671255,2,1988832.942382
-4.672364,2,1988969.721092
-4.838576,2,1989110.817018
-4.671424,2,1989240.604553
-4.670793,2,1989388.349527
-4.669844,2,1989527.972284
-4.667201,2,1989663.475885
-4.669733,2,1989800.404482
-4.666454,2,1989937.221583
-4.671968,2,1990072.985858
-4.668879,2,1990213.085523
-4.665192,2,1990351.105003
-4.671139,2,1990487.637473
-4.671287,2,1990624.074753
-4.671171,2,1990759.042559
-4.672514,2,1990895.955391
-4.671171,2,1991031.869304
-4.670331,2,1991171.895854
-4.670157,2,1991309.287524
-4.666848,2,1991446.426944
-4.670197,2,1991582.823364
-4.666074,2,1991722.517791
-4.669465,2,1991861.661801
-4.670383,2,1992000.476404
-4.670838,2,1992135.721555
-4.67085,2,1992271.839006
-4.671568,2,1992410.840895
-4.675709,2,1992544.247325
-4.669624,2,1992680.93976
-4.671072,2,1992818.559752
-4.670248,2,1992952.531315
-4.669188,2,1993088.186213
-4.670358,2,1993224.331908
-4.670009,2,1993373.528441
-4.670785,2,1993488.221077
-4.670787,2,1993611.398059
-4.669764,2,1993752.051054
-4.669762,2,1993887.196572
-4.670818,2,1994025.295798
-4.67108,2,1994160.245172
-4.670322,2,1994300.142714
-4.671471,2,1994436.804326
-4.670689,2,1994574.066043
-4.671138,2,1994712.43503
-4.666962,2,1994853.355894
-4.669942,2,1994989.823547
-4.671168,2,1995124.079164
-4.671144,2,1995265.046139
-4.670715,2,1995400.98687
-4.670833,2,1995535.769698
-4.669043,2,1995672.754264
-4.671356,2,1995803.700454
-4.670209,2,1995942.389658
-4.669495,2,1996077.21792
-4.670699,2,1996208.072564
-4.670892,2,1996344.775919
-4.669926,2,1996475.163902
-4.671844,2,1996609.864146
-4.671456,2,1996744.670828
-4.670557,2,1996875.467751
-4.671059,2,1997011.007929
-4.669538,2,1997147.647536
-4.668357,2,1997284.520123
-4.670328,2,1997416.517968
-4.671532,2,1997553.281127
-4.670153,2,1997686.213516
-4.67051,2,1997821.408788
-4.670877,2,1997959.190807
-4.671186,2,1998092.956492
-4.671174,2,1998229.506038
-4.671958,2,1998362.257735
-4.670281,2,1998500.357493
-4.670879,2,1998635.940099
-4.666234,2,1998768.995005
-4.666605,2,1998909.224506
-4.670091,2,1999043.587746
-4.669369,2,1999181.233777
-4.670802,2,1999316.108312
-4.67354,2,1999453.762208
-4.671119,2,1999584.190848
-4.671375,2,1999723.980684
-4.667295,2,1999857.538451
-4.670538,2,1999996.542082
-4.668515,2,2000131.773904
-4.670514,2,2000265.345332
-4.670711,2,2000401.862812
-4.673454,2,2000530.263594
-4.67033,2,2000672.815425
-4.671913,2,2000806.662878
-4.669443,2,2000939.803417
-4.670231,2,2001077.093782
-4.67086,2,2001214.774116
-4.672048,2,2001348.753032
-4.670086,2,2001486.543998
-4.670055,2,2001622.081119
-4.670389,2,2001755.666439
-4.67047,2,2001891.088179
-4.670936,2,2002025.945204
-4.670955,2,2002161.22818
-4.666641,2,2002294.656834
-4.671404,2,2002432.325013
-4.672546,2,2002568.82603
-4.671176,2,2002701.101762
-4.671046,2,2002840.131102
-4.67225,2,2002973.401231
-4.669533,2,2003105.93728
-4.670024,2,2003239.426305
-4.67081,2,2003370.906508
-4.670549,2,2003504.879114
-4.669974,2,2003638.209736
-4.670296,2,2003772.145569
-4.671197,2,2003905.687887
-4.673227,2,2004040.732562
-4.868012,2,2004175.476215
-4.672621,2,2004310.836823
-4.669761,2,2004443.292699
-4.667412,2,2004577.571166
-4.671794,2,2004714.532302
-4.670127,2,2004846.95459
-4.671932,2,2004980.586814
-4.667645,2,2005115.37061
-4.670683,2,2005248.305645
-4.670125,2,2005380.843873
-4.670712,2,2005515.513469
-4.67046,2,2005646.881082
-4.669363,2,2005779.776788
-4.670954,2,2005912.494544
-4.672859,2,2006041.741889
-4.669784,2,2006183.390447
-4.669434,2,2006316.86074
-4.671156,2,2006453.618444
-4.671859,2,2006587.618223
-4.668597,2,2006720.449386
-4.695344,2,2006869.250211
-4.670231,2,2007001.804242
-4.669033,2,2007139.730876
-4.671344,2,2007272.473722
-4.667554,2,2007405.480283
-4.669964,2,2007540.298511
-4.67006,2,2007671.245921
-4.671481,2,2007806.617596
-4.672132,2,2007941.805805
-4.671199,2,2008074.970974
-4.668516,2,2008208.355208
-4.669491,2,2008339.870749
-4.672655,2,2008478.094373
-4.669538,2,2008610.563949
-4.669465,2,2008748.147117
-4.671887,2,2008875.681802
-4.670016,2,2009013.163096
-4.830809,2,2009143.488866
-4.670734,2,2009276.515271
-4.671616,2,2009410.141889
-4.66858,2,2009545.105958
-4.670431,2,2009679.868743
-4.668319,2,2009816.900408
-4.670298,2,2009951.06886
-4.669801,2,2010086.95875
-4.668043,2,2010223.503468
-4.67033,2,2010359.121667
-4.670295,2,2010494.498513
-4.671387,2,2010627.972029
-4.669434,2,2010765.127522
-4.671357,2,2010901.40024
-4.670456,2,2011036.159263
-4.670412,2,2011171.82429
-4.669748,2,2011308.340348
-4.669489,2,2011443.825763
-4.66632,2,2011578.942541
-4.670637,2,2011711.796516
-4.671844,2,2011843.652992
-4.669835,2,2011982.522699
-4.670292,2,2012117.960417
-4.666988,2,2012251.548747
-4.83055,2,2012384.405693
-4.67093,2,2012521.59911
-4.671158,2,2012654.939943
-4.670248,2,2012789.474126
-4.670836,2,2012922.995415
-4.668833,2,2013059.954063
-4.669559,2,2013191.467346
-4.675218,2,2013327.587166
-4.670946,2,2013413.119873
-4.66403,2,2013523.826054
-4.670873,2,2013659.083961
-4.670013,2,2013795.370503
-4.670232,2,2013928.634416
-4.673683,2,2014064.403811
-4.669995,2,2014196.867736
-4.669722,2,2014331.439733
-4.67025,2,2014465.024097
-4.668641,2,2014598.313465
-4.671186,2,2014732.899753
-4.669777,2,2014869.019239
-4.670875,2,2015005.266944
-4.671298,2,2015134.746602
-4.835462,2,2015273.028939
-4.670802,2,2015408.766049
-4.671453,2,2015544.310581
-4.671411,2,2015674.231383
-4.671665,2,2015812.752212
-4.670092,2,2015952.474252
-4.670698,2,2016086.408593
-4.666567,2,2016221.223567
-4.670059,2,2016355.241256
-4.669769,2,2016493.164512
-4.670148,2,2016629.826806
-4.666356,2,2016761.782251
-4.671743,2,2016896.018178
-4.872629,2,2017033.443429
-4.668748,2,2017166.005229
-4.670233,2,2017300.733125
-4.673983,2,2017435.582262
-4.671408,2,2017573.112552
-4.669026,2,2017705.011454
-4.670527,2,2017841.105566
-4.671329,2,2017977.057917
-4.670227,2,2018111.913515
-4.669771,2,2018249.101695
-4.669502,2,2018385.440991
-4.670884,2,2018520.197282
-4.669502,2,2018655.9774
-4.67,2,2018788.471187
-4.671614,2,2018926.212485
-4.670093,2,2019062.614514
-4.666175,2,2019195.09725
-4.669422,2,2019334.7753
-4.67153,2,2019467.607676
-4.669526,2,2019605.425288
-4.671761,2,2019739.764169
-4.669236,2,2019873.995811
-4.670769,2,2020009.216121
-4.670045,2,2020141.455625
-4.668898,2,2020291.355269
-4.670618,2,2020425.728135
-4.669979,2,2020564.088737
-4.674769,2,2020693.2849
-4.67012,2,2020835.977505
-4.670857,2,2020969.879692
-4.670146,2,2021107.109
-4.669427,2,2021239.802428
-4.670642,2,2021377.577224
-4.669647,2,2021512.946002
-4.668593,2,2021647.395305
-4.669601,2,2021783.194399
-4.669096,2,2021917.407451
-4.669843,2,2022053.319087
-4.668604,2,2022188.685632
-4.669445,2,2022320.711418
-4.666751,2,2022454.627631
-4.670724,2,2022590.890113
-4.67057,2,2022726.089437
-4.669205,2,2022861.285634
-4.671068,2,2022998.418114
-4.672306,2,2023133.064018
-4.669688,2,2023269.893094
-4.669599,2,2023405.945173
-4.670765,2,2023540.757506
-4.670899,2,2023679.244833
-4.668986,2,2023814.435046
-4.671621,2,2023950.554549
-4.672889,2,2024087.856426
-4.670216,2,2024240.670213
-4.670506,2,2024400.519557
-4.668413,2,2024558.477504
-4.669408,2,2024714.17527
-4.671937,2,2024862.124895
-4.670582,2,2025021.816849
-4.668656,2,2025176.412647
-4.670579,2,2025367.705577
-4.670314,2,2025546.949543
-4.669787,2,2025684.611902
-4.671046,2,2025823.478542
-4.670894,2,2025964.279653
-4.670233,2,2026104.434684
-4.672171,2,2026240.452231
-4.670866,2,2026376.404191
-4.669428,2,2026514.242568
-4.669781,2,2026592.237267
-4.670015,2,2026719.773601
-4.672415,2,2026860.471531
-4.671293,2,2026998.162292
-4.670817,2,2027136.733842
-4.668642,2,2027272.678437
-4.671188,2,2027415.194684
-4.683489,2,2027554.603013
-4.670756,2,2027691.454448
-4.670424,2,2027831.836675
-4.670375,2,2027969.033046
-4.666944,2,2028107.854488
-4.671067,2,2028244.453768
-4.668837,2,2028387.374891
-4.671401,2,2028522.823037
-4.666587,2,2028659.635505
-4.671261,2,2028799.402372
-4.669513,2,2028938.654362
-4.670384,2,2029076.163955
-4.668214,2,2029211.944484
-4.670782,2,2029349.657336
-4.671214,2,2029486.932894
-4.66659,2,2029627.725287
-4.670572,2,2029767.233531
-4.670278,2,2029904.444207
-4.669917,2,2030041.485236
-4.670889,2,2030177.673335
-4.666815,2,2030315.606596
-4.670425,2,2030450.21174
-4.669429,2,2030595.614387
-4.669974,2,2030731.715165
-4.670616,2,2030870.330713
-4.670763,2,2031009.60914
-4.670548,2,2031150.364494
-4.668712,2,2031289.676022
-4.670564,2,2031428.068831
-4.670002,2,2031566.321509
-4.666161,2,2031704.402649
-4.670757,2,2031840.881836
-4.670121,2,2031980.374826
-4.667877,2,2032118.891814
-4.670608,2,2032256.182243
-4.670557,2,2032396.563928
-4.671264,2,2032535.743327
-4.670457,2,2032672.539114
-4.670757,2,2032810.067589
-4.671255,2,2032947.214407
-4.670983,2,2033082.790914
-4.67061,2,2033216.607572
-4.670318,2,2033354.704595
-4.670921,2,2033491.659018
-4.670648,2,2033626.537189
-4.668727,2,2033764.853235
-4.675607,2,2033883.338008
-4.670108,2,2033955.433373
-4.669414,2,2034112.359302
-4.669408,2,2034249.827672
-4.671746,2,2034382.819335
-4.666336,2,2034522.521772
-4.670179,2,2034659.286982
-4.669516,2,2034793.970268
-4.668773,2,2034930.536673
-4.672755,2,2035067.748391
-4.66974,2,2035204.933649
-4.671161,2,2035341.031566
-4.666214,2,2035477.892687
-4.672603,2,2035615.718986
-4.670206,2,2035752.193443
-4.670496,2,2035887.25465
-4.669725,2,2036026.40731
-4.671026,2,2036160.798278
-4.67275,2,2036297.086926
-4.66953,2,2036432.60414
-4.670082,2,2036572.708042
-4.665499,2,2036709.832742
-4.877731,2,2036846.229855
-4.671011,2,2036980.75744
-4.671355,2,2037117.4072
-4.670501,2,2037255.689013
-4.669413,2,2037391.156973
-4.671862,2,2037526.000667
-4.671607,2,2037664.22934
-4.669422,2,2037798.167979
-4.667786,2,2037934.15039
-4.665652,2,2038069.60162
-4.670874,2,2038202.448075
-4.670907,2,2038339.797296
-4.671464,2,2038471.292548
-4.670482,2,2038611.91538
-4.669635,2,2038745.212247
-4.666903,2,2038883.788638
-4.668408,2,2039018.777552
-4.671901,2,2039158.746896
-4.667314,2,2039294.457068
-4.670179,2,2039428.376933
-4.670578,2,2039567.566036
-4.670775,2,2039704.884387
-4.668955,2,2039840.14298
-4.671307,2,2039974.573585
-4.671161,2,2040108.389797
-4.665928,2,2040244.499293
-4.67333,2,2040377.95796
-4.671245,2,2040512.016356
-4.669658,2,2040648.635881
-4.674017,2,2040781.144238
-4.669893,2,2040913.560237
-4.670997,2,2041048.481148
-4.671333,2,2041185.119015
-4.670164,2,2041319.372913
-4.67284,2,2041451.213987
-4.674812,2,2041586.146784
-4.671565,2,2041724.326547
-4.669781,2,2041861.732523
-4.670163,2,2041997.104803
-4.672666,2,2042127.577629
-4.670266,2,2042269.918558
-4.669915,2,2042405.884418
-4.667167,2,2042539.421396
-4.671551,2,2042674.978251
-4.669771,2,2042812.507833
-4.670374,2,2042948.362307
-4.669974,2,2043085.361237
-4.671045,2,2043221.987635
-4.666086,2,2043360.312138
-4.67152,2,2043501.18837
-4.670714,2,2043635.761802
-4.671168,2,2043700.363303
-4.670436,2,2043823.585635
-4.672275,2,2043963.515875
-4.670533,2,2044101.366231
-4.827231,2,2044238.762474
-4.670454,2,2044375.222925
-4.6712,2,2044510.213741
-4.669607,2,2044645.503369
-4.671029,2,2044781.772442
-4.673989,2,2044907.987425
-4.669919,2,2045054.010903
-4.668186,2,2045189.904746
-4.670364,2,2045326.915922
-4.669859,2,2045464.187084
-4.668511,2,2045599.438518
-4.666169,2,2045735.248693
-4.673825,2,2045871.662721
-4.670078,2,2046014.708561
-4.669467,2,2046151.007034
-4.671264,2,2046288.327826
-4.671101,2,2046424.187828
-4.670783,2,2046555.196944
-4.672285,2,2046692.939561
-4.671197,2,2046828.07637
-4.667831,2,2046967.436474
-4.670753,2,2047105.067164
-4.669581,2,2047239.984566
-4.667024,2,2047374.563047
-4.667949,2,2047510.904709
-4.670544,2,2047662.456052
-4.671732,2,2047803.177177
-4.671045,2,2047940.37374
-4.668161,2,2048077.872016
-4.668988,2,2048213.925512
-4.666185,2,2048353.902109
-4.6683,2,2048489.244378
-4.671116,2,2048625.487229
-4.670929,2,2048765.353076
-4.670068,2,2048901.925087
-4.67029,2,2049040.90275
-4.671564,2,2049177.185698
-4.670832,2,2049311.41632
-4.675086,2,2049450.910489
-4.667231,2,2049586.755695
-4.669019,2,2049723.861279
-4.682604,2,2049854.715451
-4.670109,2,2050001.346079
-4.667853,2,2050133.651696
-4.670676,2,2050272.931927
-4.669009,2,2050412.678168
-4.670886,2,2050549.407746
-4.669277,2,2050685.019253
-4.670793,2,2050820.67424
-4.669094,2,2050957.286813
-4.668971,2,2051094.208012
-4.670493,2,2051229.479725
-4.670173,2,2051365.589897
-4.669583,2,2051500.237037
-4.667837,2,2051638.472565
-4.6731,2,2051773.750428
-4.671056,2,2051908.235016
-4.670321,2,2052043.073805
-4.667641,2,2052177.389992
-4.670716,2,2052314.278285
-4.668659,2,2052452.777699
-4.669506,2,2052591.484728
-4.672318,2,2052726.143364
-4.670923,2,2052859.651929
-4.670901,2,2052998.024329
-4.669212,2,2053135.003478
-5.030176,2,2053273.433375
-4.671388,2,2053406.509891
-4.671197,2,2053545.877263
-4.66917,2,2053681.071357
-4.670756,2,2053817.113426
-4.665144,2,2053953.282525
-4.666022,2,2054090.979323
-4.670256,2,2054226.047383
-4.670002,2,2054362.230077
-4.671066,2,2054499.977037
-4.664919,2,2054634.518388
-4.670606,2,2054773.313416
-4.671042,2,2054907.364092
-4.670196,2,2055047.071279
-4.671302,2,2055184.384715
-4.670946,2,2055323.024772
-4.669828,2,2055458.972004
-4.669231,2,2055591.725347
-4.671141,2,2055730.3117
-4.671647,2,2055869.683334
-4.67098,2,2056005.263893
-4.669768,2,2056142.443144
-4.667984,2,2056284.148524
-4.671211,2,2056416.504144
-4.670633,2,2056554.900429
-4.670884,2,2056693.373729
-4.670987,2,2056833.606737
-4.670845,2,2056969.717804
-4.669294,2,2057106.809371
-4.67241,2,2057241.937906
-4.672433,2,2057378.945559
-4.671168,2,2057513.969175
-4.671232,2,2057655.123257
-4.673676,2,2057792.149412
-4.669265,2,2057930.277575
-4.671228,2,2058066.012669
-4.672318,2,2058200.358855
-4.669276,2,2058340.238512
-4.672272,2,2058473.85439
-4.666078,2,2058612.598505
-4.670509,2,2058744.763443
-4.664724,2,2058883.025908
-4.670822,2,2059020.407233
-4.665411,2,2059158.753492
-4.670382,2,2059294.080365
-4.669131,2,2059432.972382
-4.66608,2,2059569.589104
-4.670114,2,2059705.146356
-4.670712,2,2059842.095533
-4.668334,2,2059981.843227
-4.670921,2,2060116.862176
-4.670289,2,2060254.752954
-4.670522,2,2060391.462939
-4.669685,2,2060527.564129
-4.672456,2,2060666.594325
-4.669659,2,2060800.904971
-4.669582,2,2060935.860611
-4.670545,2,2061071.080034
-4.670994,2,2061202.208689
-4.662787,2,2061356.787897
-4.673193,2,2061492.404239
-4.67027,2,2061629.51542
-4.672156,2,2061763.952664
-4.672794,2,2061900.095978
-4.67038,2,2062014.420598
-4.672259,2,2062090.539798
-4.668896,2,2062156.660475
-4.670387,2,2062240.979452
-4.669852,2,2062338.908354
-4.670408,2,2062435.387381
-4.669335,2,2062530.502878
-4.66753,2,2062630.255127
-4.67018,2,2062726.655676
-4.666132,2,2062827.143368
-4.670385,2,2062927.219196
-4.671715,2,2063037.878289
-4.671106,2,2063151.366839
-4.667475,2,2063262.224586
-4.665996,2,2063379.882873
-4.66877,2,2063497.295136
-4.67033,2,2063609.995619
-4.67103,2,2063731.100477
-4.67132,2,2063852.544481
-4.667608,2,2063969.809042
-4.669054,2,2064099.095981
-4.669934,2,2064227.075607
-4.67027,2,2064313.931574
-4.670314,2,2064394.823375
-4.670242,2,2064463.623211
-4.67023,2,2064545.240125
-4.669072,2,2064621.341165
-4.670784,2,2064692.511899
-4.67033,2,2064767.219147
-4.669933,2,2064840.324684
-4.67017,2,2064913.32514
-4.661702,2,2064995.384664
-4.683629,2,2065072.905973
-4.670872,2,2065146.172765
-4.669928,2,2065227.776998
-4.669586,2,2065300.779288
-4.671601,2,2065380.57879
-4.670333,2,2065458.049461
-4.672912,2,2065537.101668
-4.671282,2,2065612.854044
-4.665512,2,2065685.069358
-4.670752,2,2065760.348498
-4.670336,2,2065840.78123
-4.670798,2,2065916.787103
-4.665859,2,2065996.510501
-4.670238,2,2066069.624567
-4.668608,2,2066142.983463
-4.668803,2,2066219.80728
-4.668772,2,2066301.557802
-4.670251,2,2066369.371039
-4.670055,2,2066436.478764
-4.672991,2,2066512.630689
-4.671278,2,2066590.08932
-4.668821,2,2066670.714277
-4.669746,2,2066743.257137
-4.668393,2,2066822.773164
-4.668874,2,2066898.631508
-4.669387,2,2066977.21408
-4.672489,2,2067056.514432
-4.670677,2,2067135.317439
-4.669878,2,2067212.244196
-4.670468,2,2067290.329031
-4.669452,2,2067371.267771
-4.671107,2,2067441.650126
-4.670008,2,2067522.080496
-4.669251,2,2067596.499487
-4.67107,2,2067674.492538
-4.670286,2,2067755.079002
-4.66787,2,2067826.98628
-4.670224,2,2067904.84792
-4.670032,2,2067986.107471
-4.668796,2,2068053.659505
-4.671049,2,2068134.230917
-4.672557,2,2068201.407798
-4.671558,2,2068275.665889
-4.670375,2,2068347.125184
-4.667142,2,2068422.746904
-4.670094,2,2068513.916764
-4.671354,2,2068611.168806
-4.670586,2,2068705.485075
-4.673175,2,2068815.690398
-4.669695,2,2068916.284974
-4.672379,2,2069014.500194
-4.672331,2,2069112.284056
-4.670987,2,2069218.337937
-4.669904,2,2069325.551908
-4.671431,2,2069432.398674
-4.670374,2,2069550.962703
-4.671002,2,2069669.585958
-4.664384,2,2069789.792929
-4.671034,2,2069906.985321
-4.671333,2,2070026.543696
-4.670117,2,2070132.929825
-4.669305,2,2070255.242437
-4.670415,2,2070373.367543
-4.67246,2,2070494.460991
-4.669509,2,2070617.328558
-4.670222,2,2070745.321745
-4.669456,2,2070868.513424
-4.667195,2,2070998.666664
-4.670965,2,2071113.816758
-4.669887,2,2071247.853297
-4.669179,2,2071379.622598
-4.666942,2,2071514.537236
-4.670246,2,2071650.207567
-4.670359,2,2071785.614877
-4.668893,2,2071920.786907
-4.670444,2,2072056.546739
-4.671166,2,2072189.956167
-4.673907,2,2072330.753794
-4.67109,2,2072463.004518
-4.669734,2,2072598.516787
-4.669915,2,2072735.817247
-4.671871,2,2072872.374471
-4.671469,2,2073012.342376
-4.670217,2,2073151.29075
-4.670792,2,2073290.204866
-4.666173,2,2073426.164721
-4.679782,2,2073558.234678
-4.683536,2,2073703.211927
-4.670013,2,2073839.158062
-4.668541,2,2073981.483663
-4.671145,2,2074118.172013
-4.669176,2,2074261.900764
-4.66946,2,2074400.395016
-4.672266,2,2074543.014601
-4.669687,2,2074683.415201
-4.668726,2,2074827.723972
-4.670239,2,2074966.807028
-4.668473,2,2075107.03621
-4.670314,2,2075253.915377
-4.67,2,2075393.922586
-4.672154,2,2075493.159947
-4.670284,2,2075564.900348
-4.674049,2,2075642.71751
-4.672288,2,2075727.376667
-4.670941,2,2075803.714995
-4.6648,2,2075888.821881
-4.87459,2,2075970.382291
-4.669927,2,2076050.704972
-4.672228,2,2076126.867762
-4.67117,2,2076204.731716
-4.670735,2,2076290.393835
-4.672163,2,2076364.336132
-4.668614,2,2076439.070399
-4.669598,2,2076518.135581
-4.669802,2,2076597.152587
-4.671797,2,2076684.911642
-4.672715,2,2076769.32748
-4.671187,2,2076849.957866
-4.671168,2,2076922.845193
-4.672228,2,2077009.865511
-4.829727,2,2077084.95274
-4.670253,2,2077165.099013
-4.671103,2,2077251.395564
-4.672043,2,2077329.001418
-4.673922,2,2077404.881777
-4.671641,2,2077494.437476
-4.671422,2,2077570.468429
-4.670659,2,2077647.281918
-4.670233,2,2077724.707378
-4.669738,2,2077813.69406
-4.672522,2,2077895.725932
-4.670895,2,2077977.814584
-4.666083,2,2078056.698952
-4.669371,2,2078138.499263
-4.666144,2,2078222.25377
-4.670113,2,2078300.761963
-4.670345,2,2078384.682621
-4.670935,2,2078465.127287
-4.670089,2,2078543.875084
-4.670479,2,2078629.221723
-4.669597,2,2078704.765651
-4.669889,2,2078791.334236
-4.671095,2,2078867.399447
-4.670845,2,2078946.754143
-4.665784,2,2079029.56707
-4.709716,2,2079096.495323
-4.666506,2,2079185.873645
-4.67023,2,2079255.857787
-4.670721,2,2079338.77769
-4.666992,2,2079414.119724
-4.670071,2,2079512.780927
-4.67111,2,2079612.786424
-4.666074,2,2079716.966595
-4.67054,2,2079816.328418
-4.672244,2,2079921.592625
-4.671771,2,2080024.721086
-4.665936,2,2080123.091056
-4.670361,2,2080226.046077
-4.669148,2,2080327.285291
-4.670114,2,2080429.764914
-4.669644,2,2080552.692568
-4.673476,2,2080666.54669
-4.670877,2,2080784.224914
-4.670721,2,2080906.137248
-4.671344,2,2081029.623876
-4.66875,2,2081151.768185
-4.671601,2,2081276.562329
-4.667128,2,2081403.330556
-4.670125,2,2081529.76287
-4.670873,2,2081662.693587
-4.67011,2,2081792.641906
-4.669648,2,2081924.333613
-4.670613,2,2082053.517404
-4.670252,2,2082171.525246
-4.670914,2,2082245.230967
-4.669997,2,2082325.464885
-4.669856,2,2082406.595155
-4.671036,2,2082482.394647
-4.670482,2,2082563.879384
-4.672513,2,2082642.374696
-4.669459,2,2082717.208436
-4.670376,2,2082792.075778
-4.670096,2,2082882.056118
-4.669769,2,2082962.495191
-4.666205,2,2083038.146485
-4.670814,2,2083110.694619
-4.6708,2,2083184.508767
-4.670976,2,2083268.886569
-4.669334,2,2083343.643013
-4.671214,2,2083421.648029
-4.670292,2,2083497.428094
-4.67131,2,2083579.489857
-4.669985,2,2083654.249368
-4.672478,2,2083731.978777
-4.671653,2,2083805.585124
-4.666001,2,2083884.086008
-4.669687,2,2083962.367503
-4.677008,2,2084030.225263
-4.671237,2,2084115.430403
-4.670521,2,2084201.84729
-4.669947,2,2084280.288318
-4.672249,2,2084361.954166
-4.67063,2,2084434.397684
-4.670408,2,2084518.149213
-4.669867,2,2084592.781935
-4.666923,2,2084677.140026
-4.672589,2,2084752.877977
-4.670617,2,2084836.826279
-4.671575,2,2084910.987776
-4.670597,2,2084992.767539
-4.862768,2,2085063.1328
-4.670241,2,2085145.966086
-4.669615,2,2085223.837443
-4.670514,2,2085300.842695
-4.671127,2,2085376.160748
-4.671525,2,2085456.325361
-4.668773,2,2085535.476441
-4.672082,2,2085614.614831
-4.671328,2,2085690.980047
-4.669174,2,2085768.644329
-4.670898,2,2085845.878757
-4.673149,2,2085922.286117
-4.671237,2,2086000.22902
-4.670042,2,2086080.379847
-4.670103,2,2086156.231603
-4.672757,2,2086252.361424
-4.670196,2,2086355.479516
-4.670193,2,2086456.993636
-4.668994,2,2086560.511677
-4.671146,2,2086661.721681
-4.671127,2,2086768.393097
-4.669952,2,2086869.417885
-4.670353,2,2086970.271914
-4.670704,2,2087077.521806
-4.669764,2,2087188.480107
-4.669601,2,2087304.440922
-4.670915,2,2087410.146541
-4.668912,2,2087515.481182
-4.670813,2,2087634.144021
-4.671092,2,2087753.819094
-4.672461,2,2087873.929964
-4.670902,2,2087994.752734
-4.669829,2,2088110.080342
-4.672782,2,2088236.562842
-4.669314,2,2088361.78365
-4.670065,2,2088486.018479
-4.670798,2,2088588.124296
-4.667733,2,2088667.603251
-4.672078,2,2088767.838122
-4.670214,2,2088885.689138
-4.670161,2,2089012.184754
-4.67491,2,2089126.178583
-4.670434,2,2089202.402332
-4.669971,2,2089315.573449
-4.669926,2,2089394.720195
-4.692397,2,2089469.782682
-4.66661,2,2089551.866631
-4.671456,2,2089635.079208
-4.670587,2,2089718.660863
-4.670271,2,2089797.929386
-4.671548,2,2089873.089364
-4.66613,2,2089952.989483
-4.669817,2,2090030.434358
-4.67047,2,2090118.464156
-4.670224,2,2090194.549567
-4.671604,2,2090277.904329
-4.673665,2,2090357.83308
-4.673559,2,2090434.792606
-4.670754,2,2090507.440708
-4.670473,2,2090580.390067
-4.672334,2,2090722.196855
-4.672209,2,2090835.25475
-4.669008,2,2090941.874066
-4.67104,2,2091015.691334
-4.670582,2,2091093.105725
-4.669346,2,2091178.237628
-4.670687,2,2091252.381743
-4.671226,2,2091324.420594
-4.672332,2,2091406.898957
-4.671531,2,2091482.242881
-4.670521,2,2091562.018757
-4.669832,2,2091642.220694
-4.669804,2,2091720.811422
-4.671221,2,2091799.558459
-4.668693,2,2091876.536659
-4.673343,2,2091952.782006
-4.668645,2,2092037.757567
-4.671437,2,2092108.398406
-4.669849,2,2092194.11063
-4.669161,2,2092275.317105
-4.670054,2,2092357.942585
-4.669483,2,2092428.742689
-4.670791,2,2092512.565299
-4.669795,2,2092586.14234
-4.670863,2,2092666.554002
-4.670014,2,2092740.227536
-4.671273,2,2092851.721407
-4.670478,2,2092935.862712
-4.667873,2,2093013.874637
-4.672014,2,2093091.70952
-4.669322,2,2093166.423356
-4.672061,2,2093246.337796
-4.669724,2,2093323.053906
-4.669573,2,2093401.764013
-4.670692,2,2093479.549347
-4.669991,2,2093559.581739
-4.672289,2,2093667.062956
-4.66986,2,2093767.306504
-4.671524,2,2093874.69518
-4.668726,2,2093973.782231
-4.671951,2,2094068.826119
-4.670596,2,2094175.298665
-4.671225,2,2094270.71611
-4.671142,2,2094373.459136
-4.670057,2,2094479.470943
-4.670545,2,2094550.654283
-4.670141,2,2094617.736317
-4.665005,2,2094735.966475
-4.670343,2,2094845.327414
-4.670807,2,2094962.661261
-4.667217,2,2095076.420407
-4.670639,2,2095192.785329
-4.672193,2,2095308.917927
-4.671198,2,2095427.566034
-4.669757,2,2095543.487641
-4.66913,2,2095669.52256
-4.669728,2,2095789.955615
-4.671409,2,2095915.911581
-4.669818,2,2096042.673352
-4.669936,2,2096158.402968
-4.674347,2,2096283.807193
-4.670191,2,2096415.153514
-4.670307,2,2096549.589736
-4.666082,2,2096681.496085
-4.67055,2,2096765.6694
-4.673457,2,2096839.243748
-4.670266,2,2096920.129313
-4.670617,2,2097000.258976
-4.666077,2,2097071.792017
-4.673443,2,2097153.389089
-4.670906,2,2097233.702806
-4.6647,2,2097308.219246
-4.670914,2,2097385.611098
-4.6695,2,2097465.809029
-4.67127,2,2097545.753728
-4.670312,2,2097630.04588
-5.109868,2,2097708.519095
-4.671533,2,2097792.697864
-4.666682,2,2097866.87059
-4.67035,2,2097945.27269
-4.665479,2,2098025.870538
-4.670399,2,2098098.871135
-4.668763,2,2098175.893505
-4.668598,2,2098246.926317
-4.674956,2,2098317.732771
-4.670232,2,2098404.650956
-4.669593,2,2098472.525933
-4.669421,2,2098554.912276
-4.669049,2,2098635.156253
-4.670765,2,2098713.503827
-4.670328,2,2098790.567854
-4.673151,2,2098866.15804
-4.670281,2,2098945.027479
-4.669616,2,2099024.98682
-4.67217,2,2099101.651431
-4.670144,2,2099175.252964
-4.670031,2,2099252.233235
-4.670586,2,2099331.604369
-4.670417,2,2099407.080467
-4.670077,2,2099489.814607
-4.671139,2,2099562.309403
-4.875634,2,2099640.120927
-4.670165,2,2099723.949303
-4.670837,2,2099794.662434
-4.670205,2,2099879.438028
-4.671547,2,2099961.403514
-4.669478,2,2100050.741856
-4.669371,2,2100129.987683
-4.668906,2,2100207.421919
-4.671073,2,2100281.654335
-4.670436,2,2100361.768581
-4.670856,2,2100440.361899
-4.670362,2,2100518.169481
-4.669539,2,2100596.246226
-4.669537,2,2100672.679775
-4.670245,2,2100743.832873
-4.671101,2,2100823.010166
-4.668975,2,2100908.217377
-4.67039,2,2100984.136098
-4.669839,2,2101062.910801
-4.669952,2,2101136.384281
-4.667849,2,2101215.074657
-4.670331,2,2101288.736232
-4.670886,2,2101395.297421
-4.669921,2,2101482.792718
-4.669211,2,2101557.318051
-4.669978,2,2101634.158939
-4.671335,2,2101723.669326
-4.66852,2,2101825.389513
-4.671208,2,2101925.747735
-4.670642,2,2102020.918686
-4.670255,2,2102120.982343
-4.82505,2,2102221.964971
-4.669632,2,2102322.806946
-4.669265,2,2102418.013388
-4.671839,2,2102527.551373
-4.668602,2,2102634.658974
-4.670963,2,2102744.606872
-4.66868,2,2102863.359566
-4.666293,2,2102978.325578
-4.670675,2,2103099.406832
-4.666282,2,2103219.368374
-4.668942,2,2103315.696469
-4.671173,2,2103437.424397
-4.67031,2,2103555.318054
-4.670849,2,2103674.497797
-4.670056,2,2103798.048821
-4.669217,2,2103921.394342
-4.669133,2,2104041.803304
-4.670866,2,2104160.221334
-4.670258,2,2104279.735358
-4.670584,2,2104397.643793
-4.672558,2,2104527.097033
-4.670251,2,2104652.306659
-4.671348,2,2104777.835374
-4.669874,2,2104910.635687
-4.670158,2,2105040.980581
-4.67299,2,2105175.692094
-4.667004,2,2105307.82226
-4.66866,2,2105437.560435
-4.66959,2,2105564.366231
-4.66527,2,2105695.146559
-4.667837,2,2105832.597619
-4.668829,2,2105965.204615
-4.671006,2,2106099.725565
-4.666249,2,2106232.027969
-4.670024,2,2106360.461506
-4.670352,2,2106497.942881
-4.666363,2,2106631.367155
-4.671161,2,2106769.538702
-4.670496,2,2106903.361593
-4.671357,2,2107040.339184
-4.672733,2,2107176.687485
-4.670106,2,2107313.054692
-4.671433,2,2107450.143841
-4.672308,2,2107584.892353
-4.673553,2,2107724.164219
-4.674829,2,2107860.322541
-4.670476,2,2107996.62769
-4.669895,2,2108130.716505
-4.671298,2,2108262.597515
-4.669972,2,2108371.703313
-4.668841,2,2108510.038239
-4.670069,2,2108645.475571
-4.671918,2,2108781.97455
-4.671201,2,2108920.302034
-4.669432,2,2109058.077007
-4.6701,2,2109194.151675
-4.669844,2,2109324.179566
-4.670674,2,2109463.587289
-4.671796,2,2109602.47662
-4.669887,2,2109734.191796
-4.671039,2,2109878.313064
-4.670042,2,2110033.127518
-4.670551,2,2110173.063996
-4.671155,2,2110308.149319
-4.670734,2,2110446.577084
-4.669753,2,2110587.999111
-4.667613,2,2110727.082254
-4.667604,2,2110863.668426
-4.67327,2,2111007.645675
-4.681082,2,2111151.501184
-4.67076,2,2111289.312433
-4.669747,2,2111427.255664
-4.672936,2,2111566.894029
-4.669938,2,2111706.797744
-4.670587,2,2111847.826687
-4.670154,2,2111983.808549
-4.666206,2,2112129.218084
-4.670442,2,2112267.677236
-4.67005,2,2112412.990352
-4.67153,2,2112555.858528
-4.671432,2,2112695.960479
-4.670209,2,2112834.509312
-4.670766,2,2112966.994968
-4.670596,2,2113109.982773
-4.670649,2,2113249.443419
-4.669138,2,2113388.600726
-4.671153,2,2113527.329019
-4.669444,2,2113664.851397
-4.671222,2,2113807.646792
-4.6706,2,2113948.67057
-4.670756,2,2114088.962183
-4.670311,2,2114228.548285
-4.669601,2,2114370.773798
-4.672798,2,2114511.267724
-4.671223,2,2114640.712029
-4.67171,2,2114783.828263
-4.666867,2,2114923.445189
-4.668645,2,2115060.696702
-4.670153,2,2115205.121814
-4.671033,2,2115342.638678
-4.671694,2,2115484.450703
-4.669736,2,2115626.204559
-4.670761,2,2115770.125093
-4.666715,2,2115910.389173
-4.67036,2,2116047.742178
-4.671031,2,2116186.536555
-4.670953,2,2116327.334089
-4.669893,2,2116460.507936
-4.670978,2,2116597.532391
-4.672176,2,2116740.038092
-4.670674,2,2116879.01769
-4.669856,2,2117024.679288
-4.669871,2,2117162.259931
-4.668011,2,2117292.917313
-4.669214,2,2117441.626753
-4.66976,2,2117578.643327
-4.671627,2,2117716.749607
-4.66985,2,2117858.505437
-4.670879,2,2118000.80968
-4.66993,2,2118136.469255
-4.67047,2,2118276.922967
-4.669735,2,2118413.080365
-4.671771,2,2118552.207357
-4.671089,2,2118689.664663
-4.672337,2,2118837.10691
-4.670703,2,2118977.92262
-4.669939,2,2119116.337637
-4.670332,2,2119224.037552
-4.670087,2,2119374.694433
-4.670018,2,2119513.889962
-4.670563,2,2119651.619752
-4.670064,2,2119779.468714
-4.668054,2,2119913.580853
-4.840383,2,2120054.528004
-4.670976,2,2120194.07288
-4.670363,2,2120330.745894
-4.670843,2,2120472.738884
-4.670774,2,2120612.252197
-4.677613,2,2120749.358226
-4.669645,2,2120885.820577
-4.669745,2,2121027.710355
-4.669027,2,2121172.019239
-4.670959,2,2121311.235333
-4.670093,2,2121439.393183
-4.670161,2,2121582.615082
-4.670608,2,2121724.148005
-4.67093,2,2121868.081687
-4.671577,2,2122010.368712
-4.67075,2,2122151.660713
-4.67057,2,2122274.361681
-4.673619,2,2122423.897831
-4.671559,2,2122571.332819
-4.667553,2,2122711.594697
-4.67094,2,2122846.207483
-4.670847,2,2122984.605942
-4.669825,2,2123130.809458
-4.671573,2,2123273.700482
-4.672635,2,2123415.315547
-4.669922,2,2123550.183368
-4.671336,2,2123689.63458
-4.670881,2,2123834.404956
-4.670157,2,2123992.228342
-4.669164,2,2124133.979187
-4.671135,2,2124275.302103
-4.669942,2,2124410.041985
-4.668779,2,2124546.017413
-4.6709,2,2124687.220119
-4.670564,2,2124825.859256
-4.67033,2,2124966.687137
-4.668686,2,2125106.210626
-4.67094,2,2125231.80412
-4.669967,2,2125373.435081
-4.672422,2,2125512.705484
-4.671109,2,2125655.380389
-4.670313,2,2125799.032284
-4.666009,2,2125939.89313
-4.671116,2,2126079.816372
-4.670714,2,2126198.717052
-4.666994,2,2126347.739825
-4.675474,2,2126488.198198
-4.6708,2,2126630.82449
-4.671171,2,2126772.37247
-4.67037,2,2126914.068193
-4.671766,2,2127055.660391
-4.670364,2,2127172.444456
-4.672528,2,2127323.862307
-4.664305,2,2127466.032534
-4.67103,2,2127606.283813
-4.669389,2,2127745.030229
-4.675733,2,2127878.716408
-4.670685,2,2128027.055226
-4.674626,2,2128155.894304
-4.670011,2,2128302.09738
-4.671164,2,2128445.206792
-4.667252,2,2128585.089702
-4.670653,2,2128721.810883
-4.671533,2,2128865.823257
-4.669984,2,2128991.793692
-4.67067,2,2129135.159544
-4.670811,2,2129274.283314
-4.670012,2,2129422.993658
-4.670873,2,2129563.372245
-4.669241,2,2129705.701463
-4.669878,2,2129845.665781
-4.669844,2,2129992.197175
-4.670703,2,2130133.74139
-4.670356,2,2130274.014357
-4.666554,2,2130402.075663
-4.669668,2,2130544.470951
-4.669771,2,2130681.509437
-4.670717,2,2130823.401773
-4.669312,2,2130966.055649
-4.670778,2,2131111.339265
-4.670786,2,2131253.890278
-4.669871,2,2131395.93943
-4.67237,2,2131536.964835
-4.670722,2,2131680.374937
-4.666088,2,2131804.347484
-4.670475,2,2131948.276507
-4.671065,2,2132088.514131
-4.670841,2,2132229.689595
-4.672237,2,2132372.624021
-4.666208,2,2132515.405433
-4.670331,2,2132655.785391
-4.838164,2,2132798.643968
-4.669514,2,2132920.324064
-4.670143,2,2133060.56856
-4.666079,2,2133205.514838
-4.668784,2,2133346.410829
-4.670349,2,2133489.870457
-4.670344,2,2133627.822756
-4.671589,2,2133767.742493
-4.671495,2,2133910.587692
-4.666863,2,2134050.51074
-4.669244,2,2134161.751375
-4.671604,2,2134304.661054
-4.670033,2,2134445.068006
-4.669201,2,2134581.807506
-4.670756,2,2134719.777339
-4.669874,2,2134857.159407
-4.670753,2,2134993.591079
-4.666909,2,2135132.492892
-4.669992,2,2135273.879481
-4.670257,2,2135415.52038
-4.670305,2,2135526.926371
-4.664726,2,2135667.037872
-4.670296,2,2135738.136012
-4.670844,2,2135813.821401
-4.67119,2,2135879.97761
-4.670629,2,2135956.670005
-4.666061,2,2136041.651635
-4.672083,2,2136121.730972
-4.671357,2,2136198.489623
-4.66988,2,2136273.771968
-4.6707,2,2136345.239166
-4.670878,2,2136425.37528
-4.670774,2,2136499.743924
-4.670305,2,2136579.938575
-4.670247,2,2136649.343585
-4.68376,2,2136728.601829
-4.670603,2,2136817.397984
-4.670038,2,2136899.752211
-4.669461,2,2136973.974077
-4.669606,2,2137052.153908
-4.670866,2,2137120.63435
-4.67007,2,2137207.254698
-4.670572,2,2137283.004396
-4.668674,2,2137358.483655
-4.67191,2,2137434.73434
-4.670743,2,2137514.294505
-4.667843,2,2137588.687382
-4.668037,2,2137670.791277
-4.670856,2,2137743.294273
-4.668683,2,2137812.577653
-4.668394,2,2137891.816825
-4.668941,2,2137967.373249
-4.669813,2,2138039.17047
-4.671163,2,2138119.486643
-4.670431,2,2138185.96614
-4.670245,2,2138264.507077
-4.669518,2,2138348.211087
-4.669901,2,2138423.626593
-4.670749,2,2138505.148893
-4.670061,2,2138575.298038
-4.668698,2,2138654.891048
-4.67037,2,2138722.515722
-4.66946,2,2138808.089553
-4.669883,2,2138882.831199
-4.670276,2,2138953.637336
-4.670338,2,2139033.995801
-4.670832,2,2139120.659747
-4.881167,2,2139189.543528
-4.669845,2,2139259.949593
-4.683396,2,2139336.894123
-4.670386,2,2139440.107048
-4.67118,2,2139545.212312
-4.66927,2,2139655.922943
-4.668446,2,2139769.640162
-4.670354,2,2139888.180104
-4.670122,2,2140015.456033
-4.67032,2,2140132.925277
-4.674162,2,2140258.228203
-4.669533,2,2140383.736014
-4.67084,2,2140509.415619
-4.670716,2,2140635.860873
-4.671271,2,2140762.569682
-4.669787,2,2140885.785003
-4.670338,2,2141013.253584
-4.666225,2,2141142.197215
-4.672859,2,2141273.643608
-4.666868,2,2141404.048312
-4.670953,2,2141535.334831
-4.671136,2,2141662.399794
-4.670385,2,2141799.592889
-4.670348,2,2141934.826995
-4.670266,2,2142068.619105
-4.668515,2,2142203.013463
-4.672241,2,2142336.623336
-4.669609,2,2142475.848482
-4.670406,2,2142572.791084
-4.67071,2,2142644.175067
-4.671471,2,2142713.685716
-4.669022,2,2142797.033428
-4.670702,2,2142871.609843
-4.670833,2,2142952.724596
-4.671496,2,2143028.269492
-4.672506,2,2143095.826124
-4.66995,2,2143181.495395
-4.670663,2,2143254.828645
-4.669519,2,2143331.791126
-4.669788,2,2143407.008564
-4.666337,2,2143483.132718
-4.669407,2,2143568.927902
-4.671861,2,2143644.86664
-4.668719,2,2143722.624642
-4.673084,2,2143797.653869
-4.668878,2,2143881.186131
-4.66952,2,2143958.319158
-4.874932,2,2144030.166395
-4.672209,2,2144109.034842
-4.670776,2,2144183.447505
-4.671572,2,2144257.12855
-4.673878,2,2144332.462023
-4.670744,2,2144405.359313
-4.670346,2,2144481.396528
-4.672706,2,2144557.647919
-4.671202,2,2144633.967295
-4.669938,2,2144707.514584
-4.671203,2,2144788.970242
-4.669554,2,2144858.225605
-4.669507,2,2144937.280624
-4.66936,2,2145014.042765
-4.669484,2,2145087.622469
-4.672077,2,2145166.467473
-4.669808,2,2145238.7832
-4.670026,2,2145317.089444
-4.670567,2,2145400.929324
-4.669354,2,2145468.490206
-4.671513,2,2145540.760161
-4.669406,2,2145616.713524
-4.667423,2,2145689.803
-4.672068,2,2145764.479492
-4.670607,2,2145869.472715
-4.670406,2,2145967.427005
-4.670473,2,2146065.893945
-4.670693,2,2146168.248482
-4.670544,2,2146263.235233
-4.672209,2,2146367.231698
-4.670478,2,2146473.395147
-4.668875,2,2146573.556505
-4.669814,2,2146671.150749
-4.672103,2,2146782.278913
-4.670825,2,2146903.085064
-4.670239,2,2147021.4248
-4.67089,2,2147141.552549
-4.67456,2,2147265.424054
-4.669852,2,2147389.793139
-4.67171,2,2147508.335225
-4.669252,2,2147641.122315
-4.670502,2,2147766.551415
-4.67103,2,2147897.763363
-4.670737,2,2148024.598849
-4.668107,2,2148154.256641
-4.671063,2,2148285.641733
-4.669513,2,2148415.14591
-4.670324,2,2148544.753419
-4.671044,2,2148674.977468
-4.669305,2,2148807.049379
-4.671311,2,2148939.763039
-4.669745,2,2149059.313548
-4.670242,2,2149128.618121
-4.66989,2,2149202.402064
-4.668661,2,2149281.63302
-4.67018,2,2149366.75956
-4.674452,2,2149436.314224
-4.671856,2,2149511.100654
-4.671829,2,2149588.58961
-4.67032,2,2149664.862999
-4.667848,2,2149734.849277
-4.671397,2,2149811.93682
-4.669818,2,2149900.856633
-4.669212,2,2149978.297775
-4.669364,2,2150052.164163
-4.671177,2,2150128.111659
-4.670526,2,2150199.967798
-4.669457,2,2150271.767627
-4.67082,2,2150353.483266
-4.668683,2,2150434.283931
-4.668575,2,2150506.226047
-4.67022,2,2150576.155262
-4.668936,2,2150653.129242
-4.822125,2,2150724.880875
-4.666937,2,2150796.286618
-4.671377,2,2150870.43253
-4.669619,2,2150953.334211
-4.672849,2,2151024.547178
-4.671171,2,2151100.970823
-4.671926,2,2151173.795744
-4.670258,2,2151249.747033
-4.670247,2,2151327.01383
-4.669967,2,2151398.30033
-4.671693,2,2151476.656012
-4.671485,2,2151559.153108
-4.670213,2,2151629.429583
-4.671821,2,2151696.317048
-4.6703,2,2151775.029094
-4.670588,2,2151844.99208
-4.671008,2,2151920.93872
-4.671009,2,2151995.04858
-4.670817,2,2152071.095494
-4.670407,2,2152142.212367
-4.673097,2,2152217.532414
-4.671166,2,2152292.376593
-4.670416,2,2152367.556085
-4.669996,2,2152441.593137
-4.671276,2,2152508.627347
-4.673202,2,2152592.342243
-4.671389,2,2152666.54064
-4.66707,2,2152748.117402
-4.67023,2,2152822.601339
-4.668713,2,2152894.925491
-4.669662,2,2152972.281694
-4.670275,2,2153047.536124
-4.666594,2,2153118.834368
-4.67154,2,2153192.900763
-4.671274,2,2153275.007135
-4.674736,2,2153344.199007
-4.67033,2,2153436.443263
-4.671222,2,2153535.212362
-4.669965,2,2153644.875507
-4.669516,2,2153745.557627
-4.671021,2,2153858.549584
-4.670793,2,2153973.593758
-4.669047,2,2154090.388291
-4.6698,2,2154205.833965
-4.671493,2,2154313.945028
-4.667644,2,2154420.079307
-4.669923,2,2154536.064612
-4.67139,2,2154653.791819
-4.671253,2,2154768.162938
-4.67243,2,2154877.243883
-4.670047,2,2155001.646164
-4.66966,2,2155120.830066
-4.668989,2,2155241.391235
-4.668963,2,2155359.642329
-4.669661,2,2155479.953255
-4.669154,2,2155605.448566
-4.672265,2,2155727.910963
-4.66956,2,2155851.610474
-4.671825,2,2155977.958983
-4.669911,2,2156102.060758
-4.66902,2,2156230.338217
-4.672793,2,2156358.743101
-4.67119,2,2156487.379513
-4.669005,2,2156613.926569
-4.666958,2,2156742.808515
-4.670587,2,2156870.090687
-4.671575,2,2156999.482367
-4.669342,2,2157130.189567
-4.67084,2,2157264.161057
-4.670446,2,2157393.753577
-4.671346,2,2157525.420074
-4.669296,2,2157660.013908
-4.671209,2,2157793.334478
-4.671872,2,2157928.944076
-4.668778,2,2158060.857516
-4.670073,2,2158196.807579
-4.670353,2,2158326.852238
-4.667119,2,2158463.791528
-4.672827,2,2158595.855575
-4.669259,2,2158730.402492
-4.673135,2,2158864.940979
-4.671663,2,2158999.953001
-4.669034,2,2159131.181931
-4.669447,2,2159266.716124
-4.671458,2,2159402.985288
-4.66943,2,2159535.0709
-4.670354,2,2159666.03211
-4.669688,2,2159797.785973
-4.670061,2,2159928.305135
-4.669742,2,2160061.962354
-4.671149,2,2160194.975696
-4.670143,2,2160329.644222
-4.671152,2,2160460.316106
-4.671282,2,2160594.860284
-4.670118,2,2160727.322316
-4.66935,2,2160859.985069
-4.670979,2,2160995.460652
-4.739605,2,2161130.165413
-4.671076,2,2161268.603364
-4.670055,2,2161407.527022
-4.668646,2,2161542.370675
-4.669538,2,2161675.54488
-4.669952,2,2161811.082151
-4.668162,2,2161948.355083
-4.67047,2,2162081.192557
-4.671417,2,2162218.172475
-4.670825,2,2162351.859972
-4.669738,2,2162486.048107
-4.67077,2,2162625.63369
-4.669735,2,2162759.6951
-4.668464,2,2162897.76814
-4.669813,2,2163031.076639
-4.670347,2,2163168.711859
-4.884009,2,2163306.028416
-4.671528,2,2163437.29108
-4.670875,2,2163570.669352
-4.670361,2,2163709.25374
-4.671155,2,2163843.477303
-4.66913,2,2163977.841689
-4.668734,2,2164113.219141
-4.66991,2,2164247.949593
-4.668915,2,2164385.803445
-4.671284,2,2164523.438595
-4.670825,2,2164651.591352
-4.671071,2,2164791.303153
-4.673536,2,2164921.360524
-4.831383,2,2165065.946878
-4.669605,2,2165201.088248
-4.66871,2,2165340.559727
-4.670815,2,2165479.334728
-4.669987,2,2165619.255258
-4.669388,2,2165753.537601
-4.667318,2,2165892.735665
-4.670617,2,2166028.726415
-4.671429,2,2166164.211369
-4.805743,2,2166301.296617
-4.670493,2,2166436.286508
-4.670325,2,2166573.166488
-4.666081,2,2166713.530742
-4.669785,2,2166849.749583
-4.672307,2,2166990.421179
-4.671541,2,2167122.22263
-4.671347,2,2167258.472049
-4.669886,2,2167400.006007
-4.669154,2,2167538.391593
-4.671636,2,2167677.787848
-4.670191,2,2167816.773415
-4.669478,2,2167949.510462
-4.669478,2,2168090.055871
-4.671373,2,2168225.350763
-4.669137,2,2168381.517325
-4.669061,2,2168516.79442
-4.668913,2,2168655.684877
-4.839391,2,2168787.208417
-4.670472,2,2168923.916462
-4.66584,2,2169066.936338
-4.671902,2,2169208.423017
-4.670119,2,2169349.0904
-4.669358,2,2169477.361615
-4.668176,2,2169619.688393
-4.671107,2,2169760.398671
-4.672031,2,2169898.796034
-4.670901,2,2170037.699377
-4.670323,2,2170175.067102
-4.670487,2,2170314.232391
-4.671174,2,2170455.432383
-4.670254,2,2170592.841052
-4.670284,2,2170717.736754
-4.670923,2,2170855.794089
-4.66724,2,2170993.647757
-4.670276,2,2171131.160276
-4.669963,2,2171267.391803
-4.670932,2,2171407.115574
-4.670312,2,2171545.761816
-4.671023,2,2171684.274554
-4.669855,2,2171819.563623
-4.671035,2,2171955.055954
-4.669492,2,2172090.737365
-4.671403,2,2172227.913597
-4.668657,2,2172353.783789
-4.671896,2,2172500.841514
-4.670299,2,2172641.873408
-4.669617,2,2172782.528619
-4.671509,2,2172924.918847
-4.668687,2,2173065.577759
-4.671454,2,2173206.264206
-4.667138,2,2173348.394609
-4.671307,2,2173488.149997
-4.669946,2,2173626.455894
-4.670069,2,2173765.67292
-4.673667,2,2173903.889148
-4.66652,2,2174044.316672
-4.671414,2,2174179.102081
-4.670197,2,2174318.869699
-4.670042,2,2174457.568176
-4.670452,2,2174582.20152
-4.671307,2,2174720.123429
-4.671296,2,2174859.436923
-4.670339,2,2174994.288049
-4.670469,2,2175130.547447
-4.667869,2,2175268.239222
-4.669448,2,2175406.191564
-4.669355,2,2175544.080879
-4.671421,2,2175681.89414
-4.671152,2,2175820.009534
-4.66954,2,2175961.059396
-4.668767,2,2176082.052674
-4.666321,2,2176228.906207
-4.669859,2,2176367.162539
-4.675724,2,2176501.682733
-4.666576,2,2176643.537444
-4.670791,2,2176782.004908
-4.668826,2,2176921.872314
-4.669955,2,2177061.193196
-4.683425,2,2177193.313869
-4.674488,2,2177326.71357
-4.667316,2,2177468.112177
-4.667278,2,2177608.552828
-4.667371,2,2177747.609526
-4.669722,2,2177887.013399
-4.669426,2,2178024.657017
-4.668477,2,2178166.405852
-4.668891,2,2178306.119893
-4.670742,2,2178447.463777
-4.670185,2,2178587.627388
-4.671068,2,2178707.710602
-4.670013,2,2178848.35942
-4.669466,2,2178985.9656
-4.666717,2,2179125.508596
-4.670064,2,2179265.562085
-4.669229,2,2179405.225792
-4.668873,2,2179544.175415
-4.671551,2,2179681.946761
-4.671517,2,2179819.495549
-4.669887,2,2179958.380418
-4.670806,2,2180080.681748
-4.681527,2,2180220.305543
-4.672112,2,2180354.592187
-4.670121,2,2180493.8758
-4.670425,2,2180631.398441
-4.670901,2,2180772.085502
-4.670963,2,2180908.898018
-4.671523,2,2181046.192122
-4.672251,2,2181187.745681
-4.670067,2,2181323.214524
-4.669274,2,2181464.107106
-4.669263,2,2181601.404209
-4.670132,2,2181737.333576
-4.671376,2,2181879.447343
-4.670211,2,2182021.117087
-4.669922,2,2182173.727762
-4.670611,2,2182314.167901
-4.667589,2,2182452.161842
-4.67071,2,2182592.59188
-4.669032,2,2182726.504218
-4.670223,2,2182867.869048
-4.67012,2,2183006.352148
-4.669984,2,2183143.192847
-4.671085,2,2183282.071052
-4.670281,2,2183401.112713
-4.671695,2,2183546.262329
-4.668892,2,2183685.602045
-4.669155,2,2183824.159236
-4.671644,2,2183959.760092
-4.667,2,2184099.799051
-4.669173,2,2184239.00858
-4.668891,2,2184379.698071
-4.670401,2,2184519.421948
-4.6703,2,2184655.637951
-4.670698,2,2184791.973333
-4.670983,2,2184933.935881
-4.670447,2,2185056.751739
-4.669517,2,2185196.964334
-4.667185,2,2185333.550153
-4.670199,2,2185471.604953
-4.669261,2,2185609.291815
-4.670852,2,2185748.788427
-4.669986,2,2185884.580658
-4.66984,2,2186026.110762
-4.669816,2,2186164.223008
-4.669084,2,2186301.17533
-4.675867,2,2186437.760062
-4.671131,2,2186585.395106
-4.669719,2,2186724.582899
-4.670376,2,2186862.300247
-4.669183,2,2187002.647631
-4.67063,2,2187140.647802
-4.670358,2,2187282.19309
-4.671352,2,2187421.493989
-4.66863,2,2187563.68849
-4.670242,2,2187703.774964
-4.670497,2,2187844.622574
-4.666001,2,2187957.363824
-4.669851,2,2188099.484641
-4.671628,2,2188239.934234
-4.669961,2,2188376.239565
-4.671289,2,2188518.960853
-4.670291,2,2188661.124124
-4.672532,2,2188799.387597
-4.668688,2,2188937.241185
-5.144122,2,2189073.988613
-4.670243,2,2189216.384449
-4.67991,2,2189346.225986
-4.672264,2,2189492.512916
-4.672446,2,2189632.610576
-4.666312,2,2189772.968805
-4.668811,2,2189912.593699
-4.671067,2,2190052.815696
-4.670253,2,2190191.286059
-4.669911,2,2190332.791898
-4.669444,2,2190473.493877
-4.670886,2,2190615.672918
-4.67143,2,2190757.582342
-4.672344,2,2190898.649924
-4.671155,2,2191038.613987
-4.669805,2,2191179.008827
-4.669584,2,2191315.112834
-4.668434,2,2191456.387141
-4.67,2,2191598.361265
-4.875068,2,2191737.558475
-4.671438,2,2191876.600809
-4.670751,2,2192018.537301
-4.668335,2,2192157.799989
-4.672181,2,2192290.846254
-4.668594,2,2192413.355335
-4.671166,2,2192552.495092
-4.668036,2,2192689.99566
-4.669983,2,2192826.596199
-4.67376,2,2192956.887588
-4.669354,2,2193103.906791
-4.670551,2,2193243.85816
-4.671286,2,2193381.668004
-4.672233,2,2193521.368041
-4.670575,2,2193660.942654
-4.670378,2,2193799.995328
-4.672104,2,2193938.348378
-4.670549,2,2194075.502226
-4.668998,2,2194212.804268
-4.670864,2,2194349.613
-4.666196,2,2194486.491646
-4.669278,2,2194624.37872
-4.67819,2,2194754.769779
-4.670813,2,2194900.73108
-4.671009,2,2195035.493542
-4.670298,2,2195172.987875
-4.670212,2,2195310.50047
-4.6715,2,2195449.541963
-4.67072,2,2195586.199397
-4.670636,2,2195724.909548
-4.671004,2,2195861.289177
-4.672656,2,2196012.719785
-4.672817,2,2196150.270035
-4.670769,2,2196286.249032
-4.671276,2,2196424.501996
-4.669444,2,2196563.066025
-4.671311,2,2196700.888327
-4.671135,2,2196840.311305
-4.666473,2,2196981.330259
-4.670719,2,2197119.903509
-4.671398,2,2197258.726218
-4.670838,2,2197398.36082
-4.67068,2,2197537.399788
-4.667365,2,2197675.254476
-4.670541,2,2197814.647907
-4.670203,2,2197955.001578
-4.672867,2,2198092.05894
-4.671158,2,2198230.994803
-4.671071,2,2198370.816204
-4.669741,2,2198510.817292
-4.670726,2,2198649.010048
-4.671155,2,2198785.617893
-4.672061,2,2198928.854256
-4.666696,2,2199066.052172
-4.671824,2,2199206.100396
-4.668855,2,2199345.074592
-4.669264,2,2199483.865174
-4.670561,2,2199623.617823
-4.67197,2,2199762.808678
-4.670837,2,2199895.61653
-4.67039,2,2200039.860133
-4.670715,2,2200176.887965
-4.67062,2,2200312.63483
-4.66999,2,2200452.085633
-4.671302,2,2200589.237116
-4.668567,2,2200726.418638
-4.670407,2,2200864.665665
-4.668735,2,2201001.235744
-4.669489,2,2201136.464396
-4.670617,2,2201275.49595
-4.671216,2,2201413.601675
-4.668933,2,2201554.010019
-4.671534,2,2201690.832546
-4.669917,2,2201828.63154
-4.669845,2,2201965.244318
-4.670719,2,2202104.043578
-4.670104,2,2202241.956542
-4.669601,2,2202377.881302
-4.669457,2,2202512.616012
-4.670826,2,2202650.154088
-4.670389,2,2202788.692735
-4.671204,2,2202924.315652
-4.670565,2,2203062.705345
-4.679044,2,2203202.048966
-4.671425,2,2203338.943828
-4.671705,2,2203474.6308
-4.667059,2,2203610.098113
-4.668651,2,2203748.084486
-4.670351,2,2203885.907051
-4.67114,2,2204024.391445
-4.671201,2,2204161.707541
-4.668651,2,2204262.659689
-4.6711,2,2204403.738429
-4.668471,2,2204540.799359
-4.671971,2,2204679.893183
-4.670573,2,2204817.281137
-4.670799,2,2204953.526154
-4.670223,2,2205092.760398
-4.67224,2,2205232.577954
-4.669669,2,2205369.16948
-4.672443,2,2205503.797282
-4.671124,2,2205645.8561
-4.670177,2,2205768.494578
-4.671446,2,2205842.192708
-4.670568,2,2205915.62
-4.824355,2,2205991.515312
-4.668967,2,2206070.389463
-4.670388,2,2206148.158279
-4.669992,2,2206224.979297
-4.670469,2,2206294.386048
-4.670202,2,2206381.145456
-4.670835,2,2206456.709203
-4.671356,2,2206533.111645
-4.668421,2,2206608.299308
-4.671807,2,2206692.218143
-4.668871,2,2206767.950804
-4.670037,2,2206844.969784
-4.670611,2,2206928.693539
-4.669464,2,2206997.366596
-4.669325,2,2207075.177571
-4.669468,2,2207155.719423
-4.672259,2,2207232.360401
-4.668713,2,2207304.555927
-4.669831,2,2207386.296395
-4.663918,2,2207465.143384
-4.666379,2,2207533.342776
-4.67081,2,2207607.539268
-4.670917,2,2207683.808455
-4.669716,2,2207764.296356
-4.669918,2,2207843.614917
-4.670715,2,2207922.363341
-4.670112,2,2208004.761987
-4.668652,2,2208080.437606
-4.669968,2,2208157.978565
-4.671916,2,2208234.34803
-4.671345,2,2208315.681703
-4.671648,2,2208387.87807
-4.666919,2,2208458.361442
-4.67151,2,2208539.971128
-4.669966,2,2208608.68887
-4.669953,2,2208692.845567
-4.666169,2,2208767.879855
-4.670744,2,2208845.51659
-4.667902,2,2208925.834846
-4.670952,2,2209003.951052
-4.670199,2,2209084.394857
-4.670681,2,2209163.834421
-4.66611,2,2209241.32257
-4.670165,2,2209308.256466
-4.668583,2,2209396.54178
-4.671208,2,2209472.475504
-4.669031,2,2209545.446634
-4.669445,2,2209626.079366
-4.669807,2,2209700.908145
-4.672193,2,2209770.109578
-4.670145,2,2209846.615408
-4.670325,2,2209930.556724
-4.670383,2,2210029.088605
-4.669617,2,2210127.553195
-4.668903,2,2210222.282823
-4.672087,2,2210316.852745
-4.670476,2,2210414.633152
-4.670828,2,2210511.828893
-4.670934,2,2210605.486418
-4.673766,2,2210707.740048
-4.669427,2,2210803.282964
-4.670858,2,2210909.007379
-4.670988,2,2211021.411752
-4.669628,2,2211137.493569
-4.669892,2,2211256.828495
-4.675612,2,2211380.172122
-4.670844,2,2211494.147452
-4.670374,2,2211613.614634
-4.669533,2,2211733.09608
-4.671077,2,2211850.962169
-4.669928,2,2211970.666301
-4.67066,2,2212090.308266
-4.67095,2,2212214.039486
-4.669865,2,2212334.599039
-4.672251,2,2212455.022221
-4.67123,2,2212582.747977
-4.669969,2,2212706.814483
-4.670066,2,2212831.641171
-4.671046,2,2212958.442543
-4.671329,2,2213084.561272
-4.669277,2,2213214.778166
-4.670381,2,2213338.120943
-4.670428,2,2213464.958553
-4.669053,2,2213594.190178
-4.672198,2,2213724.633717
-4.669053,2,2213853.154432
-4.671217,2,2213982.121762
-4.671212,2,2214114.154229
-4.669606,2,2214242.36386
-4.671419,2,2214371.218474
-4.671119,2,2214507.020098
-4.670015,2,2214638.539348
-4.670998,2,2214770.948997
-4.670515,2,2214905.323382
-4.670254,2,2215039.452716
-4.66993,2,2215173.324936
-4.6721,2,2215311.515152
-4.673196,2,2215440.566493
-4.67104,2,2215576.846291
-4.838808,2,2215714.003442
-4.670996,2,2215848.906225
-4.670647,2,2215984.958233
-4.670439,2,2216116.633122
-4.66951,2,2216254.128451
-4.671159,2,2216388.967425
-4.670552,2,2216522.05382
-4.670626,2,2216653.77405
-4.667112,2,2216792.774912
-4.674943,2,2216927.079893
-4.670087,2,2217064.94908
-4.670257,2,2217197.407803
-4.670178,2,2217333.336748
-4.670109,2,2217465.658014
-4.671315,2,2217605.58656
-4.670119,2,2217744.292087
-4.671255,2,2217874.27028
-4.671887,2,2218012.040122
-4.669932,2,2218150.656091
-4.671663,2,2218283.793548
-4.669723,2,2218422.98998
-4.669853,2,2218556.999057
-4.67002,2,2218691.309729
-4.669266,2,2218828.945549
-4.668148,2,2218963.893325
-4.671169,2,2219098.826058
-4.669329,2,2219236.487773
-4.667288,2,2219386.720193
-4.670334,2,2219523.929735
-4.671277,2,2219655.325341
-4.671751,2,2219796.61457
-4.66858,2,2219933.017058
-4.671488,2,2220070.633065
-4.667985,2,2220207.660207
-4.67057,2,2220342.628509
-4.669388,2,2220480.323614
-4.67146,2,2220619.933293
-4.671186,2,2220756.131879
-4.671017,2,2220889.45943
-4.669691,2,2221028.519525
-4.670859,2,2221165.504408
-4.677975,2,2221299.708032
-4.670869,2,2221435.120756
-4.671215,2,2221571.036592
-4.674227,2,2221711.643222
-4.670384,2,2221850.30692
-4.67349,2,2221984.743014
-4.669789,2,2222121.112331
-4.670344,2,2222260.35155
-4.670268,2,2222401.712402
-4.670878,2,2222538.254094
-4.670787,2,2222680.84592
-4.670616,2,2222806.208869
-4.671385,2,2222949.289718
-4.667753,2,2223084.638369
-4.670039,2,2223222.865148
-4.671163,2,2223351.345158
-4.668438,2,2223487.086991
-4.669388,2,2223629.496756
-4.670262,2,2223768.464511
-4.67071,2,2223900.744771
-4.666871,2,2224037.126242
-4.669601,2,2224179.1613
-4.67115,2,2224309.506575
-4.670923,2,2224400.432217
-4.670304,2,2224473.250167
-4.669388,2,2224547.102508
-4.671002,2,2224625.507727
-4.672742,2,2224692.77738
-4.668482,2,2224777.589035
-4.670648,2,2224849.101183
-4.669354,2,2224921.841064
-4.669516,2,2225019.38815
-4.66948,2,2225088.317112
-4.670927,2,2225166.603433
-4.673381,2,2225244.795715
-4.762162,2,2225318.20739
-4.671617,2,2225394.184771
-4.669917,2,2225481.717619
-4.670083,2,2225556.851577
-4.670303,2,2225627.815219
-4.669888,2,2225705.873986
-4.671009,2,2225770.684968
-4.674098,2,2225851.883797
-4.672135,2,2225927.761273
-4.672783,2,2226007.440002
-4.670702,2,2226079.277487
-4.668579,2,2226155.117284
-4.6704,2,2226232.774268
-4.672436,2,2226311.607653
-4.669411,2,2226383.808804
-4.668617,2,2226461.541281
-4.671714,2,2226543.555992
-4.823749,2,2226617.603803
-4.671784,2,2226695.812481
-4.669012,2,2226771.835716
-4.671176,2,2226846.793811
-4.670962,2,2226925.68647
-4.670636,2,2226998.900783
-4.67384,2,2227071.828599
-4.671684,2,2227153.178643
-4.671424,2,2227227.354175
-4.670493,2,2227299.706575
-4.669855,2,2227371.579658
-4.673992,2,2227449.677676
-4.671231,2,2227516.222293
-4.669478,2,2227594.285276
-4.665986,2,2227662.100241
-4.67003,2,2227744.543125
-4.670302,2,2227819.76599
-4.669047,2,2227900.247244
-4.668977,2,2227971.134078
-4.666063,2,2228047.779178
-4.67242,2,2228121.936521
-4.67019,2,2228195.079439
-4.671147,2,2228297.705934
-4.669674,2,2228406.321192
-4.670418,2,2228507.508628
-4.669121,2,2228621.743503
-4.668839,2,2228739.763107
-4.669077,2,2228853.759775
-4.670343,2,2228978.594974
-4.670734,2,2229099.147106
-4.670321,2,2229224.500484
-4.669894,2,2229346.033452
-4.670322,2,2229467.10541
-4.671095,2,2229595.436269
-4.670354,2,2229734.279642
-4.66826,2,2229857.803602
-4.669857,2,2229984.495911
-4.671099,2,2230114.118226
-4.668838,2,2230243.002311
-4.67048,2,2230370.170039
-4.671234,2,2230501.173057
-4.669719,2,2230631.441596
-4.670493,2,2230760.32331
-4.670573,2,2230893.121646
-4.665531,2,2231024.836897
-4.672212,2,2231154.912573
-4.671159,2,2231284.873492
-4.669591,2,2231350.70429
-4.670812,2,2231427.077368
-4.671835,2,2231496.915461
-4.669905,2,2231578.662655
-4.670352,2,2231651.397156
-4.672493,2,2231729.019926
-4.673299,2,2231800.548058
-4.668643,2,2231874.052358
-4.671756,2,2231943.580513
-4.670311,2,2232015.317615
-4.670347,2,2232098.212295
-4.670751,2,2232168.309059
-4.669847,2,2232248.205342
-4.670485,2,2232320.614056
-4.670282,2,2232390.350795
-4.669577,2,2232464.604812
-4.670036,2,2232530.262023
-4.670356,2,2232602.650909
-4.670792,2,2232679.43873
-4.670474,2,2232755.730403
-4.670063,2,2232820.425325
-4.670124,2,2232897.80923
-4.669527,2,2232974.557534
-4.67315,2,2233054.648357
-4.670816,2,2233123.384739
-4.670364,2,2233194.170809
-4.670352,2,2233275.90706
-4.6717,2,2233347.587944
-4.669888,2,2233419.338871
-4.668996,2,2233494.888052
-4.66971,2,2233568.164115
-4.670346,2,2233652.710692
-4.670193,2,2233728.695213
-4.669923,2,2233802.793424
-4.670263,2,2233887.180789
-4.669793,2,2233953.932214
-4.671906,2,2234026.545976
-4.669636,2,2234095.383466
-4.671097,2,2234178.651243
-4.670599,2,2234246.862951
-4.671322,2,2234321.302057
-4.670053,2,2234398.002178
-4.670958,2,2234466.404903
-4.672018,2,2234538.824726
-4.670303,2,2234612.151554
-4.671834,2,2234680.415911
-4.671597,2,2234760.421552
-4.673485,2,2234836.939927
-4.670106,2,2234913.399637
-4.66996,2,2235011.000532
-4.670851,2,2235107.627545
-4.669967,2,2235217.539962
-4.669443,2,2235320.533638
-4.669978,2,2235417.481786
-4.670912,2,2235523.466686
-4.670804,2,2235623.103041
-4.670893,2,2235726.707306
-4.670016,2,2235829.487606
-4.669803,2,2235941.854582
-4.66865,2,2236057.26419
-4.669544,2,2236177.176025
-4.66931,2,2236303.030371
-4.670874,2,2236427.227558
-4.671244,2,2236553.917922
-4.670168,2,2236672.948435
-4.670799,2,2236795.740936
-4.670579,2,2236926.931191
-4.670262,2,2237050.615344
-4.670967,2,2237170.839028
-4.6712,2,2237289.309927
-4.671302,2,2237410.364775
-4.67237,2,2237529.197424
-4.669301,2,2237650.325245
-4.67149,2,2237772.190627
-4.67076,2,2237892.117049
-4.670781,2,2238022.730212
-4.670635,2,2238149.696244
-4.66995,2,2238281.40892
-4.670273,2,2238412.457151
-4.666639,2,2238547.166958
-4.669397,2,2238678.640789
-4.670996,2,2238813.34294
-4.666096,2,2238943.955817
-4.670932,2,2239071.604027
-4.67031,2,2239205.624748
-4.670225,2,2239342.72247
-4.669881,2,2239478.485121
-4.670714,2,2239624.52161
-4.665918,2,2239760.287409
-4.670075,2,2239894.785823
-4.670802,2,2240030.060686
-4.670192,2,2240169.820169
-4.670199,2,2240306.512667
-4.670248,2,2240442.692353
-4.670263,2,2240582.721646
-4.67057,2,2240721.803626
-4.670672,2,2240862.441465
-4.670342,2,2241003.61515
-4.669184,2,2241142.938785
-4.674094,2,2241281.788483
-4.670315,2,2241420.015781
-4.67088,2,2241562.515838
-4.670958,2,2241703.288685
-4.669508,2,2241846.664861
-4.670541,2,2241985.26539
-4.670812,2,2242128.058962
-4.670444,2,2242272.146996
-4.670964,2,2242410.569028
-4.669182,2,2242548.368184
-4.67142,2,2242693.551163
-4.669362,2,2242833.838473
-4.672024,2,2242970.377405
-4.671792,2,2243110.249573
-4.669955,2,2243245.439016
-4.670328,2,2243386.815938
-4.825712,2,2243527.885248
-4.670144,2,2243672.432176
-4.668711,2,2243815.224863
-4.670225,2,2243951.07464
-4.672491,2,2244095.480773
-4.670717,2,2244239.31021
-4.669757,2,2244383.363722
-4.6712,2,2244516.53287
-4.671101,2,2244662.531847
-4.66929,2,2244805.68552
-4.67037,2,2244947.662987
-4.671256,2,2245092.88497
-4.669017,2,2245228.276819
-4.670082,2,2245370.795482
-4.675429,2,2245507.846612
-4.672129,2,2245658.927498
-4.670336,2,2245802.405433
-4.673687,2,2245947.723065
-4.669315,2,2246085.010632
-4.669839,2,2246225.274097
-4.668727,2,2246369.559231
-4.670263,2,2246508.510067
-4.671711,2,2246648.012151
-4.669687,2,2246788.813092
-4.67078,2,2246930.766393
-4.674242,2,2247073.078764
-4.67178,2,2247218.055244
-4.669994,2,2247350.668877
-4.670856,2,2247495.004017
-4.668432,2,2247637.595458
-4.673454,2,2247777.629288
-4.670173,2,2247917.631071
-4.669068,2,2248057.729736
-4.669883,2,2248201.797523
-4.668982,2,2248341.016749
-4.670232,2,2248475.634624
-4.670074,2,2248616.571916
-4.668949,2,2248759.857974
-4.670978,2,2248899.808429
-4.668617,2,2249040.508432
-4.670893,2,2249182.380198
-4.669901,2,2249321.528548
-4.670483,2,2249463.053944
-4.669392,2,2249604.311906
-4.670002,2,2249745.531079
-4.669251,2,2249876.358742
-4.666241,2,2249949.328977
-4.669151,2,2250030.3337
-4.667939,2,2250104.582467
-4.669608,2,2250192.904831
-4.671384,2,2250269.446583
-4.665775,2,2250350.534379
-4.670772,2,2250421.530237
-4.671614,2,2250507.949626
-4.669914,2,2250591.589243
-4.669565,2,2250670.134626
-4.671019,2,2250742.517677
-4.670932,2,2250821.063528
-4.668548,2,2250896.847177
-4.670503,2,2250967.366129
-4.664825,2,2251045.740342
-4.668674,2,2251126.430684
-4.672745,2,2251201.536959
-4.670012,2,2251274.689942
-4.670183,2,2251345.220997
-4.671763,2,2251427.593609
-4.669169,2,2251504.666506
-4.670337,2,2251581.960676
-4.670574,2,2251656.375834
-4.66956,2,2251734.298571
-4.670646,2,2251808.813872
-4.669087,2,2251886.923992
-4.670052,2,2251961.428356
-4.670428,2,2252037.93734
-4.668973,2,2252115.125878
-4.668658,2,2252199.015853
-4.6698,2,2252279.4447
-4.669877,2,2252348.949396
-4.666082,2,2252429.327622
-4.670024,2,2252507.291871
-4.670661,2,2252582.280726
-4.670042,2,2252659.022312
-4.670872,2,2252738.706411
-4.670513,2,2252820.800314
-4.667551,2,2252891.485589
-4.668643,2,2252967.376266
-4.682315,2,2253046.701803
-4.671234,2,2253120.314404
-4.668511,2,2253202.679841
-4.666216,2,2253269.001796
-4.67019,2,2253371.70053
-4.875771,2,2253469.562848
-4.669509,2,2253565.813899
-4.671519,2,2253664.88316
-4.670053,2,2253764.704362
-4.671208,2,2253866.875343
-4.672602,2,2253968.341347
-4.670118,2,2254072.785642
-4.670172,2,2254172.528058
-4.670057,2,2254278.798979
-4.669264,2,2254398.131349
-4.670574,2,2254519.712364
-4.669918,2,2254643.61273
-4.673082,2,2254764.363621
-4.669491,2,2254889.946686
-4.67104,2,2255021.530476
-4.671338,2,2255143.796051
-4.669307,2,2255276.743842
-4.669073,2,2255403.824416
-4.824188,2,2255540.311553
-4.666609,2,2255673.525958
-4.670456,2,2255803.877713
-4.666642,2,2255947.110923
-4.670861,2,2256087.395585
-4.670899,2,2256227.143328
-4.67323,2,2256366.106578
-4.66912,2,2256502.485271
-4.673509,2,2256641.818362
-4.670361,2,2256780.865843
-4.67433,2,2256918.826548
-4.670956,2,2257056.061781
-4.672158,2,2257194.500117
-4.670351,2,2257330.06917
-4.666082,2,2257471.723696
-4.671119,2,2257610.796448
-4.668572,2,2257750.933059
-4.669971,2,2257887.795179
-4.670664,2,2258021.553527
-4.673366,2,2258159.908475
-4.670773,2,2258297.260638
-4.671631,2,2258433.633874
-4.671105,2,2258576.064607
-4.670536,2,2258714.751438
-4.670901,2,2258853.832091
-4.670318,2,2259000.792683
-4.670322,2,2259139.394668
-4.670288,2,2259284.468651
-4.671196,2,2259423.344908
-4.670075,2,2259561.622983
-4.66985,2,2259700.720515
-4.670823,2,2259843.417567
-4.671352,2,2259982.25137
-4.668929,2,2260120.566691
-4.669247,2,2260264.781568
-4.668882,2,2260404.187094
-4.670367,2,2260545.120533
-4.672661,2,2260687.426813
-4.666105,2,2260832.088376
-4.670322,2,2260967.36017
-4.671057,2,2261108.1188
-4.670346,2,2261248.871081
-4.670832,2,2261392.836762
-4.670798,2,2261535.197675
-4.667546,2,2261673.478579
-4.666238,2,2261810.51324
-4.672274,2,2261948.22702
-4.668847,2,2262091.869033
-4.670335,2,2262233.648463
-4.673836,2,2262375.562077
-4.668725,2,2262516.922381
-4.670888,2,2262652.292466
-4.670761,2,2262794.792802
-4.669599,2,2262936.176471
-4.67116,2,2263075.201581
-4.67088,2,2263217.55946
-4.669267,2,2263360.784792
-4.669026,2,2263494.776639
-4.671213,2,2263638.64812
-4.668799,2,2263782.893338
-4.670982,2,2263915.622978
-4.666313,2,2264061.401343
-4.671105,2,2264202.848336
-4.672399,2,2264352.719392
-4.669328,2,2264491.821954
-4.672505,2,2264630.16974
-4.670545,2,2264773.69395
-4.670351,2,2264915.389735
-4.668707,2,2265049.305514
-4.670866,2,2265193.163339
-4.669916,2,2265329.356792
-4.667151,2,2265473.58516
-4.670677,2,2265618.805611
-4.668702,2,2265759.631516
-4.666223,2,2265898.299435
-4.670556,2,2266039.072648
-4.670359,2,2266174.142094
-4.667986,2,2266313.168757
-4.670924,2,2266453.980503
-4.672007,2,2266582.536915
-4.671582,2,2266728.130366
-4.66787,2,2266871.736793
-4.669738,2,2267015.084412
-4.670924,2,2267159.626281
-4.669517,2,2267302.554852
-4.669832,2,2267445.305404
-4.668499,2,2267585.488384
-4.669769,2,2267730.184353
-4.669094,2,2267873.366903
-4.670946,2,2268019.158371
-4.669582,2,2268164.738238
-4.669829,2,2268297.52422
-4.669799,2,2268440.832182
-4.668453,2,2268585.076274
-4.670659,2,2268727.657946
-4.669504,2,2268872.885791
-4.670965,2,2269016.11336
-4.671343,2,2269154.672716
-4.672379,2,2269283.928361
-4.670088,2,2269429.861909
-4.672151,2,2269571.071116
-4.67131,2,2269709.101218
-4.670638,2,2269850.752509
-4.669471,2,2269993.441452
-4.669617,2,2270135.52114
-4.670383,2,2270279.133643
-4.671096,2,2270416.75101
-4.670307,2,2270561.574077
-4.669915,2,2270700.93876
-4.671676,2,2270837.866903
-4.671528,2,2270978.843174
-4.67007,2,2271099.160663
-4.670494,2,2271247.332161
-4.671068,2,2271388.399424
-4.67002,2,2271534.101354
-4.67126,2,2271671.548339
-4.66897,2,2271803.244211
-4.666054,2,2271945.163399
-4.670308,2,2272089.052826
-4.668919,2,2272229.156986
-4.672061,2,2272363.207984
-4.670335,2,2272508.30747
-4.671676,2,2272653.814487
-4.671037,2,2272794.721674
-4.669827,2,2272934.236701
-4.66619,2,2273080.768764
-4.669544,2,2273218.396688
-4.669327,2,2273355.255317
-4.67109,2,2273498.579224
-4.669863,2,2273644.66807
-4.667199,2,2273784.598879
-4.671601,2,2273926.043878
-4.6689,2,2274067.048457
-4.671973,2,2274206.470737
-4.670386,2,2274348.542439
-4.6716,2,2274486.324351
-4.669423,2,2274612.534121
-4.673608,2,2274749.992135
-4.669404,2,2274892.52747
-4.670951,2,2275031.933488
-4.671095,2,2275179.155621
-4.672199,2,2275320.554304
-4.67024,2,2275457.826162
-4.6699,2,2275594.907777
-4.67007,2,2275734.620444
-4.670105,2,2275874.891694
-4.670336,2,2276012.792659
-4.670612,2,2276153.407725
-4.670615,2,2276289.56093
-4.682686,2,2276432.362293
-4.669561,2,2276569.972118
-4.669453,2,2276706.343693
-4.671211,2,2276847.581746
-4.670867,2,2276987.897442
-4.670433,2,2277127.238937
-4.670122,2,2277271.552618
-4.670872,2,2277413.738911
-4.670637,2,2277551.071467
-4.672214,2,2277693.536888
-4.670999,2,2277829.243533
-4.667543,2,2277970.539291
-4.669106,2,2278109.413754
-4.670136,2,2278249.684431
-4.671072,2,2278395.983276
-4.670632,2,2278539.940557
-4.670796,2,2278681.660369
-4.670202,2,2278820.610097
-4.670622,2,2278961.524267
-4.672699,2,2279099.167065
-4.668704,2,2279240.262638
-4.67185,2,2279377.752358
-4.670444,2,2279515.921943
-4.669957,2,2279653.633326
-4.671193,2,2279795.143286
-4.669851,2,2279932.024396
-4.66607,2,2280069.913481
-4.667022,2,2280211.483522
-4.670489,2,2280352.804538
-4.670319,2,2280493.862326
-4.669295,2,2280639.58206
-4.67007,2,2280783.944026
-4.672326,2,2280918.431904
-4.672852,2,2281055.611109
-4.67155,2,2281201.10894
-4.670559,2,2281342.877772
-4.670252,2,2281482.251746
-4.669349,2,2281624.046511
-4.671994,2,2281765.270787
-4.670293,2,2281906.223612
-4.669323,2,2282048.604175
-4.669589,2,2282188.209778
-4.669339,2,2282329.938244
-4.669652,2,2282468.468465
-4.668364,2,2282610.174625
-4.668779,2,2282749.860963
-4.670283,2,2282887.403175
-4.669487,2,2283020.192179
-4.668562,2,2283159.317363
-4.670033,2,2283296.204887
-4.66947,2,2283441.077591
-4.669837,2,2283581.576411
-4.669373,2,2283721.956061
-4.670571,2,2283862.864174
-4.669848,2,2284003.775601
-4.668898,2,2284146.621066
-4.667438,2,2284286.0879
-4.671144,2,2284427.748689
-4.670115,2,2284565.631
-4.671126,2,2284706.618844
-4.671152,2,2284849.533127
-4.670783,2,2284989.276283
-4.666238,2,2285125.608877
-4.670241,2,2285266.290127
-4.670519,2,2285403.334047
-4.669557,2,2285545.314112
-4.666248,2,2285685.965312
-4.669062,2,2285823.50608
-4.67008,2,2285960.752762
-4.670538,2,2286103.605482
-4.670684,2,2286244.616327
-4.673446,2,2286382.78626
-4.668813,2,2286521.214227
-4.670347,2,2286660.573881
-4.670467,2,2286798.538608
-4.670444,2,2286939.553083
-4.670543,2,2287078.70224
-4.669155,2,2287218.066857
-4.667195,2,2287357.373173
-4.670655,2,2287498.169547
-4.669448,2,2287636.633016
-4.670989,2,2287776.916656
-4.671274,2,2287916.529017
-4.670742,2,2288056.456958
-4.670218,2,2288195.999556
-4.6708,2,2288338.815993
-4.669493,2,2288479.314123
-4.670319,2,2288618.401636
-4.670045,2,2288757.237672
-4.670326,2,2288893.287908
-4.671732,2,2289033.802144
-4.674035,2,2289173.173249
-4.670623,2,2289311.628504
-4.667271,2,2289451.102641
-4.671807,2,2289590.419981
-4.666815,2,2289732.070568
-4.671188,2,2289870.326014
-4.670709,2,2290006.499832
-4.670192,2,2290144.00158
-4.671073,2,2290286.076152
-4.83599,2,2290427.278578
-4.666323,2,2290563.774009
-4.670272,2,2290703.062503
-4.671152,2,2290842.113815
-4.670083,2,2290979.84423
-4.671073,2,2291119.902174
-4.669884,2,2291253.288255
-4.670641,2,2291386.135128
-4.671545,2,2291518.487831
-4.670022,2,2291649.824086
-4.670497,2,2291787.571393
-4.666865,2,2291921.862175
-4.670447,2,2292056.026917
-4.670568,2,2292190.387465
-4.669888,2,2292338.465671
-4.670355,2,2292476.603402
-4.669687,2,2292613.066305
-4.670068,2,2292746.244417
-4.671392,2,2292883.810956
-4.667142,2,2293022.051698
-4.671063,2,2293158.648808
-4.671247,2,2293298.604473
-4.670673,2,2293436.102978
-4.672147,2,2293572.075352
-4.670388,2,2293705.89346
-4.669965,2,2293842.110549
-4.671948,2,2293978.298357
-4.669139,2,2294117.433333
-4.669912,2,2294253.677707
-4.669441,2,2294389.873855
-4.668553,2,2294523.532371
-4.668927,2,2294660.214077
-4.671244,2,2294794.549221
-4.672335,2,2294930.896784
-4.673662,2,2295067.800584
-4.667939,2,2295204.837038
-4.67153,2,2295337.856958
-4.671057,2,2295477.165543
-4.671072,2,2295611.469567
-4.668479,2,2295745.649096
-4.6737,2,2295849.658289
-4.671387,2,2295996.559988
-4.671862,2,2296134.759821
-4.670377,2,2296271.095572
-4.670689,2,2296409.681082
-4.670566,2,2296550.544111
-4.66842,2,2296689.176662
-4.668867,2,2296832.270531
-4.671854,2,2296969.805567
-4.671411,2,2297110.886333
-4.670408,2,2297251.027734
-4.670783,2,2297393.517445
-4.671423,2,2297533.415796
-4.670252,2,2297672.308784
-4.670512,2,2297816.773593
-4.66982,2,2297955.614895
-4.670629,2,2298097.921431
-4.670516,2,2298238.326872
-4.67086,2,2298381.25895
-4.669562,2,2298523.136984
-4.670041,2,2298664.818424
-4.670071,2,2298806.166055
-4.670282,2,2298947.407431
-4.670451,2,2299090.030124
-4.669899,2,2299230.99245
-4.671054,2,2299336.348509
-4.669762,2,2299488.3919
-4.671525,2,2299627.883409
-4.666248,2,2299772.420813
-4.67022,2,2299912.555194
-4.670118,2,2300058.21836
-4.671003,2,2300196.915247
-4.669711,2,2300341.970204
-4.669538,2,2300483.180469
-4.670392,2,2300628.771414
-4.66757,2,2300768.272562
-4.671211,2,2300908.031064
-4.669001,2,2301052.252866
-4.669494,2,2301193.55993
-4.669913,2,2301313.200013
-4.671059,2,2301440.535516
-4.670764,2,2301581.493569
-4.670243,2,2301723.852006
-4.671183,2,2301864.409755
-4.670479,2,2302007.807211
-4.670729,2,2302149.595837
-4.671493,2,2302290.236449
-4.670221,2,2302430.948929
-4.668901,2,2302572.835326
-4.664421,2,2302715.80699
-4.669768,2,2302857.495968
-4.751719,2,2302995.608327
-4.671122,2,2303139.213572
-4.670472,2,2303273.224942
-4.669799,2,2303389.682061
-4.670331,2,2303532.900975
-4.6714,2,2303677.88921
-4.671898,2,2303819.574415
-4.670938,2,2303962.158001
-4.670085,2,2304101.543731
-4.670823,2,2304246.025904
-4.668844,2,2304387.111006
-4.670278,2,2304527.567204
-4.670283,2,2304665.26542
-4.670408,2,2304808.570172
-4.672202,2,2304947.348219
-4.669805,2,2305090.055581
-4.670722,2,2305232.477734
-4.670236,2,2305373.94171
-4.670971,2,2305515.221656
-4.669447,2,2305655.884083
-4.667413,2,2305799.690367
-4.671182,2,2305889.707757
-4.669615,2,2306044.32948
-4.672823,2,2306201.274388
-4.669065,2,2306342.223878
-4.67111,2,2306479.720693
-4.671646,2,2306627.772389
-4.671342,2,2306768.392913
-4.670657,2,2306912.368777
-4.668831,2,2307052.915057
-4.669461,2,2307194.173927
-4.66993,2,2307337.988145
-4.667028,2,2307479.597881
-4.670291,2,2307620.535781
-4.670717,2,2307760.317443
-4.670156,2,2307861.009217
-4.671745,2,2308001.669072
-4.669822,2,2308140.228033
-4.668668,2,2308280.074122
-4.670785,2,2308420.055485
-4.668595,2,2308556.713453
-4.671824,2,2308695.099768
-4.669487,2,2308833.743978
-4.673669,2,2308973.887023
-4.67009,2,2309114.292906
-4.670626,2,2309251.887814
-4.669824,2,2309390.713966
-4.671155,2,2309528.291341
-4.669495,2,2309666.124868
-4.66652,2,2309803.755584
-4.671783,2,2309943.856773
-4.671233,2,2310079.710276
-4.670597,2,2310221.593633
-4.669594,2,2310359.230403
-4.668974,2,2310496.710603
-4.671127,2,2310635.376101
-4.668273,2,2310771.495069
-4.669418,2,2310909.948622
-4.670114,2,2311045.418398
-4.671171,2,2311185.949897
-4.669062,2,2311324.431282
-4.669114,2,2311463.695331
-4.670361,2,2311604.223792
-4.673448,2,2311743.641298
-4.670311,2,2311881.527856
-4.671424,2,2312019.203035
-4.669138,2,2312159.058413
-4.671102,2,2312296.828582
-4.667554,2,2312433.493825
-4.671406,2,2312571.258476
-4.670902,2,2312708.290829
-4.669706,2,2312847.35795
-4.668443,2,2312987.176804
-4.672067,2,2313130.232442
-4.665975,2,2313269.590289
-4.668707,2,2313410.901896
-4.669484,2,2313549.618736
-4.666168,2,2313688.717219
-4.671785,2,2313824.639683
-4.670973,2,2313967.803407
-4.670397,2,2314108.999456
-4.668643,2,2314248.88852
-4.668761,2,2314390.153943
-4.670698,2,2314528.756413
-4.669971,2,2314668.945767
-4.668584,2,2314808.820084
-4.669336,2,2314948.541217
-4.867353,2,2315070.309363
-4.670294,2,2315186.43918
-4.669318,2,2315328.75973
-4.670472,2,2315469.865626
-4.671248,2,2315612.116176
-4.668946,2,2315754.812473
-4.669951,2,2315893.047186
-4.671806,2,2316030.467925
-4.671829,2,2316171.874893
-4.670179,2,2316314.281322
-4.683191,2,2316457.64862
-4.66607,2,2316596.953373
-4.67128,2,2316737.947389
-4.670299,2,2316880.185138
-4.670235,2,2317019.222996
-4.668743,2,2317160.040726
-4.66899,2,2317300.61716
-4.670252,2,2317439.591197
-4.671187,2,2317581.125788
-4.670073,2,2317720.60893
-4.669912,2,2317859.263953
-4.669642,2,2317999.557473
-4.673365,2,2318137.303893
-4.671063,2,2318278.058411
-4.668598,2,2318418.868592
-4.670101,2,2318561.506666
-4.671499,2,2318700.988349
-4.67248,2,2318840.395039
-4.665226,2,2318981.236725
-4.671163,2,2319120.595939
-4.671156,2,2319260.168223
-4.670294,2,2319345.930186
-4.668889,2,2319489.417031
-4.669687,2,2319628.744635
-4.672278,2,2319771.110552
-4.670083,2,2319911.031527
-4.669838,2,2320065.819223
-4.669617,2,2320204.701155
-4.670398,2,2320346.000081
-4.666025,2,2320486.766773
-4.670086,2,2320629.42969
-4.669533,2,2320767.207844
-4.670472,2,2320905.857355
-4.670867,2,2321046.376466
-4.668984,2,2321186.746314
-4.671174,2,2321326.527955
-4.670375,2,2321465.911061
-4.668316,2,2321606.41774
-4.671178,2,2321745.845524
-4.669224,2,2321886.31711
-4.670825,2,2322025.646325
-4.671189,2,2322159.852798
-4.670139,2,2322298.36225
-4.669873,2,2322433.438636
-4.670805,2,2322568.595556
-4.668733,2,2322705.068133
-4.670253,2,2322840.762176
-4.670366,2,2322981.496991
-4.670981,2,2323114.23982
-4.669725,2,2323252.197441
-4.670509,2,2323391.341305
-4.672957,2,2323529.346441
-4.669324,2,2323668.207176
-4.669634,2,2323805.885879
-4.671504,2,2323943.25126
-4.670031,2,2324083.461794
-4.668577,2,2324218.139659
-4.670452,2,2324358.593001
-4.671137,2,2324496.683699
-4.669081,2,2324629.665245
-4.670022,2,2324767.595029
-4.671176,2,2324900.55655
-4.671402,2,2325039.054649
-4.671779,2,2325177.17736
-4.668499,2,2325312.59018
-4.669221,2,2325451.818524
-4.669979,2,2325592.120527
-4.670327,2,2325710.937989
-4.671873,2,2325814.215364
-4.67059,2,2325956.22251
-4.667233,2,2326097.92642
-4.670353,2,2326238.515196
-4.670346,2,2326374.42607
-4.670438,2,2326511.889795
-4.668526,2,2326646.525367
-4.667109,2,2326783.091743
-4.669428,2,2326919.369478
-4.670694,2,2327051.676671
-4.693243,2,2327185.093626
-4.671839,2,2327322.967821
-4.669883,2,2327458.891087
-4.670326,2,2327593.768548
-4.670342,2,2327728.568278
-4.670063,2,2327866.599986
-4.672471,2,2328000.364023
-4.669,2,2328137.106444
-4.669629,2,2328275.473713
-4.66957,2,2328410.585571
-4.66833,2,2328549.60755
-4.670805,2,2328685.319597
-4.673709,2,2328824.455286
-4.672226,2,2328962.742819
-4.670165,2,2329100.047914
-4.671041,2,2329235.836397
-4.670059,2,2329374.426167
-4.670847,2,2329506.651352
-4.671016,2,2329645.963961
-4.67137,2,2329739.364761
-4.670034,2,2329863.358632
-4.672125,2,2330000.770996
-4.671087,2,2330133.130536
-4.669423,2,2330273.838292
-4.670841,2,2330411.207281
-4.66957,2,2330547.574572
-4.669056,2,2330683.132908
-4.671206,2,2330815.085735
-4.669625,2,2330952.838984
-4.66703,2,2331092.800746
-4.671239,2,2331231.21486
-4.672095,2,2331369.478938
-4.670283,2,2331507.003382
-4.671386,2,2331646.87301
-4.833535,2,2331785.997838
-4.671653,2,2331925.525466
-4.67011,2,2332065.389163
-4.671142,2,2332206.083847
-4.670788,2,2332340.438976
-4.670364,2,2332481.901781
-4.670261,2,2332620.593153
-4.668232,2,2332756.894185
-4.670597,2,2332895.561465
-4.67011,2,2333031.660612
-4.669626,2,2333170.341712
-4.672574,2,2333307.762741
-4.669292,2,2333445.09462
-4.669036,2,2333580.01737
-4.67024,2,2333726.994857
-4.670207,2,2333864.464162
-4.869314,2,2334002.784644
-4.67102,2,2334141.641724
-4.669392,2,2334278.313219
-4.671576,2,2334372.399901
-4.670307,2,2334509.64236
-4.668251,2,2334647.439603
-4.673598,2,2334785.274251
-4.672539,2,2334922.844435
-4.667133,2,2335059.542157
-4.675748,2,2335197.521171
-4.669885,2,2335332.419742
-4.665216,2,2335466.950946
-4.667036,2,2335601.655919
-4.669438,2,2335735.038754
-4.670896,2,2335871.338326
-4.669264,2,2336008.190669
-4.670202,2,2336145.20588
-4.672636,2,2336282.550882
-4.669464,2,2336424.912719
-4.67164,2,2336559.842726
-4.669714,2,2336695.216183
-4.669079,2,2336831.297035
-4.668163,2,2336965.75772
-4.670296,2,2337099.349131
-4.67119,2,2337237.988618
-4.669959,2,2337375.321188
-4.67098,2,2337512.477306
-4.670089,2,2337649.070307
-4.672134,2,2337784.880212
-4.66865,2,2337922.240994
-4.67001,2,2338058.997001
-4.669614,2,2338193.915639
-4.670735,2,2338331.77643
-4.67148,2,2338466.772521
-4.669409,2,2338599.899521
-4.668929,2,2338737.628032
-4.66711,2,2338873.210175
-4.666038,2,2339006.920631
-4.670779,2,2339141.983398
-4.670712,2,2339279.009497
-4.66849,2,2339411.996047
-4.670768,2,2339545.943365
-4.670341,2,2339682.292769
-4.670323,2,2339815.798473
-4.674294,2,2339947.024067
-4.670341,2,2340083.370407
-4.666212,2,2340220.328498
-4.67122,2,2340354.7675
-4.669538,2,2340490.421905
-4.670773,2,2340624.200583
-4.670567,2,2340762.178391
-4.672704,2,2340898.773858
-4.669504,2,2341034.424783
-4.669812,2,2341173.624152
-4.670263,2,2341308.526459
-4.670613,2,2341443.232658
-4.670583,2,2341578.265204
-4.670294,2,2341714.521466
-4.67067,2,2341850.548833
-4.669545,2,2341985.42997
-4.669852,2,2342123.664085
-4.670555,2,2342260.120232
-4.668675,2,2342400.088323
-4.825606,2,2342534.791848
-4.670861,2,2342670.303751
-4.670708,2,2342805.499481
-4.669746,2,2342936.181913
-4.670345,2,2343071.20538
-4.671136,2,2343207.289046
-4.670749,2,2343343.111104
-4.668758,2,2343477.911518
-4.668507,2,2343612.380938
-4.670328,2,2343747.43941
-4.672171,2,2343884.913469
-4.671216,2,2344020.394988
-4.671088,2,2344155.79709
-4.669305,2,2344289.941087
-4.666221,2,2344426.046325
-4.67147,2,2344558.771042
-4.669593,2,2344693.946267
-4.669033,2,2344828.64503
-4.673776,2,2344962.001095
-4.670538,2,2345097.458138
-4.671128,2,2345202.798753
-4.670361,2,2345296.805257
-4.66993,2,2345436.486265
-4.669567,2,2345573.343934
-4.669858,2,2345708.571116
-4.666025,2,2345842.195396
-4.837934,2,2345980.589042
-4.673072,2,2346117.251603
-4.672793,2,2346255.534883
-4.670578,2,2346390.469053
-4.668693,2,2346526.712903
-4.669834,2,2346663.528654
-4.670327,2,2346799.094967
-4.834955,2,2346935.650418
-4.670159,2,2347072.205914
-4.673731,2,2347222.12413
-4.671847,2,2347353.176359
-4.672789,2,2347492.399722
-4.672378,2,2347629.479381
-4.669874,2,2347764.183019
-4.672546,2,2347897.38867
-4.670726,2,2348029.742086
-4.669571,2,2348170.865579
-4.67007,2,2348305.785623
-4.673033,2,2348441.103731
-4.671515,2,2348579.236162
-4.67076,2,2348714.585311
-4.668681,2,2348848.917591
-4.669439,2,2348985.920805
-4.671936,2,2349122.144916
-4.671873,2,2349256.793848
-4.669682,2,2349395.139986
-4.669415,2,2349530.260303
-4.66992,2,2349667.194641
-4.669807,2,2349804.534566
-4.668829,2,2349938.886928
-4.682331,2,2350077.487062
-4.669606,2,2350214.277626
-4.668431,2,2350351.323244
-4.671137,2,2350489.123216
-4.670671,2,2350624.912677
-4.670879,2,2350761.46258
-4.672377,2,2350895.969359
-4.670052,2,2351034.299813
-4.670069,2,2351169.722083
-4.669474,2,2351303.206753
-4.669976,2,2351435.883711
-4.670248,2,2351573.038258
-4.67044,2,2351708.435435
-4.666184,2,2351842.503523
-4.671962,2,2351977.25404
-4.670074,2,2352113.770344
-4.668718,2,2352247.592126
-4.669739,2,2352382.05555
-4.67033,2,2352516.465907
-4.669962,2,2352653.951113
-4.669803,2,2352788.702912
-4.670301,2,2352927.108181
-4.670736,2,2353062.703137
-4.671765,2,2353198.670369
-4.669742,2,2353331.995717
-4.672092,2,2353469.089383
-4.670104,2,2353603.821234
-4.670345,2,2353739.725153
-4.67243,2,2353874.145638
-4.671637,2,2354011.595175
-4.671068,2,2354148.177444
-4.669938,2,2354285.996063
-4.670646,2,2354419.585328
-4.672222,2,2354550.412131
-4.671211,2,2354691.723835
-4.671038,2,2354827.45821
-4.667002,2,2354964.82745
-4.668993,2,2355102.632136
-4.670534,2,2355237.154022
-4.67282,2,2355372.37189
-4.669776,2,2355510.600131
-4.668574,2,2355645.820725
-4.670688,2,2355783.017279
-4.670053,2,2355918.009373
-4.670428,2,2356057.526364
-4.66936,2,2356190.626828
-4.67121,2,2356326.85246
-4.66996,2,2356461.355751
-4.672101,2,2356600.391214
-4.669092,2,2356736.421788
-4.666819,2,2356872.98285
-4.66999,2,2357010.042091
-4.825455,2,2357145.464118
-4.670936,2,2357279.99334
-4.669419,2,2357420.358411
-4.671347,2,2357554.981941
-4.670577,2,2357694.099988
-4.669522,2,2357832.037031
-4.670037,2,2357966.031247
-4.673323,2,2358104.512359
-4.669583,2,2358239.116648
-4.669962,2,2358377.559034
-4.66863,2,2358514.457683
-4.670039,2,2358651.981468
-4.666203,2,2358787.221036
-4.671003,2,2358923.946925
-4.670473,2,2359058.620642
-4.67218,2,2359196.541919
-4.67119,2,2359334.070192
-4.670185,2,2359469.025619
-4.672377,2,2359606.685542
-4.670039,2,2359743.417488
-4.672149,2,2359881.452479
-4.670788,2,2360015.309843
-4.6709,2,2360150.001641
-4.670691,2,2360285.054624
-4.672004,2,2360420.002243
-4.670262,2,2360557.165288
-4.670131,2,2360691.330627
-4.670776,2,2360843.650438
-4.666227,2,2360977.252388
-4.669862,2,2361115.771437
-4.671055,2,2361251.190318
-4.670019,2,2361386.310234
-4.668781,2,2361522.667892
-4.669018,2,2361634.053884
-4.670318,2,2361708.760201
-4.670162,2,2361851.973659
-4.670882,2,2361989.162732
-4.670463,2,2362124.973926
-4.669219,2,2362257.868217
-4.671984,2,2362395.401672
-4.670278,2,2362533.025002
-4.671901,2,2362668.170165
-4.670286,2,2362801.306921
-4.670003,2,2362937.893088
-4.669247,2,2363077.060519
-4.669093,2,2363214.189102
-4.670899,2,2363351.449493
-4.671008,2,2363487.776798
-4.669933,2,2363626.873165
-4.670846,2,2363761.712791
-4.670336,2,2363899.733925
-4.669168,2,2364036.364943
-4.671398,2,2364168.567981
-4.670373,2,2364307.231168
-4.670014,2,2364444.207826
-4.669939,2,2364581.924984
-4.880597,2,2364713.607879
-4.668876,2,2364852.654742
-4.669589,2,2364988.012353
-4.671021,2,2365121.016599
-4.700275,2,2365259.990736
-4.670197,2,2365395.850607
-4.671719,2,2365533.429973
-4.670282,2,2365671.829904
-4.670566,2,2365808.403655
-4.670298,2,2365946.111866
-4.66998,2,2366083.065457
-4.66775,2,2366220.428711
-4.669387,2,2366359.4287
-4.671225,2,2366494.157959
-4.67124,2,2366632.138819
-4.669707,2,2366771.442436
-4.669734,2,2366908.304548
-4.669722,2,2367043.623962
-4.670207,2,2367181.452768
-4.6687,2,2367316.732514
-4.67007,2,2367452.888919
-4.671271,2,2367585.629312
-4.671009,2,2367720.476456
-4.671306,2,2367856.355304
-4.670768,2,2367993.073103
-4.66598,2,2368128.008223
-4.669864,2,2368266.284591
-4.669798,2,2368403.995593
-4.669161,2,2368540.279956
-4.670767,2,2368676.052524
-4.67181,2,2368816.685908
-4.672178,2,2368953.059734
-4.670136,2,2369089.400748
-4.67058,2,2369226.755615
-4.670782,2,2369362.339996
-4.664934,2,2369495.910139
-4.671114,2,2369631.386425
-4.671361,2,2369771.670829
-4.6639,2,2369906.465842
-4.670322,2,2370042.415752
-4.668554,2,2370174.678139
-4.670985,2,2370313.239069
-4.670735,2,2370448.996049
-4.670508,2,2370582.783728
-4.671184,2,2370720.540695
-4.669713,2,2370855.727241
-4.670905,2,2370990.454748
-4.668939,2,2371125.695751
-4.670285,2,2371259.070234
-4.667832,2,2371390.980556
-4.671185,2,2371524.267848
-4.668821,2,2371659.374113
-4.669366,2,2371791.983389
-4.674622,2,2371918.817934
-4.67017,2,2372058.447075
-4.669785,2,2372193.385913
-4.667752,2,2372329.522772
-4.670724,2,2372425.749208
-4.66946,2,2372498.951113
-4.670906,2,2372639.757009
-4.669942,2,2372772.927805
-4.670002,2,2372907.807802
-4.670625,2,2373044.318187
-4.669516,2,2373177.684642
-4.672153,2,2373314.46828
-4.670704,2,2373449.847806
-4.669911,2,2373580.574906
-4.669544,2,2373718.187611
-4.669272,2,2373853.322427
-4.668419,2,2373986.918019
-4.670621,2,2374123.989065
-4.669905,2,2374269.019253
-4.666902,2,2374403.187444
-4.670677,2,2374536.998875
-4.670533,2,2374670.066859
-4.668871,2,2374806.854814
-4.669352,2,2374940.631029
-4.674327,2,2375074.767644
-4.670894,2,2375210.694231
-4.669871,2,2375346.026529
-4.671494,2,2375478.171969
-4.668615,2,2375611.675509
-4.671143,2,2375744.234813
-4.670035,2,2375877.704467
-4.670785,2,2376015.602758
-4.671001,2,2376154.983945
-4.670752,2,2376295.832498
-4.671094,2,2376435.405301
-4.666761,2,2376575.324832
-4.66758,2,2376716.41055
-4.685716,2,2376857.754281
-4.670616,2,2376997.195171
-4.670718,2,2377140.789462
-4.667751,2,2377282.512362
-4.670299,2,2377424.86987
-4.670818,2,2377565.822939
-4.671374,2,2377709.950778
-4.6708,2,2377849.204374
-4.668999,2,2377991.391525
-4.668008,2,2378131.568259
-4.670601,2,2378272.356939
-4.669333,2,2378412.785637
-4.670319,2,2378555.708038
-4.671425,2,2378695.924972
-4.666589,2,2378837.785803
-4.67034,2,2378977.232335
-4.671043,2,2379115.894984
-4.670053,2,2379259.321675
-4.670834,2,2379397.458212
-4.669952,2,2379538.446773
-4.670362,2,2379679.127417
-4.670547,2,2379820.188595
-4.667129,2,2379961.380979
-4.671146,2,2380100.202889
-4.670517,2,2380241.563845
-4.67062,2,2380382.070238
-4.670655,2,2380520.390678
-4.670786,2,2380661.324605
-4.670788,2,2380798.728635
-4.670236,2,2380947.237072
-4.669128,2,2381089.753256
-4.669953,2,2381231.288545
-4.670002,2,2381372.401475
-4.67069,2,2381514.386068
-4.668421,2,2381655.603049
-4.673492,2,2381795.502454
-4.67104,2,2381938.940088
-4.671621,2,2382077.781147
-4.670635,2,2382216.776083
-4.671229,2,2382357.007444
-4.670665,2,2382498.543306
-4.672657,2,2382639.580659
-4.668764,2,2382779.112317
-4.670102,2,2382917.203939
-4.669928,2,2383057.545711
-4.83353,2,2383198.451789
-4.672491,2,2383338.153427
-4.670656,2,2383474.663931
-4.670062,2,2383616.004499
-4.66872,2,2383754.843031
-4.66737,2,2383896.666023
-4.666529,2,2384037.585375
-4.669773,2,2384178.685382
-4.67066,2,2384319.838186
-4.670066,2,2384459.015122
-4.66705,2,2384600.573464
-4.670948,2,2384738.646619
-4.67261,2,2384875.164493
-4.6693,2,2385016.585042
-4.669109,2,2385150.439963
-4.67045,2,2385288.452394
-4.666509,2,2385430.540381
-4.668819,2,2385568.765663
-4.671546,2,2385711.484863
-4.670054,2,2385849.876646
-4.670827,2,2385988.943422
-4.669501,2,2386129.550298
-4.671092,2,2386272.110991
-4.670459,2,2386412.754461
-4.670598,2,2386553.341511
-4.668499,2,2386692.129044
-4.672056,2,2386835.17186
-4.670625,2,2386974.778911
-4.670637,2,2387116.087633
-4.670431,2,2387254.877627
-4.671495,2,2387396.404474
-4.673892,2,2387535.251241
-4.669475,2,2387671.691814
-4.671195,2,2387820.015249
-4.670338,2,2387959.487303
-4.669761,2,2388100.114058
-4.674383,2,2388256.215249
-4.666041,2,2388398.734223
-4.672015,2,2388531.813975
-4.67368,2,2388679.979027
-4.667784,2,2388819.62844
-4.669914,2,2388960.615327
-4.67114,2,2389098.071214
-4.670708,2,2389239.476034
-4.67083,2,2389382.132227
-4.667969,2,2389520.929673
-4.668425,2,2389664.753994
-4.666425,2,2389805.008359
-4.671038,2,2389945.402448
-4.670258,2,2390076.515657
-4.669855,2,2390227.083525
-4.669589,2,2390368.841332
-4.666244,2,2390510.936278
-4.8747,2,2390647.44161
-4.670447,2,2390783.222191
-4.669442,2,2390926.794523
-4.671167,2,2391062.768265
-4.665988,2,2391203.686349
-4.670274,2,2391342.809669
-4.670212,2,2391482.445
-4.666075,2,2391622.896624
-4.670951,2,2391763.034996
-4.670256,2,2391906.367878
-4.670626,2,2392046.831687
-4.668751,2,2392186.233984
-4.666061,2,2392327.716003
-4.670743,2,2392464.468456
-4.666227,2,2392606.165211
-4.683102,2,2392745.321838
-4.670256,2,2392887.235806
-4.670267,2,2393025.131366
-4.670141,2,2393158.975177
-4.665831,2,2393300.391773
-4.668354,2,2393442.811057
-4.67097,2,2393580.925579
-4.670683,2,2393716.866794
-4.671221,2,2393851.806961
-4.672446,2,2393988.562587
-4.669784,2,2394119.897475
-4.6705,2,2394253.298396
-4.670763,2,2394395.954209
-4.668112,2,2394556.113825
-4.667571,2,2394692.194211
-4.671341,2,2394824.66963
-4.670711,2,2394991.163251
-4.670239,2,2395128.79049
-4.669851,2,2395265.394787
-4.670865,2,2395429.323812
-4.668904,2,2395571.059793
-4.671864,2,2395740.381942
-4.67122,2,2395874.73885
-4.670743,2,2396012.043081
-4.674014,2,2396144.321495
-4.667351,2,2396315.088563
-4.669602,2,2396447.265298
-4.674115,2,2396614.799917
-4.669048,2,2396749.107883
-4.670419,2,2396885.878344
-4.666923,2,2397027.456089
-4.670677,2,2397166.292438
-4.670539,2,2397307.164862
-4.670133,2,2397450.481631
-4.67157,2,2397589.186664
-4.668671,2,2397726.825771
-4.668474,2,2397866.101673
-4.669485,2,2398007.912891
-4.670967,2,2398148.860209
-4.670908,2,2398287.457285
-4.674384,2,2398429.443925
-4.670157,2,2398568.395515
-4.668058,2,2398706.231611
-4.671699,2,2398846.845278
-4.671086,2,2398985.095402
-4.670664,2,2399126.208223
-4.671137,2,2399264.090744
-4.670053,2,2399406.577194
-4.672575,2,2399540.915092
-4.67037,2,2399681.767815
-4.67204,2,2399823.278029
-4.669474,2,2399962.79954
-4.670538,2,2400103.723005
-4.675474,2,2400243.573729
-4.670687,2,2400379.607451
-4.670339,2,2400518.266698
-4.666514,2,2400660.932748
-4.6717,2,2400799.485061
-4.669823,2,2400939.56658
-4.669708,2,2401081.600297
-4.667172,2,2401221.197944
-4.6711,2,2401361.342619
-4.674759,2,2401500.319235
-4.670577,2,2401641.034698
-4.669963,2,2401782.51689
-4.67043,2,2401922.397643
-4.670899,2,2402062.28758
-4.671812,2,2402196.921254
-4.671315,2,2402349.81589
-4.670895,2,2402489.340568
-4.670796,2,2402627.720981
-4.670693,2,2402767.44522
-4.67111,2,2402901.487773
-4.671017,2,2403046.14342
-4.670299,2,2403184.877044
-4.671421,2,2403324.671441
-4.670055,2,2403462.876692
-4.670926,2,2403597.295464
-4.669395,2,2403739.388144
-4.670865,2,2403882.702121
-4.672621,2,2404020.899934
-4.67079,2,2404157.274498
-4.667355,2,2404294.724954
-4.671874,2,2404433.987254
-4.670411,2,2404572.108774
-4.66986,2,2404709.595555
-4.671218,2,2404845.172321
-4.670001,2,2404980.421045
-4.670519,2,2405116.070692
-4.669953,2,2405255.714979
-4.669593,2,2405394.060499
-4.670835,2,2405533.298947
-4.670429,2,2405672.190619
-4.670912,2,2405811.431725
-4.670451,2,2405952.6985
-4.671171,2,2406091.323178
-4.671302,2,2406232.246656
-4.665954,2,2406375.79018
-4.670362,2,2406516.256384
-4.670067,2,2406659.171285
-4.670652,2,2406798.274995
-4.670826,2,2406937.821535
-4.66731,2,2407076.567479
-4.670683,2,2407214.054012
-4.824529,2,2407352.724236
-4.672397,2,2407492.607282
-4.667524,2,2407630.115542
-4.671544,2,2407767.650499
-4.67013,2,2407907.528097
-4.670345,2,2408046.130646
-4.671018,2,2408185.356814
-4.670275,2,2408323.716948
-4.671948,2,2408462.162143
-4.669853,2,2408600.530758
-4.667891,2,2408739.1637
-4.666228,2,2408879.114976
-4.663595,2,2409019.089688
-4.667204,2,2409157.056376
-4.668094,2,2409296.150406
-4.670267,2,2409436.214799
-4.670532,2,2409574.943783
-4.670476,2,2409713.887824
-4.671377,2,2409851.402004
-4.666405,2,2409991.883514
-4.67055,2,2410131.478413
-4.670933,2,2410274.117696
-4.665828,2,2410412.359871
-4.669826,2,2410551.060473
-4.669526,2,2410688.342733
-4.671185,2,2410826.872272
-4.670388,2,2410967.933522
-4.666635,2,2411106.240762
-4.669513,2,2411245.640006
-4.671364,2,2411386.934819
-4.666199,2,2411526.467492
-4.671482,2,2411667.271129
-4.670529,2,2411806.346008
-4.679182,2,2411947.304209
-4.671494,2,2412085.190398
-4.669606,2,2412226.550721
-4.670906,2,2412368.872043
-4.670233,2,2412508.731947
-4.667505,2,2412650.30953
-4.67103,2,2412787.482284
-4.666975,2,2412924.614406
-4.669703,2,2413062.130737
-4.67155,2,2413195.489618
-4.671146,2,2413333.433984
-4.670017,2,2413473.410449
-4.669914,2,2413614.561595
-4.670969,2,2413753.620016
-4.668977,2,2413894.358299
-4.670255,2,2414033.066169
-4.669449,2,2414171.01192
-4.672506,2,2414308.6913
-4.669871,2,2414449.528271
-4.673669,2,2414586.450678
-4.670323,2,2414725.381647
-4.670637,2,2414865.465317
-4.670578,2,2415002.103395
-4.669543,2,2415142.47041
-4.670594,2,2415283.151401
-4.669893,2,2415420.919608
-4.669665,2,2415559.478237
-4.67235,2,2415699.235711
-4.67067,2,2415838.644755
-4.666629,2,2415980.375157
-4.670339,2,2416120.609277
-4.670015,2,2416273.662529
-4.669549,2,2416411.248472
-4.670365,2,2416551.309964
-4.66748,2,2416690.805003
-4.670133,2,2416827.813849
-4.670933,2,2416965.535573
-4.671154,2,2417104.65946
-4.674867,2,2417241.516461
-4.669867,2,2417378.054667
-4.669949,2,2417516.753239
-4.671022,2,2417655.79468
-4.669607,2,2417793.474661
-4.669506,2,2417933.334821
-4.671296,2,2418075.283225
-4.669886,2,2418213.285975
-4.670735,2,2418355.456624
-4.671308,2,2418495.10207
-4.669976,2,2418636.897254
-4.66771,2,2418774.37985
-4.671174,2,2418913.648478
-4.670218,2,2419057.117259
-4.670452,2,2419199.137025
-4.670987,2,2419338.607998
-4.671161,2,2419482.09707
-4.669894,2,2419622.823222
-4.671072,2,2419764.042696
-4.669898,2,2419903.962351
-4.670338,2,2420044.929359
-4.669233,2,2420181.719483
-4.670481,2,2420324.26234
-4.670379,2,2420463.427824
-4.672692,2,2420605.400275
-4.670971,2,2420748.085365
-4.670732,2,2420887.70188
-4.671289,2,2421026.492451
-4.670512,2,2421162.226628
-4.66429,2,2421299.633682
-4.670028,2,2421435.599923
-4.670495,2,2421576.248341
-4.670805,2,2421716.923089
-4.670065,2,2421858.180311
-4.670716,2,2421993.391266
-4.670306,2,2422136.52098
-4.67069,2,2422277.858586
-4.67151,2,2422417.817576
-4.670369,2,2422560.534634
-4.668649,2,2422698.875817
-4.670539,2,2422836.684393
-4.671357,2,2422978.174298
-4.67047,2,2423116.948617
-4.669081,2,2423254.728671
-4.670369,2,2423394.878702
-4.669059,2,2423533.470838
-4.666202,2,2423674.053418
-4.671468,2,2423811.332417
-4.667109,2,2423952.256496
-4.6716,2,2424091.662507
-4.671383,2,2424231.016961
-4.670159,2,2424370.274806
-4.670361,2,2424506.303464
-4.668966,2,2424649.901887
-4.670918,2,2424793.037267
-4.669458,2,2424933.074466
-4.6704,2,2425072.675492
-4.66729,2,2425210.008878
-4.670174,2,2425350.417492
-4.670206,2,2425488.412262
-4.670186,2,2425629.236992
-4.670427,2,2425769.564432
-4.665068,2,2425911.206799
-4.672351,2,2426049.795983
-4.67349,2,2426142.258094
-4.670127,2,2426230.33102
-4.671001,2,2426314.145024
-4.670898,2,2426402.658981
-4.668946,2,2426491.637686
-4.670809,2,2426586.781329
-4.674017,2,2426679.396414
-4.670805,2,2426767.971942
-4.671153,2,2426854.918644
-4.670995,2,2426943.063054
-4.666204,2,2427025.947649
-4.671032,2,2427109.106513
-4.670735,2,2427194.291067
-4.670714,2,2427286.131937
-4.671092,2,2427370.636451
-4.66995,2,2427453.644468
-4.665114,2,2427539.69894
-4.670755,2,2427622.64356
-4.670522,2,2427708.21335
-4.671267,2,2427802.892738
-4.669552,2,2427891.323762
-4.66868,2,2427978.409904
-4.670613,2,2428065.630693
-4.671485,2,2428154.490347
-4.670247,2,2428250.534023
-4.667039,2,2428333.330232
-4.675585,2,2428418.833821
-4.671152,2,2428506.974238
-4.670463,2,2428594.771194
-4.670235,2,2428689.841846
-4.670389,2,2428782.887446
-4.670306,2,2428876.498767
-4.669477,2,2428966.211896
-4.670124,2,2429053.20111
-4.671014,2,2429145.396184
-4.670681,2,2429237.027654
-4.67053,2,2429333.063913
-4.670135,2,2429425.879341
-4.672254,2,2429522.614662
-4.672023,2,2429619.927962
-4.67019,2,2429711.897299
-4.67347,2,2429806.195152
-4.671455,2,2429897.351381
-4.671188,2,2429987.322477
-4.670956,2,2430073.987232
-4.670657,2,2430164.201526
-4.670731,2,2430252.958333
-4.670516,2,2430344.031119
-4.670653,2,2430434.828026
-4.672298,2,2430529.902601
-4.671962,2,2430620.684173
-4.670205,2,2430725.179073
-4.670566,2,2430822.482246
-4.666181,2,2430911.471593
-4.66735,2,2431003.435815
-4.670615,2,2431097.667238
-4.671296,2,2431190.417357
-4.671395,2,2431282.64776
-4.669968,2,2431372.542094
-4.670157,2,2431462.532847
-4.6688,2,2431558.535029
-4.670801,2,2431644.889262
-4.670438,2,2431729.181019
-4.671386,2,2431816.119489
-4.667037,2,2431904.338906
-4.669204,2,2431985.136417
-4.670103,2,2432063.986424
-4.667151,2,2432148.574079
-4.671122,2,2432236.775045
-4.671375,2,2432332.152969
-4.668277,2,2432422.674169
-4.66909,2,2432517.846844
-4.666815,2,2432611.443915
-4.670835,2,2432705.92118
-4.670726,2,2432800.07887
-4.670947,2,2432888.489597
-4.666213,2,2432976.327482
-4.670458,2,2433068.452501
-4.670708,2,2433153.159087
-4.670363,2,2433248.434619
-4.670244,2,2433347.081578
-4.671257,2,2433441.204722
-4.669428,2,2433535.11428
-4.671089,2,2433629.200126
-4.670434,2,2433736.748154
-4.670739,2,2433827.533014
-4.671444,2,2433917.425843
-4.668727,2,2434006.524374
-4.670834,2,2434101.165424
-4.670969,2,2434198.626398
-4.668381,2,2434292.245274
-4.673677,2,2434384.147393
-4.671072,2,2434483.269794
-4.670317,2,2434574.617756
-4.670247,2,2434658.83761
-4.670503,2,2434738.817369
-4.668394,2,2434824.097966
-4.672766,2,2434914.205718
-4.669958,2,2435004.030305
-4.671973,2,2435094.398771
-4.671431,2,2435191.298765
-4.669618,2,2435281.102333
-4.671095,2,2435375.075083
-4.666497,2,2435465.969779
-4.669375,2,2435560.778412
-4.670835,2,2435649.665572
-4.666139,2,2435741.122143
-4.670842,2,2435833.858114
-4.67207,2,2435914.503481
-4.670291,2,2436010.651401
-4.668627,2,2436098.638505
-4.6687,2,2436191.644244
-4.670765,2,2436281.907909
-4.670676,2,2436377.227585
-4.669597,2,2436474.112098
-4.670879,2,2436568.301135
-4.666589,2,2436662.326737
-4.670398,2,2436760.454814
-4.671059,2,2436854.429222
-4.669686,2,2436953.740147
-4.665191,2,2437048.093771
-4.669388,2,2437133.907248
-4.669827,2,2437227.704303
-4.670888,2,2437316.01862
-4.668811,2,2437407.384403
-4.666395,2,2437495.750637
-4.670806,2,2437583.842293
-4.670804,2,2437672.168346
-4.670582,2,2437768.038018
-4.670765,2,2437862.031857
-4.66315,2,2437954.485697
-4.665986,2,2438042.196898
-4.670601,2,2438126.583625
-4.670788,2,2438216.003455
-4.670713,2,2438304.200527
-4.668183,2,2438397.203107
-4.673796,2,2438483.712918
-4.671103,2,2438576.397835
-4.67056,2,2438663.717568
-4.671177,2,2438759.849651
-4.669847,2,2438855.113133
-4.670852,2,2438939.431905
-4.670033,2,2439038.113578
-4.670044,2,2439131.39378
-4.671047,2,2439223.424722
-4.670592,2,2439311.99433
-4.671182,2,2439395.213923
-4.67121,2,2439488.706576
-4.670308,2,2439579.109983
-4.670996,2,2439670.091731
-4.670605,2,2439757.269872
-4.670308,2,2439850.235779
-4.667055,2,2439942.596385
-4.671195,2,2440037.976414
-4.669672,2,2440126.696127
-4.670535,2,2440219.544673
-4.6724,2,2440309.908012
-4.670471,2,2440399.657995
-4.66928,2,2440494.568441
-4.666602,2,2440591.915463
-4.671052,2,2440683.902801
-4.672583,2,2440774.309539
-4.670032,2,2440869.576361
-4.669578,2,2440952.568739
-4.66947,2,2441042.82678
-4.669024,2,2441127.013716
-4.671386,2,2441219.708453
-4.669458,2,2441304.612517
-4.665219,2,2441401.546832
-4.672066,2,2441489.81311
-4.665007,2,2441585.679773
-4.671604,2,2441678.251559
-4.667081,2,2441764.491777
-4.66965,2,2441857.188144
-4.669759,2,2441949.914476
-4.671952,2,2442038.48529
-4.666678,2,2442127.056987
-4.664381,2,2442225.289477
-4.670226,2,2442322.323439
-4.671083,2,2442411.612803
-4.673247,2,2442495.030739
-4.67139,2,2442585.895855
-4.670189,2,2442681.403857
-4.670577,2,2442771.592365
-4.670379,2,2442862.115624
-4.672228,2,2442951.695777
-4.671746,2,2443046.126861
-4.670866,2,2443145.728752
-4.670647,2,2443233.985421
-4.671194,2,2443322.169657
-4.670277,2,2443403.848593
-4.670174,2,2443497.119694
-4.672484,2,2443583.806116
-4.673346,2,2443675.750506
-4.670783,2,2443770.762033
-4.66618,2,2443856.998294
-4.671102,2,2443949.197375
-4.671082,2,2444033.917903
-4.670456,2,2444126.543925
-4.666952,2,2444218.583347
-4.671626,2,2444312.659541
-4.670444,2,2444411.294513
-4.670629,2,2444504.799392
-4.669718,2,2444591.957669
-4.672039,2,2444686.53171
-4.671078,2,2444775.0754
-4.671467,2,2444867.732187
-4.670284,2,2444960.810783
-4.672524,2,2445046.812873
-4.670259,2,2445149.813439
-4.665412,2,2445244.088399
-4.670661,2,2445347.182863
-4.670266,2,2445454.477566
-4.670991,2,2445557.744737
-4.675384,2,2445664.386436
-4.666974,2,2445768.457493
-4.670114,2,2445874.325907
-4.670952,2,2445973.127411
-4.67113,2,2446075.714867
-4.672522,2,2446178.21701
-4.670266,2,2446283.711363
-4.670425,2,2446390.804552
-4.667744,2,2446492.566377
-4.668579,2,2446604.202893
-4.66584,2,2446713.095933
-4.668826,2,2446819.000161
-4.67146,2,2446922.020104
-4.67115,2,2447028.558848
-4.67042,2,2447127.427919
-4.67079,2,2447241.503741
-4.666192,2,2447339.192692
-4.669016,2,2447445.501886
-4.669915,2,2447540.987484
-4.670209,2,2447648.784479
-4.670662,2,2447756.592316
-4.67041,2,2447857.580355
-4.669058,2,2447962.70023
-4.668322,2,2448071.311679
-4.666926,2,2448177.776367
-4.670677,2,2448285.410817
-4.67141,2,2448396.768527
-4.673501,2,2448501.879437
-4.672205,2,2448604.413205
-4.671223,2,2448713.057235
-4.671777,2,2448818.97611
-4.670491,2,2448918.647896
-4.669863,2,2449016.96352
-4.670119,2,2449106.655833
-4.669656,2,2449199.02596
-4.670346,2,2449282.273863
-4.67108,2,2449372.873078
-4.671194,2,2449462.372805
-4.671537,2,2449551.739465
-4.669867,2,2449645.903739
-4.669313,2,2449732.167215
-4.669602,2,2449827.170409
-4.670975,2,2449913.710689
-4.670009,2,2450004.913528
-4.669638,2,2450094.543088
-4.669625,2,2450187.109194
-4.670351,2,2450280.598034
-4.667562,2,2450373.986487
-4.670622,2,2450463.172417
-4.670267,2,2450559.451762
-4.670193,2,2450652.830593
-4.670839,2,2450748.627117
-4.670606,2,2450850.614995
-4.67073,2,2450948.028913
-4.670679,2,2451045.966411
-4.666174,2,2451147.857444
-4.669393,2,2451244.665727
-4.6717,2,2451343.018011
-4.670901,2,2451438.721571
-4.670528,2,2451542.104536
-4.670977,2,2451642.417632
-4.671035,2,2451742.272439
-4.666212,2,2451836.926038
-4.67424,2,2451930.418181
-4.671005,2,2452023.989105
-4.669687,2,2452125.574599
-4.671563,2,2452222.663701
-4.670406,2,2452326.250536
-4.669277,2,2452420.082179
-4.671006,2,2452521.768591
-4.664924,2,2452613.931338
-4.670853,2,2452707.266419
-4.671348,2,2452802.395184
-4.666921,2,2452897.27957
-4.670011,2,2452992.592593
-4.66778,2,2453091.53234
-4.670378,2,2453190.26773
-4.66729,2,2453290.264497
-4.666979,2,2453385.147286
-4.669978,2,2453482.056363
-4.670592,2,2453582.363678
-4.669917,2,2453674.979589
-4.670643,2,2453771.851485
-4.673905,2,2453863.073045
-4.672151,2,2453955.522649
-4.671267,2,2454050.925245
-4.67057,2,2454148.385996
-4.670484,2,2454253.023798
-4.673723,2,2454346.492596
-4.665527,2,2454443.622275
-4.672724,2,2454549.511035
-4.664993,2,2454650.671463
-4.670795,2,2454746.321668
-4.67162,2,2454842.267351
-4.670891,2,2454942.663287
-4.669473,2,2455039.891082
-4.670266,2,2455142.764422
-4.670868,2,2455238.961099
-4.670714,2,2455335.755571
-4.669526,2,2455428.546118
-4.670695,2,2455524.190301
-4.670846,2,2455617.504375
-4.670071,2,2455712.450491
-4.67008,2,2455815.421319
-4.670856,2,2455916.546114
-4.671038,2,2456014.389627
-4.666555,2,2456111.197575
-4.670559,2,2456208.99659
-4.670326,2,2456308.263887
-4.670999,2,2456400.992064
-4.670902,2,2456496.733033
-4.672283,2,2456594.827229
-4.670805,2,2456694.637088
-4.670304,2,2456791.095972
-4.670634,2,2456889.110189
-4.669479,2,2456995.119937
-4.670691,2,2457089.228882
-4.670048,2,2457176.122937
-4.670274,2,2457276.267945
-4.670798,2,2457365.990594
-4.672376,2,2457472.69632
-4.670624,2,2457576.649675
-4.671129,2,2457674.869509
-4.667067,2,2457766.46723
-4.669922,2,2457856.731041
-4.66588,2,2457944.646611
-4.669431,2,2458041.668276
-4.669639,2,2458142.884077
-4.670607,2,2458239.729336
-4.672084,2,2458336.379398
-4.671582,2,2458433.71207
-4.665788,2,2458531.074658
-4.669929,2,2458630.490643
-4.669461,2,2458724.12024
-4.670542,2,2458821.715672
-4.670809,2,2458913.615865
-4.67087,2,2459011.72789
-4.669479,2,2459110.620926
-4.666118,2,2459209.226037
-4.670501,2,2459296.384129
-4.670668,2,2459392.381904
-4.670085,2,2459490.518614
-4.66752,2,2459592.904631
-4.668984,2,2459692.551945
-4.671002,2,2459788.313615
-4.669989,2,2459882.575495
-4.669833,2,2459978.548774
-4.669637,2,2460075.303006
-4.67093,2,2460181.576381
-4.669045,2,2460274.173796
-4.666441,2,2460375.45734
-4.671575,2,2460473.50588
-4.669513,2,2460566.797089
-4.672073,2,2460662.045463
-4.669597,2,2460761.396122
-4.670799,2,2460850.291051
-4.670247,2,2460950.708204
-4.670073,2,2461048.014147
-4.669609,2,2461142.117309
-4.670598,2,2461239.119395
-4.671202,2,2461346.662034
-4.669712,2,2461445.349997
-4.670234,2,2461544.598202
-4.670293,2,2461645.663235
-4.671299,2,2461744.563741
-4.67057,2,2461843.483307
-4.670379,2,2461940.904586
-4.671181,2,2462035.946109
-4.671435,2,2462134.898862
-4.670342,2,2462231.278682
-4.670637,2,2462330.486665
-4.676459,2,2462417.001501
-4.670631,2,2462523.933003
-4.670125,2,2462619.083403
-4.671694,2,2462713.194608
-4.671041,2,2462812.791393
-4.670523,2,2462911.096581
-4.670896,2,2463009.905945
-4.670417,2,2463112.559711
-4.670775,2,2463210.647572
-4.667212,2,2463307.873727
-4.670601,2,2463405.320184
-4.671091,2,2463501.41567
-4.67046,2,2463596.482017
-4.672689,2,2463692.409023
-4.671876,2,2463790.672157
-4.671363,2,2463884.262543
-4.670723,2,2463980.668769
-4.673221,2,2464082.847924
-4.670162,2,2464176.727556
-4.672521,2,2464268.982597
-4.671904,2,2464366.095721
-4.670811,2,2464461.935895
-4.671183,2,2464556.533096
-4.671093,2,2464653.435863
-4.671112,2,2464750.308996
-4.671348,2,2464841.753232
-4.670385,2,2464933.357725
-4.669666,2,2465035.526161
-4.669429,2,2465131.471178
-4.667622,2,2465224.856331
-4.670178,2,2465327.089096
-4.670074,2,2465421.570794
-4.668672,2,2465520.408916
-4.669726,2,2465605.62174
-4.666566,2,2465702.064499
-4.670279,2,2465785.949629
-4.666037,2,2465877.346714
-4.670864,2,2465971.684003
-4.664484,2,2466066.459526
-4.666032,2,2466163.957766
-4.669812,2,2466255.014817
-4.67014,2,2466356.95729
-4.670128,2,2466451.855225
-4.672239,2,2466549.364173
-4.670765,2,2466650.247502
-4.671305,2,2466747.360585
-4.671289,2,2466847.545258
-4.671096,2,2466939.075168
-4.66889,2,2467037.427176
-4.66923,2,2467138.088066
-4.670633,2,2467230.650462
-4.671119,2,2467333.085968
-4.669341,2,2467423.07452
-4.67027,2,2467514.833071
-4.671443,2,2467598.583985
-4.667408,2,2467707.244848
-4.669956,2,2467806.332541
-4.66988,2,2467903.338927
-4.67134,2,2467998.924672
-4.668956,2,2468095.49838
-4.670635,2,2468197.338081
-4.670222,2,2468296.13969
-4.670408,2,2468388.709303
-4.670281,2,2468486.064824
-4.670771,2,2468590.099636
-4.672838,2,2468671.744248
-4.67014,2,2468766.70242
-4.670709,2,2468865.246513
-4.670832,2,2468961.684487
-4.67028,2,2469052.406125
-4.670977,2,2469144.839803
-4.670984,2,2469236.415928
-4.671529,2,2469339.537767
-4.668911,2,2469439.152807
-4.669676,2,2469543.421278
-4.670228,2,2469645.908592
-4.670832,2,2469709.707849
-4.880717,2,2469783.329373
-4.670135,2,2469887.160957
-4.670603,2,2469977.988119
-4.671251,2,2470071.577821
-4.668249,2,2470162.259725
-4.670408,2,2470261.870802
-4.670314,2,2470353.539472
-4.672412,2,2470444.745852
-5.200616,2,2470545.172066
-4.67027,2,2470641.11497
-4.669731,2,2470727.14395
-4.66999,2,2470829.763595
-4.670078,2,2470924.488156
-4.669532,2,2471017.621588
-4.671157,2,2471112.905106
-4.66618,2,2471204.437253
-4.671145,2,2471295.197886
-4.671744,2,2471385.924136
-4.669428,2,2471472.905508
-4.669905,2,2471570.271869
-4.670892,2,2471663.142139
-4.670322,2,2471752.678472
-4.673304,2,2471844.806075
-4.669504,2,2471935.196921
-4.669127,2,2472035.913249
-4.670603,2,2472125.618605
-4.67131,2,2472208.522323
-4.670865,2,2472297.755552
-4.670786,2,2472386.578222
-4.836952,2,2472486.511434
-4.669856,2,2472576.112877
-4.668713,2,2472668.583959
-4.667281,2,2472758.272427
-4.670286,2,2472847.202368
-4.670863,2,2472941.892082
-4.669083,2,2473042.007049
-4.6699,2,2473131.452615
-4.670358,2,2473232.44369
-4.6711,2,2473329.888665
-4.668019,2,2473417.723738
-4.668992,2,2473510.307241
-4.669752,2,2473603.537277
-4.670923,2,2473701.082944
-4.671339,2,2473789.138796
-4.669841,2,2473876.324326
-4.669392,2,2473975.351171
-4.671881,2,2474054.00984
-4.67088,2,2474147.669661
-4.670193,2,2474241.474917
-4.67244,2,2474334.188798
-4.667758,2,2474431.878007
-4.671328,2,2474526.053063
-4.671091,2,2474622.276658
-4.670124,2,2474709.630032
-4.669259,2,2474808.711577
-4.670441,2,2474906.678755
-4.8673,2,2474997.562691
-4.669988,2,2475085.726888
-4.669984,2,2475176.399984
-4.669516,2,2475256.004969
-4.667806,2,2475348.090352
-4.683032,2,2475432.251455
-4.669396,2,2475524.440002
-4.671296,2,2475615.015656
-4.670695,2,2475708.50917
-4.671556,2,2475804.281183
-4.6689,2,2475888.946792
-4.670416,2,2475994.856554
-4.671367,2,2476090.639072
-4.669615,2,2476181.045732
-4.669874,2,2476282.017008
-4.671635,2,2476370.953768
-4.671412,2,2476463.89078
-4.669848,2,2476554.292784
-4.667422,2,2476643.487401
-4.672904,2,2476735.192662
-4.66753,2,2476824.413002
-4.669623,2,2476914.152309
-4.667399,2,2477024.062532
-4.670679,2,2477119.998988
-4.666089,2,2477221.093189
-4.669982,2,2477307.043644
-4.672441,2,2477401.847345
-4.664376,2,2477499.91722
-4.670372,2,2477596.443617
-4.668255,2,2477691.32691
-4.671299,2,2477786.614608
-4.66616,2,2477878.492405
-4.670093,2,2477966.456936
-4.670103,2,2478053.517403
-4.666182,2,2478142.131937
-4.671047,2,2478234.399845
-4.671648,2,2478326.210946
-4.669445,2,2478425.963721
-4.670885,2,2478513.834569
-4.669912,2,2478615.655723
-4.670526,2,2478699.690802
-4.670255,2,2478780.46692
-4.670333,2,2478872.885256
-4.673737,2,2478973.605978
-4.668968,2,2479067.057575
-4.670272,2,2479152.766842
-4.670922,2,2479253.422125
-4.670263,2,2479347.360918
-4.666233,2,2479438.788372
-4.670239,2,2479529.880878
-4.671192,2,2479625.772331
-4.67033,2,2479719.554481
-4.667134,2,2479809.382078
-4.670564,2,2479897.805398
-4.671947,2,2479991.83396
-4.66759,2,2480081.560405
-4.669143,2,2480172.825952
-4.66603,2,2480269.510138
-4.672192,2,2480362.438188
-4.672359,2,2480454.314092
-4.668769,2,2480536.488178
-4.666266,2,2480639.370551
-4.676661,2,2480732.6584
-4.667182,2,2480827.499567
-4.667135,2,2480926.244349
-4.670337,2,2481025.970608
-4.670361,2,2481117.293998
-4.670491,2,2481217.394385
-4.671154,2,2481307.016509
-4.670594,2,2481399.044291
-4.670711,2,2481487.526212
-4.671122,2,2481571.445111
-4.667323,2,2481662.790201
-4.669571,2,2481749.311611
-4.666835,2,2481834.118584
-4.667431,2,2481930.801862
-4.666602,2,2482029.023668
-4.668509,2,2482119.186434
-4.671135,2,2482217.438633
-4.667002,2,2482309.173645
-4.669404,2,2482402.217588
-4.672252,2,2482488.839964
-4.668827,2,2482584.090565
-4.671096,2,2482676.632069
-4.668641,2,2482776.381434
-4.670127,2,2482877.567245
-4.670115,2,2482976.698744
-4.669737,2,2483072.762764
-4.671355,2,2483165.245372
-4.66878,2,2483257.576872
-4.671685,2,2483356.697784
-4.670805,2,2483451.48266
-4.667034,2,2483547.733131
-4.669923,2,2483644.675308
-4.663393,2,2483736.838761
-4.666336,2,2483825.634873
-4.670068,2,2483917.187863
-4.670891,2,2484004.402402
-4.669113,2,2484096.077615
-4.669426,2,2484190.634061
-4.670782,2,2484280.525079
-4.670045,2,2484362.252646
-4.666108,2,2484457.402471
-4.667004,2,2484554.203768
-4.672341,2,2484651.520337
-4.672921,2,2484751.198935
-4.669818,2,2484844.249606
-4.667126,2,2484939.729573
-4.670852,2,2485025.883606
-4.667073,2,2485125.107584
-4.668898,2,2485223.158716
-4.673166,2,2485318.600277
-4.669428,2,2485414.66301
-4.66851,2,2485519.386186
-4.671431,2,2485609.09119
-4.670346,2,2485719.869373
-4.670758,2,2485815.918288
-4.666823,2,2485912.423714
-4.670177,2,2486031.681302
-4.670574,2,2486148.804241
-4.671228,2,2486259.297822
-4.671233,2,2486383.520831
-4.670337,2,2486504.511395
-4.666903,2,2486624.640296
-4.670793,2,2486744.701662
-4.670544,2,2486864.581765
-4.670179,2,2486984.593912
-4.667027,2,2487107.585573
-4.671042,2,2487223.363197
-4.834192,2,2487349.86725
-4.670914,2,2487469.058289
-4.669813,2,2487590.549742
-4.669574,2,2487715.450924
-4.671362,2,2487833.584202
-4.670307,2,2487953.741896
-4.67026,2,2488068.92949
-4.670105,2,2488183.579946
-4.670341,2,2488295.410641
-4.668363,2,2488413.821012
-4.669351,2,2488530.25987
-4.671094,2,2488646.406204
-4.670638,2,2488768.44099
-4.66808,2,2488889.381516
-4.669916,2,2489010.017281
-4.672048,2,2489131.527781
-4.669956,2,2489254.174506
-4.665448,2,2489374.120811
-4.669602,2,2489495.477748
-4.671516,2,2489616.919219
-4.666919,2,2489738.390337
-4.666252,2,2489858.332659
-4.669909,2,2489977.9033
-4.670367,2,2490098.466772
-4.671179,2,2490213.980498
-4.668876,2,2490335.950968
-4.669879,2,2490451.519459
-4.670287,2,2490570.220922
-4.668459,2,2490689.472652
-4.667566,2,2490810.626727
-4.669845,2,2490927.53644
-4.670901,2,2491049.503523
-4.670986,2,2491166.971759
-4.671003,2,2491282.240734
-4.670396,2,2491402.609313
-4.669568,2,2491530.779307
-4.670342,2,2491645.719684
-4.667318,2,2491766.511397
-4.671913,2,2491888.814935
-4.669649,2,2492012.358515
-4.670792,2,2492135.534932
-4.671019,2,2492254.489289
-4.670554,2,2492376.417942
-4.671588,2,2492498.405308
-4.670555,2,2492617.194937
-4.670425,2,2492740.71838
-4.666807,2,2492860.291906
-4.671474,2,2492980.466818
-4.665564,2,2493096.383456
-4.672166,2,2493209.761353
-4.672083,2,2493314.879076
-4.670358,2,2493426.84529
-4.673206,2,2493541.55133
-4.673103,2,2493664.026928
-4.670787,2,2493785.895664
-4.670615,2,2493906.727627
-4.671084,2,2494028.555971
-4.666544,2,2494148.608732
-4.670079,2,2494267.871508
-4.666226,2,2494392.983381
-4.669845,2,2494508.39474
-4.674229,2,2494629.568077
-4.67001,2,2494750.140337
-4.67031,2,2494870.194069
-4.669025,2,2494990.421629
-4.670228,2,2495112.442483
-4.673076,2,2495232.796367
-4.66999,2,2495353.034458
-4.67132,2,2495477.470839
-4.670897,2,2495597.301664
-4.669649,2,2495718.345945
-4.671459,2,2495836.846478
-4.670293,2,2495951.342075
-4.670717,2,2496067.089906
-4.670393,2,2496183.02194
-4.668467,2,2496295.869191
-4.67411,2,2496404.814424
-4.672129,2,2496519.708801
-4.668716,2,2496624.171072
-4.671239,2,2496731.504823
-4.667656,2,2496841.143654
-4.670358,2,2496948.471049
-4.6727,2,2497059.811946
-4.67103,2,2497166.42259
-4.670095,2,2497278.271959
-4.668716,2,2497386.00871
-4.667071,2,2497492.061396
-4.670329,2,2497603.016798
-4.671125,2,2497710.841531
-4.670875,2,2497817.564911
-4.669808,2,2497927.574467
-4.668933,2,2498035.941852
-4.671176,2,2498143.301098
-4.66855,2,2498246.547552
-4.6727,2,2498358.302433
-4.671267,2,2498468.251499
-4.670844,2,2498576.923683
-4.66632,2,2498683.358801
-4.670242,2,2498787.572107
-4.670874,2,2498890.832678
-4.670742,2,2498995.758315
-4.669599,2,2499106.252499
-4.67088,2,2499211.302886
-4.671493,2,2499316.368495
-4.671052,2,2499425.791268
-4.671094,2,2499531.907019
-4.670882,2,2499639.678249
-4.669441,2,2499746.907241
-4.671514,2,2499859.470612
-4.668946,2,2499966.620206
-4.669855,2,2500073.167024
-4.67094,2,2500179.700861
-4.670793,2,2500281.979934
-4.670923,2,2500388.671071
-4.672373,2,2500498.315275
-4.665401,2,2500606.100902
-4.67025,2,2500712.982952
-4.665879,2,2500819.913408
-4.670284,2,2500928.299216
-4.670122,2,2501032.06533
-4.671625,2,2501135.921248
-4.670576,2,2501235.749569
-4.670139,2,2501343.252463
-4.667557,2,2501441.96903
-4.670031,2,2501546.491017
-4.671378,2,2501646.818716
-4.670789,2,2501752.581151
-4.672256,2,2501853.383864
-4.670596,2,2501956.687591
-4.670592,2,2502058.086375
-4.670077,2,2502160.835047
-4.670281,2,2502264.412845
-4.669923,2,2502362.362635
-4.670057,2,2502461.591819
-4.669832,2,2502564.749316
-4.665759,2,2502666.075146
-4.671313,2,2502762.970545
-4.669334,2,2502870.50426
-4.669982,2,2502973.448111
-4.670334,2,2503076.016694
-4.667149,2,2503176.084875
-4.670294,2,2503268.694098
-4.666788,2,2503370.770367
-4.670757,2,2503472.197298
-4.670247,2,2503572.579934
-4.670798,2,2503669.55369
-4.671064,2,2503743.651689
-4.668349,2,2503840.780988
-4.669776,2,2503918.168897
-4.668749,2,2503999.614367
-4.669222,2,2504128.846987
-4.671232,2,2504251.151486
-4.670351,2,2504373.293645
-4.67089,2,2504494.609895
-4.670982,2,2504616.68836
-4.670077,2,2504741.569749
-4.670195,2,2504863.640216
-4.670054,2,2504989.753446
-4.670361,2,2505109.741265
-4.668768,2,2505240.296537
-4.670838,2,2505364.042882
-4.666175,2,2505481.029657
-4.668934,2,2505606.921912
-4.669378,2,2505731.383075
-4.671414,2,2505852.486212
-5.857336,3,2506012.18962
-4.668549,2,2506169.153634
-4.669874,2,2506295.773283
-4.670266,2,2506420.665302
-4.670322,2,2506550.035938
-4.669495,2,2506673.146249
-4.666553,2,2506797.582684
-4.670282,2,2506920.788584
-4.670788,2,2507051.9317
-4.66386,2,2507182.618958
-4.670087,2,2507312.051506
-4.670903,2,2507441.93425
-4.670097,2,2507569.058257
-4.671336,2,2507696.704919
-4.669982,2,2507829.060349
-4.671588,2,2507958.925523
-4.670217,2,2508092.214759
-4.669741,2,2508319.593326
-4.670094,2,2508444.253932
-4.668905,2,2508573.111808
-4.67058,2,2508700.972511
-4.670923,2,2508834.878552
-4.670749,2,2508966.052547
-4.670728,2,2509101.392964
-4.670678,2,2509228.110536
-4.671439,2,2509359.534418
-4.671133,2,2509488.789813
-4.666131,2,2509617.068824
-4.671824,2,2509747.130461
-4.667064,2,2509883.17493
-4.670088,2,2510015.937183
-4.670067,2,2510151.699479
-4.669917,2,2510277.020605
-4.666062,2,2510404.083201
-4.670155,2,2510542.810285
-4.670585,2,2510668.13772
-4.671339,2,2510793.38069
-4.670032,2,2510927.195403
-4.67043,2,2511077.039086
-4.668838,2,2511217.39874
-4.670297,2,2511364.21032
-4.672151,2,2511518.52094
-4.670909,2,2511673.731472
-4.671135,2,2511820.447559
-4.670648,2,2511972.647517
-4.670379,2,2512117.44521
-4.670879,2,2512263.161525
-4.670319,2,2512418.722295
-4.671179,2,2512571.32959
-4.670325,2,2512726.140406
-4.670615,2,2512884.65868
-4.671458,2,2513025.719449
-4.671173,2,2513178.982274
-4.665183,2,2513330.462431
-4.669913,2,2513483.878298
-4.66439,2,2513638.020453
-4.667507,2,2513795.525336
-4.674242,2,2513941.856644
-4.67033,2,2514106.302987
-4.66846,2,2514269.855577
-4.670128,2,2514422.237557
-4.672453,2,2514573.525724
-4.673558,2,2514733.911555
-4.670768,2,2514899.444529
-4.669519,2,2515055.650408
-4.6697,2,2515211.086823
-4.664714,2,2515377.629961
-4.669612,2,2515533.722394
-4.671072,2,2515685.184667
-4.669005,2,2515837.092604
-4.666184,2,2515987.898278
-4.666827,2,2516149.933819
-4.66913,2,2516307.600124
-4.671358,2,2516462.252806
-4.671439,2,2516624.496678
-4.669769,2,2516774.834686
-4.670001,2,2516929.798032
-4.665758,2,2517096.43935
-4.670729,2,2517246.897485
-4.671282,2,2517396.703364
-4.665778,2,2517551.232744
-4.6708,2,2517711.342238
-4.666105,2,2517858.694627
-4.670196,2,2518013.290727
-4.670518,2,2518165.839861
-4.669534,2,2518308.766218
-4.671048,2,2518394.554808
-4.669911,2,2518487.898608
-4.670892,2,2518610.054967
-4.668486,2,2518754.447186
-4.671174,2,2518912.377615
-4.668632,2,2519073.016601
-4.669789,2,2519223.205327
-4.670872,2,2519379.914018
-4.671212,2,2519527.682902
-4.669494,2,2519679.612732
-4.669322,2,2519828.665231
-4.669429,2,2519980.826392
-4.670167,2,2520136.036622
-4.670456,2,2520288.214151
-4.669875,2,2520440.503983
-4.669196,2,2520597.992508
-4.671165,2,2520748.703017
-4.667533,2,2520920.027416
-4.668774,2,2521077.704963
-4.668542,2,2521234.990347
-4.670206,2,2521387.402627
-4.669968,2,2521534.267524
-4.670742,2,2521673.712475
-4.671141,2,2521817.479688
-4.666902,2,2521977.700225
-4.670849,2,2522137.778717
-4.671377,2,2522296.763515
-4.671093,2,2522448.257594
-4.670051,2,2522602.758693
-4.6698,2,2522762.805348
-4.670112,2,2522918.529537
-4.671519,2,2523182.103426
-4.67044,2,2523346.654243
-4.671185,2,2523505.561404
-4.671266,2,2523658.948907
-4.670618,2,2523798.595127
-4.670492,2,2523976.599462
-4.670847,2,2524132.238677
-4.670239,2,2524281.507527
-4.66459,2,2524442.889344
-4.666169,2,2524596.631216
-4.672152,2,2524749.284722
-4.665979,2,2524902.924541
-4.667185,2,2525051.498129
-4.670762,2,2525208.466906
-4.666878,2,2525360.374612
-4.671259,2,2525530.991385
-4.669788,2,2525684.068576
-4.669569,2,2525843.13239
-4.675812,2,2526003.01915
-4.670747,2,2526137.269008
-4.67182,2,2526312.418227
-4.670464,2,2526469.994493
-4.669496,2,2526626.365681
-4.670388,2,2526776.421204
-4.670008,2,2526931.949701
-4.669844,2,2527090.177477
-4.672727,2,2527240.189214
-4.670004,2,2527394.337222
-4.669849,2,2527544.350514
-4.668045,2,2527690.498989
-4.669871,2,2527850.298329
-4.667268,2,2528004.782786
-4.669876,2,2528156.389977
-4.671378,2,2528311.462925
-4.673437,2,2528453.628003
-4.668741,2,2528620.036529
-4.67111,2,2528772.745607
-4.673355,2,2528927.053331
-4.668865,2,2529081.374131
-4.670791,2,2529227.136545
-4.670711,2,2529382.071368
-4.670973,2,2529536.894888
-4.674251,2,2529693.202769
-4.667366,2,2529850.492442
-4.669732,2,2530011.711006
-4.671214,2,2530165.244991
-4.671104,2,2530324.783755
-4.666678,2,2530476.802105
-4.671312,2,2530634.77416
-4.669986,2,2530788.02359
-4.671859,2,2530941.383894
-4.701865,2,2531101.984699
-4.667563,2,2531260.713097
-4.670927,2,2531417.186053
-4.670607,2,2531571.882837
-4.665986,2,2531736.926529
-4.671664,2,2531881.788652
-4.670823,2,2532047.760556
-4.665658,2,2532194.305361
-4.670897,2,2532331.534492
-4.670686,2,2532491.24051
-4.670725,2,2532651.089432
-4.663833,2,2532779.5312
-4.671171,2,2532861.223817
-4.666534,2,2532944.317231
-4.6689,2,2533090.04473
-4.670529,2,2533243.678261
-4.672146,2,2533386.35149
-4.672521,2,2533540.910125
-4.670704,2,2533690.229052
-4.665992,2,2533852.983173
-4.668248,2,2533997.497335
-4.667866,2,2534158.978428
-4.671396,2,2534313.217122
-4.669284,2,2534468.48661
-4.666084,2,2534620.948117
-4.670091,2,2534778.83721
-4.670046,2,2534934.875226
-4.671866,2,2535096.171987
-4.703975,2,2535254.541728
-4.670223,2,2535414.428299
-4.666197,2,2535566.360478
-4.671058,2,2535725.471916
-4.671473,2,2535879.061723
-4.670392,2,2536030.987984
-4.666899,2,2536178.61198
-4.6655,2,2536343.412425
-4.670575,2,2536499.406168
-4.670258,2,2536657.565331
-4.666259,2,2536810.791265
-4.667125,2,2536967.211362
-4.671178,2,2537112.107682
-4.671099,2,2537276.48221
-4.66884,2,2537422.608901
-4.671238,2,2537581.29714
-4.667581,2,2537737.507066
-4.670722,2,2537887.248768
-4.673051,2,2538046.411333
-4.67241,2,2538200.591605
-4.668693,2,2538358.52754
-4.671429,2,2538624.322851
-4.669857,2,2538779.338258
-4.705175,2,2538935.127955
-4.670235,2,2539092.89733
-4.670594,2,2539251.074044
-4.671293,2,2539406.177607
-4.670527,2,2539565.068919
-4.671061,2,2539715.98674
-4.668731,2,2539856.01121
-4.675674,2,2540013.222317
-4.666995,2,2540173.359983
-4.666678,2,2540325.072164
-4.66604,2,2540478.294012
-4.67029,2,2540643.806126
-4.674663,2,2540793.946245
-4.670738,2,2540949.194112
-4.670837,2,2541102.588287
-4.667028,2,2541253.12533
-4.669227,2,2541403.110248
-4.672547,2,2541555.07713
-4.670601,2,2541705.580174
-4.671411,2,2541861.223342
-4.671018,2,2542017.249546
-4.671147,2,2542174.60351
-4.671897,2,2542326.287715
-4.666815,2,2542478.904761
-4.670701,2,2542625.769996
-4.671611,2,2542771.736963
-4.672147,2,2542922.986686
-4.670599,2,2543070.481534
-4.667127,2,2543209.346658
-4.665497,2,2543375.22579
-4.671095,2,2543528.795184
-4.671197,2,2543670.537559
-4.670263,2,2543817.01323
-4.669693,2,2543973.687594
-4.672014,2,2544123.742157
-4.666837,2,2544281.381415
-4.670125,2,2544430.854798
-4.672413,2,2544593.334866
-4.680153,2,2544743.860927
-4.671328,2,2544899.051391
-4.667174,2,2545051.257879
-4.671247,2,2545202.915849
-4.672192,2,2545356.267017
-4.670322,2,2545518.037693
-4.672052,2,2545663.630954
-4.668703,2,2545835.237008
-4.665546,2,2545992.033059
-4.669847,2,2546143.979089
-4.668833,2,2546295.95343
-4.706177,2,2546440.256295
-4.666128,2,2546609.231629
-4.672573,2,2546740.826032
-4.66844,2,2546833.807098
-4.672545,2,2546928.885444
-4.675006,2,2547055.44988
-4.669935,2,2547208.836091
-4.670951,2,2547355.087052
-4.672717,2,2547503.798901
-4.67037,2,2547657.980406
-4.670324,2,2547807.284252
-4.669529,2,2547956.580668
-4.671903,2,2548103.809637
-4.666637,2,2548263.242274
-4.670366,2,2548422.172301
-4.67037,2,2548574.529854
-4.672558,2,2548724.194483
-4.668625,2,2548878.159511
-4.666118,2,2549041.507871
-4.667212,2,2549186.718545
-4.668717,2,2549341.004793
-4.670851,2,2549494.108396
-4.668952,2,2549648.044063
-4.666412,2,2549799.293694
-4.665475,2,2549952.427346
-4.669264,2,2550112.378891
-4.671457,2,2550270.276071
-4.666251,2,2550415.978356
-4.668646,2,2550569.700378
-4.670286,2,2550722.163381
-4.669391,2,2550876.489836
-4.670744,2,2551040.065255
-4.672112,2,2551202.326949
-4.670581,2,2551353.388507
-4.67119,2,2551503.465338
-4.667284,2,2551653.92192
-4.670794,2,2551806.373826
-4.672389,2,2551951.291625
-4.668537,2,2552110.424388
-4.671244,2,2552275.748505
-4.667193,2,2552427.738239
-4.670797,2,2552580.843733
-4.670249,2,2552733.364978
-4.670777,2,2552831.347456
-4.670381,2,2552970.251902
-4.671077,2,2553125.668799
-4.664806,2,2553276.72753
-4.670171,2,2553428.911638
-4.670296,2,2553579.215549
-4.67062,2,2553834.831506
-4.67074,2,2553978.206887
-4.672901,2,2554117.214847
-4.66936,2,2554268.129266
-4.67093,2,2554406.203836
-4.66884,2,2554543.2642
-4.670644,2,2554673.00607
-4.670772,2,2554804.611774
-4.669976,2,2554934.198354
-4.670616,2,2555067.735825
-4.670976,2,2555201.494511
-4.669768,2,2555337.27002
-4.666189,2,2555474.661715
-4.666035,2,2555608.898561
-4.668801,2,2555741.610035
-4.670504,2,2555877.723052
-4.672373,2,2556021.377394
-4.670541,2,2556154.800584
-4.67111,2,2556288.537284
-4.671494,2,2556427.888266
-4.670848,2,2556585.722194
-4.670776,2,2556730.855005
-4.666202,2,2556877.855195
-4.667096,2,2557016.524595
-4.675251,2,2557149.314005
-4.666916,2,2557276.562549
-4.670549,2,2557411.872361
-4.669462,2,2557554.810755
-4.670676,2,2557690.873071
-4.670548,2,2557821.528141
-4.671341,2,2557960.453807
-4.669514,2,2558097.368945
-4.666689,2,2558228.778449
-4.674288,2,2558362.280615
-4.703443,2,2558493.223902
-4.666994,2,2558630.523818
-4.669121,2,2558765.475876
-4.669609,2,2558899.633348
-4.666704,2,2559034.697926
-4.669563,2,2559173.789891
-4.669581,2,2559318.841823
-4.670597,2,2559448.594446
-4.669204,2,2559587.539515
-4.705497,2,2559720.803727
-4.670987,2,2559857.550363
-4.670365,2,2559997.057104
-4.666564,2,2560130.642473
-4.669777,2,2560269.214667
-4.666878,2,2560399.804085
-4.679666,2,2560511.843287
-4.669968,2,2560604.085731
-4.676154,2,2560684.784401
-4.671889,2,2560804.881911
-4.70497,2,2560941.978798
-4.672199,2,2561073.865805
-4.671309,2,2561205.047811
-4.66588,2,2561342.309036
-4.66921,2,2561476.979448
-4.671594,2,2561618.51223
-4.67027,2,2561749.665112
-4.671318,2,2561886.089813
-4.669475,2,2562020.422455
-4.672053,2,2562154.883378
-4.670245,2,2562287.755254
-4.661668,2,2562423.311544
-4.670774,2,2562558.936702
-4.671911,2,2562693.352903
-4.670877,2,2562823.872145
-4.670873,2,2562968.111039
-4.667233,2,2563108.297295
-4.666705,2,2563241.463778
-4.672203,2,2563374.570963
-4.670199,2,2563504.899192
-4.670944,2,2563643.076495
-4.671092,2,2563775.35464
-4.671367,2,2563912.699495
-4.670578,2,2564049.170321
-4.668343,2,2564181.811043
-4.666003,2,2564313.987417
-4.671147,2,2564450.986431
-4.670519,2,2564587.274616
-4.671437,2,2564719.755323
-4.670115,2,2564849.869913
-4.671856,2,2564991.297247
-4.67072,2,2565127.762262
-4.665717,2,2565265.262262
-4.666935,2,2565403.299311
-4.675098,2,2565530.886651
-4.668131,2,2565666.627352
-4.66591,2,2565807.206603
-4.670779,2,2565944.552558
-4.671363,2,2566078.555031
-4.668839,2,2566215.312118
-4.666634,2,2566346.087294
-4.667321,2,2566482.120149
-4.670357,2,2566613.910988
-4.697447,2,2566744.993691
-4.670436,2,2566882.096798
-4.668224,2,2567019.583533
-4.671232,2,2567149.722429
-4.669478,2,2567392.257997
-4.670309,2,2567531.21049
-4.669876,2,2567667.391391
-4.670497,2,2567807.804328
-4.668977,2,2567944.466157
-4.666016,2,2568079.382548
-4.669899,2,2568215.850097
-4.67092,2,2568351.1926
-4.671204,2,2568484.513613
-4.669806,2,2568626.9665
-4.67103,2,2568764.886302
-4.668921,2,2568899.102761
-4.66846,2,2569030.285068
-4.687101,2,2569164.094885
-4.666251,2,2569298.474848
-4.666577,2,2569441.013513
-4.671293,2,2569575.800251
-4.672626,2,2569711.805851
-4.67002,2,2569847.762461
-4.671387,2,2569988.537446
-4.671099,2,2570119.179651
-4.665154,2,2570257.738641
-4.670767,2,2570395.174688
-4.670184,2,2570531.690872
-4.669813,2,2570663.948037
-4.665352,2,2570802.999536
-4.670618,2,2570938.166037
-4.670545,2,2571070.609369
-4.66951,2,2571207.787038
-4.671433,2,2571345.96217
-4.670629,2,2571487.94078
-4.680642,2,2571626.379989
-4.670465,2,2571767.981019
-4.670489,2,2571897.34459
-4.669939,2,2572037.097355
-4.673659,2,2572170.659246
-4.672582,2,2572312.714291
-4.671356,2,2572451.980682
-4.669445,2,2572585.95875
-4.671368,2,2572724.743118
-4.673334,2,2572858.993975
-4.667628,2,2572995.603594
-4.672367,2,2573134.44527
-4.706591,2,2573268.215352
-4.670369,2,2573403.646357
-4.672337,2,2573540.92919
-4.668551,2,2573668.919781
-4.669876,2,2573805.082609
-4.668732,2,2573944.666222
-4.669583,2,2574073.600749
-4.670021,2,2574214.476343
-4.67027,2,2574347.387309
-4.671284,2,2574480.597795
-4.669832,2,2574619.832955
-4.680236,2,2574746.79517
-4.670615,2,2574891.363002
-4.670384,2,2575024.8738
-4.671291,2,2575164.029542
-4.670078,2,2575295.920578
-4.667316,2,2575419.757137
-4.671164,2,2575551.553996
-4.671326,2,2575682.234256
-4.667004,2,2575791.107489
-4.668299,2,2575878.834839
-4.671007,2,2575995.248944
-4.668684,2,2576115.128325
-4.671156,2,2576230.57027
-4.668491,2,2576356.76768
-4.6708,2,2576478.920509
-4.670352,2,2576596.995912
-4.671108,2,2576721.087583
-4.703303,2,2576838.27351
-4.668718,2,2576955.973784
-4.669187,2,2577068.626643
-4.669828,2,2577190.873281
-4.670929,2,2577307.645167
-4.670494,2,2577431.2645
-4.670865,2,2577547.332405
-4.666189,2,2577669.157969
-4.669972,2,2577794.846763
-4.670378,2,2577915.661025
-4.669418,2,2578038.427069
-4.668499,2,2578154.849094
-4.670699,2,2578280.628925
-4.671485,2,2578405.629262
-4.670573,2,2578543.167183
-4.670951,2,2578677.265114
-4.671027,2,2578805.107774
-4.674099,2,2578933.769582
-4.66999,2,2579067.913031
-4.671424,2,2579200.965925
-4.670318,2,2579332.012905
-4.670021,2,2579466.877023
-4.669164,2,2579598.631244
-4.673501,2,2579730.640776
-4.670602,2,2579866.498163
-4.664934,2,2579998.478122
-4.667895,2,2580130.160417
-4.673368,2,2580257.132968
-4.670782,2,2580387.993541
-4.674463,2,2580621.690081
-4.670293,2,2580749.671999
-4.670659,2,2580882.558356
-4.665834,2,2581015.457933
-4.669959,2,2581146.765938
-4.671056,2,2581279.471429
-4.672183,2,2581418.54824
-4.670471,2,2581548.778005
-4.669949,2,2581681.167367
-4.67032,2,2581815.135609
-4.670326,2,2581939.547367
-4.666893,2,2582073.4708
-4.670942,2,2582204.020902
-4.670942,2,2582333.232516
-4.669754,2,2582468.575918
-4.670589,2,2582598.125182
-4.670242,2,2582729.99513
-4.669077,2,2582859.575191
-4.671838,2,2582994.234487
-4.67074,2,2583123.946448
-4.670081,2,2583254.385427
-4.816731,2,2583384.342379
-4.665921,2,2583512.647082
-4.672002,2,2583642.080045
-4.668686,2,2583776.186687
-4.671096,2,2583901.942301
-4.667323,2,2584030.94835
-4.671668,2,2584160.835103
-4.665924,2,2584293.743765
-4.667151,2,2584379.574348
-4.671267,2,2584470.218005
-4.673742,2,2584585.227009
-4.673052,2,2584713.979994
-4.669997,2,2584845.684856
-4.670671,2,2584992.663671
-4.670723,2,2585123.49543
-4.669899,2,2585259.59039
-4.671345,2,2585390.024875
-4.669912,2,2585522.298555
-4.670611,2,2585651.404581
-4.671007,2,2585780.802888
-4.669661,2,2585918.409831
-4.666165,2,2586051.803523
-4.703306,2,2586182.531076
-4.669839,2,2586312.112807
-4.666637,2,2586442.074541
-4.67087,2,2586568.082563
-4.666248,2,2586691.674303
-4.67073,2,2586814.916822
-4.67035,2,2586945.295212
-4.671231,2,2587077.341402
-4.67094,2,2587214.525639
-4.666245,2,2587349.912404
-4.67038,2,2587482.302802
-4.670792,2,2587613.346031
-4.670241,2,2587741.146356
-4.671265,2,2587872.655624
-4.668945,2,2588003.419497
-4.669035,2,2588138.599912
-4.673705,2,2588269.771309
-4.667345,2,2588401.461187
-4.670833,2,2588535.450328
-4.672089,2,2588665.334243
-4.673369,2,2588793.07542
-4.670486,2,2588935.071663
-4.6724,2,2589066.595895
-4.670021,2,2589196.480104
-4.701866,2,2589324.461975
-4.66828,2,2589455.122756
-4.666716,2,2589589.690014
-4.839291,2,2589724.714376
-4.670503,2,2589856.053483
-4.668619,2,2589987.063451
-4.672437,2,2590119.753013
-4.671513,2,2590248.919091
-4.671137,2,2590386.71327
-4.671281,2,2590519.712518
-4.670835,2,2590649.44294
-4.673761,2,2590785.970045
-4.666893,2,2590913.702628
-4.670881,2,2591041.060268
-4.668188,2,2591180.24779
-4.67022,2,2591309.330243
-4.669329,2,2591444.751477
-4.670325,2,2591575.430245
-4.669938,2,2591710.131694
-4.668563,2,2591835.948987
-4.670231,2,2591972.143295
-4.670948,2,2592100.293925
-4.668936,2,2592230.144714
-4.669736,2,2592359.366782
-4.670576,2,2592493.396066
-4.671118,2,2592623.251461
-4.669828,2,2592753.556081
-4.672735,2,2592884.989371
-4.670907,2,2593012.492227
-4.668379,2,2593148.311981
-4.670677,2,2593279.111897
-4.668765,2,2593412.219039
-4.669702,2,2593539.097751
-4.672179,2,2593770.941085
-4.666839,2,2593904.377824
-4.672115,2,2594036.978427
-4.67013,2,2594166.239722
-4.67017,2,2594301.826139
-4.669916,2,2594431.232092
-4.670921,2,2594570.64683
-4.670614,2,2594703.349118
-4.670373,2,2594838.416169
-4.67121,2,2594971.094318
-4.666148,2,2595097.75718
-4.671418,2,2595219.337263
-4.670115,2,2595345.847792
-4.669894,2,2595465.175511
-4.668525,2,2595587.34079
-4.672558,2,2595712.509536
-4.670312,2,2595839.431017
-4.671087,2,2595963.753181
-4.716612,2,2596087.670573
-4.673546,2,2596215.741798
-4.664361,2,2596337.882453
-4.669993,2,2596464.176141
-4.667246,2,2596586.366357
-4.667437,2,2596713.733273
-4.669435,2,2596836.535382
-4.672211,2,2596959.814755
-4.66875,2,2597088.561619
-4.669722,2,2597212.022316
-4.670782,2,2597337.82511
-4.670876,2,2597461.235185
-4.670811,2,2597584.084733
-4.666366,2,2597714.024284
-4.666843,2,2597848.590747
-4.671503,2,2597980.288463
-4.665919,2,2598115.512148
-4.6722,2,2598253.428365
-4.670986,2,2598385.421683
-4.666033,2,2598519.708327
-4.6712,2,2598654.453493
-4.670543,2,2598780.912834
-4.670126,2,2598924.052904
-4.666686,2,2599061.079717
-4.670682,2,2599201.580625
-4.670438,2,2599334.879557
-4.67048,2,2599472.08591
-4.67029,2,2599608.643844
-4.667534,2,2599703.552925
-4.66823,2,2599797.800519
-4.670707,2,2599893.447562
-4.66999,2,2600030.951389
-4.671262,2,2600164.629587
-4.666047,2,2600298.418711
-4.665537,2,2600437.910403
-4.666016,2,2600587.820401
-4.670099,2,2600729.292515
-4.671183,2,2600879.492687
-4.670329,2,2601024.844874
-4.670418,2,2601158.745332
-4.670494,2,2601289.367306
-4.671295,2,2601425.099749
-4.669902,2,2601558.532388
-4.669308,2,2601694.559174
-4.668449,2,2601831.11263
-4.67111,2,2601964.680904
-4.670216,2,2602098.545598
-4.670352,2,2602239.147404
-4.670904,2,2602372.661015
-4.666851,2,2602509.106509
-4.670867,2,2602643.171035
-4.671303,2,2602776.431759
-4.672384,2,2602912.922183
-4.668724,2,2603049.354681
-4.670118,2,2603195.650677
-4.672165,2,2603331.459872
-4.671331,2,2603467.590788
-4.670045,2,2603605.165529
-4.671071,2,2603745.064977
-4.669585,2,2603877.809757
-4.671439,2,2604024.864925
-4.666714,2,2604161.195413
-4.666551,2,2604298.502922
-4.668864,2,2604435.71538
-4.670326,2,2604572.502013
-4.668654,2,2604711.130533
-4.66596,2,2604846.058568
-4.671097,2,2604980.765627
-4.671333,2,2605117.459602
-4.670457,2,2605254.956812
-4.667587,2,2605388.690964
-4.670778,2,2605522.921069
-4.670367,2,2605651.421388
-4.669863,2,2605787.819425
-4.666168,2,2605928.327928
-4.669809,2,2606065.477529
-4.669767,2,2606200.60152
-4.670197,2,2606340.972933
-4.669863,2,2606478.496814
-4.671716,2,2606628.884263
-4.67056,2,2606761.756414
-5.001616,2,2606903.056378
-4.670646,2,2607147.618299
-4.669493,2,2607280.736442
-4.671555,2,2607420.491146
-4.670807,2,2607567.655792
-4.669201,2,2607721.303423
-4.66882,2,2607870.360081
-4.671094,2,2608017.959409
-4.669584,2,2608171.710681
-4.669993,2,2608299.221814
-4.669609,2,2608426.312222
-4.666213,2,2608548.464746
-4.66579,2,2608675.084725
-4.666113,2,2608802.217564
-4.669861,2,2608926.753087
-4.670926,2,2609056.197655
-4.67073,2,2609178.84164
-4.668297,2,2609304.191112
-4.669571,2,2609426.274899
-4.667735,2,2609553.914572
-4.671263,2,2609672.341284
-4.669582,2,2609797.586478
-4.670209,2,2609917.400801
-4.666439,2,2610035.759503
-4.672194,2,2610164.983672
-4.67139,2,2610286.784448
-4.671613,2,2610407.028818
-4.668046,2,2610529.023934
-4.671213,2,2610658.975555
-4.669919,2,2610794.750886
-4.669352,2,2610941.727584
-4.669802,2,2611068.400829
-4.67053,2,2611206.799831
-4.67007,2,2611328.467922
-4.670843,2,2611453.963214
-4.671083,2,2611580.071293
-4.666735,2,2611696.739044
-4.669453,2,2611825.405454
-4.668831,2,2611947.577609
-4.668579,2,2612070.164252
-4.666112,2,2612197.704712
-4.665984,2,2612318.043726
-4.670832,2,2612437.248118
-4.671231,2,2612560.411577
-4.667154,2,2612684.89346
-4.670102,2,2612806.169025
-4.672557,2,2612932.97441
-4.671136,2,2613054.044303
-4.670913,2,2613180.197395
-4.66831,2,2613321.194523
-4.670864,2,2613454.685862
-4.666356,2,2613591.286783
-4.668628,2,2613716.463227
-4.668805,2,2613834.669329
-4.669021,2,2613951.367667
-4.666313,2,2614074.997288
-4.671577,2,2614198.495649
-4.670581,2,2614320.524239
-4.671126,2,2614457.606909
-4.67069,2,2614584.195205
-4.671036,2,2614717.914458
-4.669437,2,2614846.809841
-4.672245,2,2614969.008332
-4.670569,2,2615093.099766
-4.668873,2,2615219.309773
-4.670618,2,2615342.192536
-4.670789,2,2615463.083984
-4.669508,2,2615587.436513
-4.670086,2,2615713.034476
-4.671239,2,2615835.789713
-4.672449,2,2615966.405912
-4.66685,2,2616101.137886
-4.67138,2,2616236.435899
-4.670729,2,2616354.660281
-4.669957,2,2616442.525339
-4.670384,2,2616528.190693
-4.670294,2,2616618.656944
-4.669714,2,2616742.563615
-4.671064,2,2616863.886841
-4.666333,2,2616994.350199
-4.67141,2,2617116.391541
-4.665857,2,2617239.702991
-4.669551,2,2617361.011894
-4.670187,2,2617483.903909
-4.66938,2,2617607.862759
-4.670808,2,2617733.646871
-4.667675,2,2617853.746007
-4.670345,2,2617974.31608
-4.67026,2,2618096.647004
-4.671396,2,2618220.599633
-4.668377,2,2618342.724898
-4.670466,2,2618464.430233
-4.67136,2,2618583.021207
-4.670787,2,2618704.278307
-4.66885,2,2618832.04342
-4.669937,2,2618950.985595
-4.670221,2,2619087.151579
-4.668161,2,2619224.141355
-4.672453,2,2619362.824019
-4.671629,2,2619492.708233
-4.665676,2,2619612.996815
-4.671337,2,2619835.38888
-4.667153,2,2619957.082128
-4.666581,2,2620080.092464
-4.666799,2,2620198.281338
-4.6685,2,2620321.084878
-4.6703,2,2620446.592994
-4.671338,2,2620568.282503
-4.669449,2,2620687.680834
-4.670828,2,2620809.804698
-4.671395,2,2620935.502314
-4.702024,2,2621056.324041
-4.665868,2,2621180.736627
-4.670333,2,2621309.594463
-4.670886,2,2621445.64724
-4.669632,2,2621579.228048
-4.67021,2,2621710.462533
-4.67005,2,2621830.934594
-4.671657,2,2621955.161097
-4.67,2,2622075.405782
-4.672214,2,2622198.415551
-4.669926,2,2622313.010055
-4.670911,2,2622438.326193
-4.670103,2,2622560.668766
-4.670956,2,2622677.338975
-4.67064,2,2622797.71902
-4.670288,2,2622917.934793
-4.669339,2,2623045.468387
-4.672201,2,2623169.349146
-4.671548,2,2623289.818928
-4.670218,2,2623410.366465
-4.672373,2,2623529.153366
-4.670445,2,2623657.288131
-4.66761,2,2623780.606095
-4.66622,2,2623902.594103
-4.67029,2,2624025.344128
-4.669266,2,2624148.702527
-4.67105,2,2624269.439426
-4.665172,2,2624395.391603
-4.670258,2,2624516.795571
-4.669328,2,2624640.974165
-4.673438,2,2624758.54843
-4.669369,2,2624881.66396
-4.670149,2,2625015.273585
-4.670283,2,2625141.424563
-4.670195,2,2625269.957407
-4.670989,2,2625395.59799
-4.667433,2,2625521.482074
-4.666193,2,2625642.599216
-4.667212,2,2625766.372124
-4.670536,2,2625883.084475
-4.67042,2,2626008.37805
-4.669927,2,2626130.862878
-4.671092,2,2626254.147471
-4.670074,2,2626376.981898
-4.670089,2,2626502.4171
-4.666188,2,2626622.853923
-4.671108,2,2626750.280162
-4.67054,2,2626872.227085
-4.67042,2,2626994.740669
-4.671337,2,2627113.088794
-4.670883,2,2627237.01023
-4.670779,2,2627363.094641
-4.670921,2,2627482.214244
-4.667166,2,2627603.626957
-4.669412,2,2627721.690476
-4.670614,2,2627846.528792
-4.670367,2,2627966.500176
-4.671255,2,2628092.697418
-4.671026,2,2628213.598293
-4.666114,2,2628340.068638
-4.67143,2,2628473.111526
-4.669425,2,2628605.778435
-4.671335,2,2628739.194646
-4.6703,2,2628855.915675
-4.670064,2,2628980.901497
-4.671916,2,2629099.955209
-4.666198,2,2629221.516007
-4.670048,2,2629346.734598
-4.669034,2,2629466.24104
-4.670041,2,2629592.787317
-4.670156,2,2629718.061804
-4.669299,2,2629840.557454
-4.675137,2,2629964.538853
-4.670386,2,2630088.458826
-4.670556,2,2630209.291047
-4.670802,2,2630334.351338
-4.670875,2,2630465.439051
-4.670345,2,2630590.722548
-4.671399,2,2630714.793279
-4.671282,2,2630838.053179
-4.667749,2,2630970.739841
-4.67561,2,2631103.08422
-4.670776,2,2631235.551291
-4.672441,2,2631367.725638
-4.674736,2,2631498.332224
-4.668886,2,2631622.8943
-4.670697,2,2631701.199154
-4.669945,2,2631783.615729
-4.67058,2,2631879.624344
-4.669549,2,2631998.589026
-4.670524,2,2632218.232006
-4.66687,2,2632347.278482
-4.671859,2,2632466.535211
-4.666217,2,2632588.513137
-4.70583,2,2632713.104518
-4.670579,2,2632836.830838
-4.667558,2,2632959.744062
-4.667142,2,2633080.383279
-4.667277,2,2633206.490425
-4.672021,2,2633326.72646
-4.671604,2,2633451.805354
-4.671359,2,2633593.693821
-4.670771,2,2633720.459775
-4.670553,2,2633846.010209
-4.666715,2,2633966.602816
-4.671169,2,2634088.667686
-4.670138,2,2634207.698483
-4.672178,2,2634335.788941
-4.666416,2,2634453.938978
-4.670216,2,2634587.8046
-4.671011,2,2634718.123183
-4.670413,2,2634849.879524
-4.667481,2,2634976.254633
-4.67062,2,2635099.031782
-4.66988,2,2635217.936138
-4.670868,2,2635339.04722
-4.674291,2,2635458.268555
-4.667266,2,2635579.973009
-4.667847,2,2635706.530638
-4.666945,2,2635829.263472
-4.665869,2,2635950.151886
-4.670722,2,2636074.218223
-4.670977,2,2636199.837897
-4.670365,2,2636315.323624
-4.664949,2,2636446.373657
-4.67109,2,2636577.017097
-4.666261,2,2636712.198893
-4.672246,2,2636854.998685
-4.669968,2,2636981.273627
-4.67036,2,2637101.861103
-4.670677,2,2637225.070484
-4.668388,2,2637343.907032
-4.672245,2,2637472.978327
-4.670553,2,2637588.038381
-4.670116,2,2637714.076931
-4.670655,2,2637837.431626
-4.667682,2,2637959.632776
-4.665144,2,2638083.414734
-4.668337,2,2638202.868859
-4.666687,2,2638328.017029
-4.673995,2,2638449.769385
-4.670109,2,2638571.345071
-4.669844,2,2638697.91954
-4.670845,2,2638822.824008
-4.67096,2,2638941.40992
-4.671289,2,2639068.90981
-4.669706,2,2639188.758225
-4.670817,2,2639307.203331
-4.665941,2,2639430.005947
-4.667798,2,2639550.886554
-4.672317,2,2639674.481109
-4.670224,2,2639811.731386
-4.671477,2,2639942.052478
-4.666897,2,2640075.624252
-4.666454,2,2640199.609657
-4.66834,2,2640326.209185
-4.667722,2,2640449.363254
-4.674242,2,2640571.157309
-4.670315,2,2640693.267391
-4.670837,2,2640812.020695
-4.663767,2,2640933.089878
-4.6699,2,2641049.082702
-4.671693,2,2641170.025502
-4.671253,2,2641289.616681
-4.67089,2,2641413.918638
-4.667242,2,2641536.661749
-4.66658,2,2641656.598879
-4.667048,2,2641779.525584
-4.670241,2,2641898.21374
-4.666812,2,2642023.036601
-4.667432,2,2642144.184773
-4.670352,2,2642263.002782
-4.669597,2,2642389.101325
-4.671507,2,2642505.588472
-4.67143,2,2642626.121356
-4.670699,2,2642750.751712
-4.670847,2,2642868.552991
-4.666499,2,2642993.003263
-4.672297,2,2643115.808329
-4.672462,2,2643236.016991
-4.670452,2,2643356.448726
-4.673532,2,2643490.503813
-4.667066,2,2643610.88956
-4.671067,2,2643729.129824
-4.66682,2,2643852.741149
-4.673645,2,2643975.37848
-4.666876,2,2644092.068124
-4.66867,2,2644216.367269
-4.670246,2,2644333.740036
-4.66623,2,2644457.990422
-4.670882,2,2644684.683374
-4.670299,2,2644802.369962
-4.667619,2,2644923.920791
-4.667477,2,2645046.077527
-4.669337,2,2645164.033884
-4.665467,2,2645287.004592
-4.671487,2,2645412.832891
-4.666937,2,2645533.140032
-4.671815,2,2645656.105654
-4.668878,2,2645781.488768
-4.67055,2,2645907.552082
-4.66611,2,2646031.639398
-4.672166,2,2646159.698955
-4.670251,2,2646294.829253
-4.670231,2,2646432.668052
-4.672108,2,2646564.616676
-4.666091,2,2646695.887783
-4.67017,2,2646816.431154
-4.671325,2,2646936.457201
-4.672767,2,2647054.199629
-4.671828,2,2647180.438973
-4.668454,2,2647302.289209
-4.669091,2,2647424.561933
-4.670096,2,2647550.619388
-4.670523,2,2647622.678368
-4.6649,2,2647703.817605
-4.666106,2,2647792.781659
-4.670832,2,2647926.885892
-4.671214,2,2648054.579539
-4.670609,2,2648174.262514
-4.666712,2,2648306.474153
-4.669915,2,2648430.934794
-4.670339,2,2648558.052421
-4.670584,2,2648681.451537
-4.670399,2,2648811.216678
-4.671293,2,2648942.336652
-4.666547,2,2649072.483249
-4.669025,2,2649197.98062
-4.673492,2,2649325.918301
-4.670475,2,2649451.290856
-4.667847,2,2649579.939852
-4.670503,2,2649699.388234
-4.671781,2,2649823.795009
-4.670808,2,2649942.314366
-4.667101,2,2650062.969221
-4.669484,2,2650184.347804
-4.666306,2,2650307.774827
-4.671216,2,2650433.500352
-4.668245,2,2650558.834935
-4.666455,2,2650679.248273
-4.6665,2,2650802.476409
-4.670336,2,2650926.618237
-4.671123,2,2651066.967587
-4.665914,2,2651189.876273
-4.667183,2,2651323.610082
-4.669263,2,2651444.599763
-4.670363,2,2651567.08784
-4.666028,2,2651694.412313
-4.67073,2,2651827.931696
-4.671053,2,2651964.399077
-4.667572,2,2652096.407935
-4.671753,2,2652231.469913
-4.669436,2,2652352.79939
-4.663731,2,2652478.910602
-4.66876,2,2652603.229365
-4.670096,2,2652735.057766
-4.669573,2,2652853.686887
-4.666185,2,2652976.875701
-4.670301,2,2653094.192847
-4.670337,2,2653223.008236
-4.668074,2,2653341.770481
-4.671521,2,2653461.736414
-4.66712,2,2653582.0983
-4.67233,2,2653705.294008
-4.669771,2,2653831.87867
-4.666335,2,2653960.851814
-4.670929,2,2654097.171909
-4.670699,2,2654232.581792
-4.668691,2,2654365.615756
-4.670959,2,2654496.169652
-4.676333,2,2654631.025471
-4.667031,2,2654769.601973
-4.670531,2,2654906.730084
-4.667257,2,2655036.189477
-4.670307,2,2655170.398516
-4.665037,2,2655305.197397
-4.701123,2,2655439.757226
-4.672638,2,2655569.402965
-4.670856,2,2655709.175395
-4.668551,2,2655853.409301
-4.6707,2,2655986.937133
-4.67027,2,2656134.469926
-4.670593,2,2656272.912749
-4.667132,2,2656413.208188
-4.670831,2,2656551.851583
-4.666532,2,2656691.158479
-4.667725,2,2656822.773436
-4.671155,2,2656962.629997
-4.672081,2,2657100.411049
-4.671073,2,2657250.15517
-4.67036,2,2657524.346951
-4.668881,2,2657674.291461
-4.669896,2,2657828.232965
-4.670327,2,2657975.391672
-4.669889,2,2658120.531863
-4.666069,2,2658259.359404
-4.669922,2,2658391.506928
-4.671132,2,2658527.023999
-4.671794,2,2658667.360517
-4.666977,2,2658805.175039
-4.669975,2,2658943.766615
-4.670629,2,2659078.85759
-4.670759,2,2659207.933202
-4.665353,2,2659352.889668
-4.669871,2,2659486.830127
-4.671305,2,2659623.654559
-4.668632,2,2659762.856339
-4.671373,2,2659903.627285
-4.666336,2,2660050.240402
-4.667719,2,2660186.060518
-4.665884,2,2660311.76682
-4.667151,2,2660443.880796
-4.670709,2,2660569.872253
-4.670238,2,2660694.533196
-4.6725,2,2660815.446429
-4.668572,2,2660936.946781
-4.668633,2,2661063.60832
-4.669819,2,2661188.577376
-4.670032,2,2661313.233854
-4.666322,2,2661434.454628
-4.666773,2,2661558.487035
-4.668595,2,2661682.845118
-4.671077,2,2661809.131371
-4.671519,2,2661932.257496
-4.671071,2,2662056.886524
-4.674297,2,2662182.794492
-4.664361,2,2662304.934088
-4.670353,2,2662429.051683
-4.665947,2,2662554.155017
-4.662647,2,2662643.945276
-4.667126,2,2662725.24576
-4.671826,2,2662820.937394
-4.669957,2,2662943.397522
-4.665903,2,2663075.388851
-4.66868,2,2663204.924592
-4.670299,2,2663329.640364
-4.665479,2,2663451.422979
-4.669978,2,2663575.455758
-4.666521,2,2663702.85086
-4.671305,2,2663827.785912
-4.668101,2,2663949.935333
-4.665907,2,2664071.503274
-4.667242,2,2664195.535307
-4.666756,2,2664325.462863
-4.674362,2,2664460.900349
-4.666111,2,2664601.629587
-4.669863,2,2664732.669636
-4.667417,2,2664859.45528
-4.666349,2,2664997.630235
-4.6703,2,2665119.240904
-4.671777,2,2665242.002966
-4.667684,2,2665372.826478
-4.670368,2,2665495.698976
-4.671562,2,2665621.653109
-4.670442,2,2665745.895648
-4.663934,2,2665868.771911
-4.670738,2,2665988.917264
-4.668321,2,2666113.340676
-4.66867,2,2666240.395599
-4.666227,2,2666364.415415
-4.672718,2,2666488.442332
-4.670251,2,2666610.73306
-4.670871,2,2666748.577968
-4.669846,2,2666883.475744
-4.671411,2,2667022.988223
-4.666045,2,2667156.435474
-4.675745,2,2667284.642578
-4.666019,2,2667409.223994
-4.668486,2,2667526.463714
-4.672422,2,2667648.012682
-4.668087,2,2667773.284413
-4.671254,2,2667897.747394
-4.668063,2,2668021.512084
-4.666955,2,2668148.259381
-4.6706,2,2668279.105123
-4.672027,2,2668405.198914
-4.670817,2,2668533.70317
-4.664072,2,2668656.796179
-4.670223,2,2668786.395984
-4.669742,2,2668909.706781
-4.666277,2,2669039.196179
-4.6728,2,2669163.583888
-4.670355,2,2669288.952521
-4.669861,2,2669411.750394
-4.670668,2,2669543.479841
-4.671293,2,2669669.786858
-4.669468,2,2669796.766927
-4.67119,2,2669921.964198
-4.670545,2,2670048.68133
-4.666057,2,2670177.977039
-4.669233,2,2670410.30842
-4.669796,2,2670535.882079
-4.700502,2,2670659.07639
-4.671104,2,2670781.500783
-4.670248,2,2670909.326859
-4.670895,2,2671032.321244
-4.66544,2,2671158.881506
-4.671087,2,2671286.167045
-4.670505,2,2671413.010332
-4.671151,2,2671534.767582
-4.667693,2,2671664.486992
-4.669691,2,2671791.549916
-4.671132,2,2671908.874821
-4.672405,2,2672046.173859
-4.669033,2,2672187.114798
-4.672343,2,2672325.117915
-4.670664,2,2672456.025967
-4.703089,2,2672582.810098
-4.67241,2,2672706.832263
-4.669462,2,2672840.374358
-4.669573,2,2672962.575933
-4.666217,2,2673088.210975
-4.66645,2,2673221.303745
-4.67017,2,2673349.292941
-4.667482,2,2673475.661743
-4.666842,2,2673599.350208
-4.665962,2,2673728.736292
-4.665979,2,2673855.41076
-4.669843,2,2673977.746491
-4.670501,2,2674106.486366
-4.668508,2,2674236.743838
-4.669682,2,2674362.577815
-4.671207,2,2674485.52674
-4.669879,2,2674614.426522
-4.669951,2,2674745.915778
-4.666089,2,2674871.650855
-4.671227,2,2675000.250305
-4.667728,2,2675128.56516
-4.670074,2,2675249.014276
-4.670778,2,2675377.465605
-4.666293,2,2675505.755361
-4.662436,2,2675630.095283
-4.67075,2,2675762.35203
-4.672638,2,2675890.058358
-4.710462,2,2676009.422496
-4.671262,2,2676142.260475
-4.670912,2,2676270.635396
-4.670651,2,2676395.243344
-4.66877,2,2676521.397758
-4.670921,2,2676645.233108
-4.666524,2,2676774.91706
-4.666256,2,2676900.134429
-4.67033,2,2677025.622413
-4.670402,2,2677154.845093
-4.670308,2,2677279.846784
-4.670258,2,2677362.559839
-4.671408,2,2677451.402796
-4.665888,2,2677575.88745
-4.700557,2,2677701.833586
-4.670503,2,2677825.701765
-4.669707,2,2677955.887456
-4.670859,2,2678096.971564
-4.668588,2,2678248.302167
-4.671363,2,2678405.694208
-4.667067,2,2678553.969289
-4.670378,2,2678699.140185
-4.670062,2,2678838.201632
-4.666866,2,2678979.264644
-4.671121,2,2679113.561848
-4.702916,2,2679240.848924
-4.668925,2,2679376.174647
-4.671508,2,2679517.006091
-4.672288,2,2679651.652717
-4.671842,2,2679786.782058
-4.672437,2,2679929.259391
-4.666119,2,2680067.896679
-4.671826,2,2680205.958317
-4.671564,2,2680342.701349
-4.670607,2,2680477.580676
-4.670564,2,2680614.500994
-4.670815,2,2680751.01734
-4.700691,2,2680886.829951
-4.666044,2,2681031.730516
-4.668875,2,2681164.199488
-4.666251,2,2681300.610911
-4.670908,2,2681450.009846
-4.670112,2,2681601.401266
-4.670205,2,2681747.291471
-4.670517,2,2681897.354324
-4.667675,2,2682047.276474
-4.666347,2,2682193.17181
-4.673792,2,2682326.29887
-4.670291,2,2682463.907254
-4.666204,2,2682600.734292
-4.666418,2,2682739.179174
-4.671067,2,2682872.665973
-4.66988,2,2683001.261551
-4.669793,2,2683133.819943
-4.703111,2,2683263.043804
-4.670785,2,2683399.844283
-4.670837,2,2683631.566379
-4.670132,2,2683763.101421
-4.66855,2,2683898.759689
-4.669807,2,2684032.162987
-4.671092,2,2684164.675646
-4.667025,2,2684299.072159
-4.669042,2,2684430.907317
-4.666988,2,2684564.720563
-4.671357,2,2684697.760661
-4.668927,2,2684833.823904
-4.667646,2,2684968.037275
-4.670238,2,2685104.624858
-4.6708,2,2685236.06122
-4.667495,2,2685368.050703
-4.67367,2,2685504.113168
-4.669547,2,2685643.137938
-4.663836,2,2685779.925586
-4.672458,2,2685907.733865
-4.66982,2,2686051.994138
-4.670574,2,2686185.517244
-4.670848,2,2686316.001571
-4.666253,2,2686452.171315
-4.671075,2,2686594.555988
-4.671153,2,2686743.455236
-4.665675,2,2686885.337855
-4.665421,2,2687021.157352
-4.671025,2,2687153.73888
-4.671137,2,2687289.47373
-4.669275,2,2687421.291598
-4.669795,2,2687554.773766
-4.669446,2,2687687.394031
-4.671663,2,2687824.502846
-4.66709,2,2687955.747473
-4.66965,2,2688098.199327
-4.671845,2,2688232.808341
-4.670474,2,2688372.485127
-4.671128,2,2688507.787264
-4.668505,2,2688644.755016
-4.671995,2,2688778.964949
-4.669296,2,2688917.620431
-4.668869,2,2689054.743489
-4.67222,2,2689186.757909
-4.67039,2,2689324.916071
-4.670324,2,2689476.186957
-4.669865,2,2689625.412082
-4.703021,2,2689765.737159
-4.670296,2,2689904.55503
-4.670597,2,2690041.152906
-4.670078,2,2690172.722487
-4.67066,2,2690305.912927
-4.665588,2,2690439.880242
-4.670043,2,2690571.523798
-4.671346,2,2690712.230601
-4.670642,2,2690842.69778
-4.671772,2,2690979.557548
-4.670253,2,2691111.139345
-4.666172,2,2691243.089259
-4.666103,2,2691378.570863
-4.672159,2,2691512.043194
-4.673341,2,2691649.527576
-4.670186,2,2691784.771477
-4.67309,2,2691921.419487
-4.671095,2,2692058.151338
-4.670293,2,2692188.511781
-4.672461,2,2692285.956238
-4.671429,2,2692373.093617
-4.704899,2,2692479.608389
-4.667126,2,2692622.387914
-4.668917,2,2692759.123676
-4.671232,2,2692898.962353
-4.671022,2,2693041.7937
-4.674874,2,2693195.601918
-4.67052,2,2693344.590557
-4.668832,2,2693492.752205
-4.670739,2,2693642.213485
-4.668933,2,2693808.416363
-4.670445,2,2693969.513117
-4.671165,2,2694115.920538
-4.666189,2,2694267.370443
-4.700481,2,2694412.383169
-4.671979,2,2694555.033922
-4.669311,2,2694703.12156
-4.670369,2,2694852.000728
-4.672401,2,2694992.292493
-4.667667,2,2695143.137508
-4.67244,2,2695287.497669
-4.669186,2,2695430.811575
-4.672259,2,2695577.780236
-4.66946,2,2695725.878203
-4.670502,2,2695867.290551
-4.664962,2,2696019.783181
-4.671151,2,2696174.347011
-4.668595,2,2696317.453767
-4.670569,2,2696459.646097
-4.670763,2,2696611.099584
-4.668097,2,2696757.822753
-4.670146,2,2696898.99646
-4.671167,2,2697045.824541
-4.671755,2,2697187.068366
-4.670246,2,2697330.149461
-4.670634,2,2697594.829964
-4.662448,2,2697745.688279
-4.66714,2,2697896.674852
-4.670856,2,2698039.080339
-4.669468,2,2698187.362493
-4.665389,2,2698333.550353
-4.666242,2,2698479.13319
-4.670903,2,2698622.082945
-4.67124,2,2698768.867818
-4.671209,2,2698922.529322
-4.668672,2,2699070.736444
-4.670382,2,2699220.988091
-4.670771,2,2699369.666829
-4.669557,2,2699514.691764
-4.669913,2,2699668.427967
-4.668661,2,2699806.100348
-4.670262,2,2699950.576685
-4.667936,2,2700097.536944
-4.669962,2,2700249.455791
-4.669165,2,2700394.778961
-4.670062,2,2700541.438928
-4.665982,2,2700695.389575
-4.666677,2,2700829.680344
-4.669538,2,2700967.119184
-4.671162,2,2701102.547348
-4.670957,2,2701232.623178
-4.669813,2,2701368.59497
-4.670641,2,2701502.939385
-4.670851,2,2701642.921619
-4.666182,2,2701773.744094
-4.67117,2,2701922.092802
-4.670514,2,2702056.559537
-4.668335,2,2702199.505819
-4.670323,2,2702355.05042
-4.668269,2,2702485.532328
-4.670328,2,2702629.809614
-4.704394,2,2702765.484941
-4.669798,2,2702899.763359
-4.67065,2,2703031.911579
-4.665062,2,2703177.283031
-4.670634,2,2703309.327599
-4.669767,2,2703445.684823
-4.675586,2,2703585.113242
-4.702211,2,2703715.924489
-4.671345,2,2703851.314728
-4.667759,2,2703985.608391
-4.671067,2,2704126.99859
-4.671392,2,2704260.022727
-4.67005,2,2704398.496397
-4.670337,2,2704546.969234
-4.667004,2,2704695.796638
-4.670932,2,2704832.63199
-4.663832,2,2704972.777017
-4.67394,2,2705106.060783
-4.66592,2,2705244.662763
-4.667514,2,2705378.990476
-4.667712,2,2705512.654717
-4.670042,2,2705649.08177
-4.670293,2,2705793.665506
-4.67006,2,2705926.903025
-4.669996,2,2706063.708825
-4.67059,2,2706209.863446
-4.666246,2,2706351.27845
-4.670376,2,2706501.647991
-4.670135,2,2706646.135271
-4.670392,2,2706791.530874
-4.670902,2,2706944.157807
-4.671396,2,2707073.553525
-4.7059,2,2707213.345393
-4.671243,2,2707348.734714
-4.671119,2,2707476.772581
-4.669974,2,2707611.738173
-4.665831,2,2707742.478136
-4.668264,2,2707888.078278
-4.664373,2,2708021.219473
-4.670328,2,2708159.123123
-4.669178,2,2708296.20323
-4.670903,2,2708436.030277
-4.670595,2,2708571.101966
-4.668951,2,2708705.260653
-4.666178,2,2708842.311025
-4.667372,2,2708980.295148
-4.674293,2,2709112.850489
-4.670816,2,2709248.936211
-4.6711,2,2709386.860201
-4.670625,2,2709489.540969
-4.667555,2,2709572.814262
-4.670895,2,2709671.82705
-4.670278,2,2709809.125693
-4.667785,2,2709943.99226
-4.670326,2,2710091.157031
-4.670703,2,2710231.789364
-4.670615,2,2710361.415804
-4.668636,2,2710491.588968
-4.666208,2,2710627.574085
-4.6699,2,2710758.737926
-4.670767,2,2710891.714824
-4.667418,2,2711025.374511
-4.672344,2,2711153.694682
-4.666228,2,2711285.528178
-4.668378,2,2711517.744818
-4.666953,2,2711649.967106
-4.671102,2,2711782.722288
-4.670419,2,2711913.402519
-4.673211,2,2712046.161334
-4.668729,2,2712184.29345
-4.671335,2,2712318.503111
-4.670689,2,2712455.279352
-4.670852,2,2712592.991144
-4.670341,2,2712726.089463
-4.671895,2,2712860.25375
-4.668386,2,2712994.670623
-4.670913,2,2713131.849573
-4.666334,2,2713265.436342
-4.672128,2,2713391.405967
-4.671566,2,2713525.995123
-4.669233,2,2713671.064309
-4.671425,2,2713808.370075
-4.670328,2,2713944.193812
-4.670612,2,2714077.121218
-4.670317,2,2714211.594205
-4.669954,2,2714347.315044
-4.670532,2,2714484.506572
-4.671462,2,2714617.783657
-4.674071,2,2714751.18518
-4.670605,2,2714885.262761
-4.670505,2,2715008.543458
-4.668914,2,2715143.052821
-4.666344,2,2715273.095085
-4.670113,2,2715402.727323
-4.670356,2,2715530.768195
-4.670285,2,2715675.219283
-4.667583,2,2715799.25873
-4.670787,2,2715932.916071
-4.670035,2,2716061.807182
-4.674551,2,2716189.971268
-4.671187,2,2716316.703635
-4.670928,2,2716439.801681
-4.670292,2,2716571.445196
-4.676397,2,2716695.433078
-4.671212,2,2716838.799461
-4.67141,2,2716969.754468
-4.670344,2,2717100.615729
-4.670272,2,2717228.779941
-4.671147,2,2717361.793694
-4.672458,2,2717492.371127
-4.668386,2,2717620.479505
-4.670196,2,2717751.882405
-4.665503,2,2717905.8233
-4.668267,2,2718061.534745
-4.673556,2,2718209.879091
-4.671924,2,2718350.768008
-4.666232,2,2718498.877042
-4.668804,2,2718641.568176
-4.670314,2,2718784.888067
-4.666808,2,2718927.008656
-4.669891,2,2719065.748296
-4.670541,2,2719209.572242
-4.670532,2,2719354.654682
-4.67145,2,2719495.794359
-4.670566,2,2719651.114602
-4.668676,2,2719793.611275
-4.670381,2,2719939.916825
-4.671115,2,2720079.28366
-4.672453,2,2720223.708544
-4.670616,2,2720368.173207
-4.666125,2,2720515.438989
-4.670823,2,2720658.701264
-4.665177,2,2720798.283299
-4.666181,2,2720945.512866
-4.668072,2,2721088.958961
-4.669263,2,2721242.592128
-4.667121,2,2721370.23636
-4.670947,2,2721499.826118
-4.670765,2,2721630.470614
-4.670233,2,2721756.566056
-4.67073,2,2721880.770367
-4.671005,2,2722011.052785
-4.668223,2,2722138.373315
-4.671137,2,2722267.416702
-4.66864,2,2722403.37447
-4.670234,2,2722529.404914
-4.670438,2,2722655.518477
-4.666155,2,2722787.532266
-4.670126,2,2722916.734725
-4.672055,2,2723042.707767
-4.669981,2,2723172.274139
-4.670998,2,2723322.01861
-4.665923,2,2723449.426881
-4.672921,2,2723576.016625
-4.666724,2,2723706.755243
-4.66753,2,2723797.096739
-4.670538,2,2723879.259947
-4.666191,2,2723985.562369
-4.671123,2,2724114.904654
-4.670495,2,2724243.456512
-4.672249,2,2724369.886994
-4.666474,2,2724503.373072
-4.671229,2,2724632.22649
-4.666518,2,2724765.984988
-4.669159,2,2724996.33923
-4.671279,2,2725126.198101
-4.671071,2,2725253.534939
-4.668355,2,2725379.540106
-4.67037,2,2725508.984746
-4.66942,2,2725643.012853
-4.666118,2,2725770.444712
-4.670832,2,2725897.479929
-4.666045,2,2726028.665096
-4.672653,2,2726156.608564
-4.666765,2,2726288.602919
-4.666239,2,2726416.202041
-4.672454,2,2726539.94515
-4.666667,2,2726669.580274
-4.667657,2,2726800.113872
-4.665872,2,2726929.171843
-4.670579,2,2727053.596726
-4.673231,2,2727175.523634
-4.667017,2,2727304.608995
-4.671115,2,2727429.63093
-4.672251,2,2727557.584466
-4.6646,2,2727685.696593
-4.670911,2,2727810.788306
-4.669522,2,2727940.182412
-4.672545,2,2728069.54363
-4.672458,2,2728198.258122
-4.66948,2,2728323.805186
-4.668913,2,2728464.6563
-4.676711,2,2728599.396289
-4.665015,2,2728735.739566
-4.669727,2,2728891.594357
-4.66646,2,2729030.150475
-4.670729,2,2729161.093774
-4.671225,2,2729300.904588
-4.666195,2,2729435.398569
-4.669927,2,2729568.429745
-4.666806,2,2729710.976768
-4.669745,2,2729844.675673
-4.670286,2,2729980.899684
-4.667911,2,2730114.356873
-4.664798,2,2730252.379544
-4.670193,2,2730383.401462
-4.670579,2,2730520.215657
-4.670569,2,2730657.634036
-4.670193,2,2730794.131644
-4.664517,2,2730941.63062
-4.670961,2,2731073.99316
-4.672493,2,2731214.687016
-4.670034,2,2731349.664109
-4.670569,2,2731480.58161
-4.670229,2,2731618.046876
-4.67157,2,2731760.46896
-4.669408,2,2731899.027324
-4.665367,2,2732034.228014
-4.669166,2,2732172.576757
-4.66628,2,2732306.499293
-4.669438,2,2732442.958698
-4.671306,2,2732577.842524
-4.673348,2,2732717.763484
-4.670212,2,2732859.600031
-4.667627,2,2732995.768968
-4.671159,2,2733133.012
-4.670787,2,2733267.630351
-4.667827,2,2733406.827357
-4.665302,2,2733540.400923
-4.668577,2,2733681.186795
-4.672217,2,2733819.410969
-4.666912,2,2733956.978287
-4.668789,2,2734095.575225
-4.67233,2,2734229.776103
-4.668732,2,2734371.4455
-4.67045,2,2734503.758954
-4.666164,2,2734640.031549
-4.6704,2,2734773.629821
-4.670192,2,2734910.182199
-4.668968,2,2735053.258461
-4.665549,2,2735193.778011
-4.669917,2,2735330.531554
-4.670544,2,2735467.332858
-4.670001,2,2735600.783026
-4.67079,2,2735737.286328
-4.67072,2,2735870.083169
-4.671113,2,2736007.687071
-4.665965,2,2736149.003425
-4.670039,2,2736286.626994
-4.672198,2,2736428.524612
-4.669805,2,2736563.494214
-4.671118,2,2736700.002089
-4.667218,2,2736841.828702
-4.665143,2,2736986.960781
-4.669515,2,2737120.829083
-4.673022,2,2737249.194277
-4.67046,2,2737378.452518
-4.670687,2,2737509.216221
-4.667131,2,2737633.848034
-4.669179,2,2737762.01961
-4.670746,2,2737910.347082
-4.670898,2,2738050.683026
-4.670364,2,2738195.281467
-4.667134,2,2738331.853948
-4.671067,2,2738574.91243
-4.669051,2,2738712.999867
-4.669454,2,2738851.342476
-4.669945,2,2738989.648779
-4.67024,2,2739124.34084
-4.670124,2,2739213.709921
-4.668847,2,2739296.652502
-4.672431,2,2739420.84921
-4.671589,2,2739557.245173
-4.666839,2,2739691.530717
-4.67116,2,2739832.606821
-4.670594,2,2739966.383461
-4.669112,2,2740112.274955
-4.670054,2,2740247.475137
-4.6725,2,2740389.432765
-4.670315,2,2740527.132868
-4.66902,2,2740661.013229
-4.671006,2,2740803.023611
-4.670946,2,2740941.020749
-4.673087,2,2741082.126731
-4.671512,2,2741218.632297
-4.66612,2,2741359.366558
-4.669585,2,2741495.387351
-4.66878,2,2741631.041071
-4.664973,2,2741768.567432
-4.671126,2,2741904.173811
-4.67056,2,2742039.458984
-4.670802,2,2742178.164491
-4.669635,2,2742319.853484
-4.664571,2,2742474.849434
-4.669954,2,2742627.238861
-4.671211,2,2742781.851748
-4.671359,2,2742938.118328
-4.669522,2,2743090.598214
-4.671414,2,2743248.792305
-4.671118,2,2743400.404073
-4.669857,2,2743558.154723
-4.673265,2,2743714.332118
-4.671197,2,2743866.959689
-4.669887,2,2744022.97395
-4.669437,2,2744179.153698
-4.669106,2,2744330.318912
-4.670865,2,2744471.772212
-4.668302,2,2744632.160413
-4.670869,2,2744779.772895
-4.670716,2,2744939.870508
-4.670502,2,2745089.075305
-4.670776,2,2745242.196226
-4.669693,2,2745391.393335
-4.669992,2,2745552.543777
-4.666989,2,2745704.755797
-4.669862,2,2745862.189161
-4.670388,2,2746005.744665
-4.670383,2,2746160.504588
-4.672393,2,2746315.345821
-4.671206,2,2746474.028947
-4.670353,2,2746627.996515
-4.669523,2,2746786.214403
-4.67033,2,2746940.176985
-4.666048,2,2747092.20534
-4.667174,2,2747243.945108
-4.670019,2,2747393.075985
-4.670218,2,2747545.261188
-4.671017,2,2747689.501547
-4.671369,2,2747835.13387
-4.67121,2,2747988.942002
-4.667494,2,2748125.623964
-4.671168,2,2748268.23368
-4.670713,2,2748404.039809
-4.670503,2,2748548.281899
-4.671345,2,2748687.593318
-4.832547,2,2748821.809666
-4.671203,2,2748943.042551
-4.669494,2,2749073.16126
-4.671189,2,2749200.524199
-4.671036,2,2749329.179453
-4.67031,2,2749467.722851
-4.669897,2,2749599.529339
-4.670861,2,2749743.021858
-4.671073,2,2749877.576983
-4.662657,2,2750006.58556
-4.670502,2,2750148.207423
-4.666282,2,2750292.135615
-4.669319,2,2750424.30318
-4.670281,2,2750565.637677
-4.668011,2,2750708.836286
-4.670676,2,2750845.55188
-4.671211,2,2750983.627714
-4.671366,2,2751121.759434
-4.666312,2,2751267.578904
-4.671563,2,2751412.76944
-4.669766,2,2751553.163168
-4.669943,2,2751685.902196
-4.669291,2,2751826.830942
-4.666226,2,2751965.020104
-4.666294,2,2752096.516637
-4.670802,2,2752239.741469
-4.670268,2,2752376.252279
-4.672855,2,2752514.320751
-4.670656,2,2752652.245554
-4.668445,2,2752890.01495
-4.665964,2,2753019.85721
-4.670422,2,2753153.233137
-4.67107,2,2753287.647974
-4.670615,2,2753421.568166
-4.671069,2,2753558.500856
-4.671036,2,2753691.256077
-4.670298,2,2753824.62599
-4.669461,2,2753957.875042
-4.667074,2,2754093.64611
-4.665872,2,2754231.068063
-4.670069,2,2754366.830519
-4.670125,2,2754500.197687
-4.672338,2,2754632.715316
-4.670389,2,2754765.19467
-4.671292,2,2754898.67057
-4.668776,2,2755031.490185
-4.669861,2,2755165.017846
-4.671432,2,2755283.207138
-4.670964,2,2755383.805971
-4.670499,2,2755482.115286
-4.670711,2,2755620.495564
-4.667991,2,2755756.335544
-4.666811,2,2755884.808083
-4.667345,2,2756020.296664
-4.668693,2,2756153.736644
-4.671159,2,2756290.901749
-4.670386,2,2756426.579537
-4.666846,2,2756562.365702
-4.667616,2,2756700.981485
-4.670598,2,2756835.449985
-4.670062,2,2756970.696917
-4.667162,2,2757101.482618
-4.670621,2,2757237.292679
-4.669724,2,2757373.752864
-4.667534,2,2757516.420494
-4.667432,2,2757655.017454
-4.668362,2,2757787.271285
-4.673949,2,2757922.110454
-4.669594,2,2758054.596434
-4.670879,2,2758182.839903
-4.672226,2,2758308.037486
-4.671218,2,2758435.421182
-4.671213,2,2758565.91918
-4.670958,2,2758698.002951
-4.671016,2,2758836.788106
-4.670048,2,2758970.034701
-4.66886,2,2759106.082907
-4.670333,2,2759242.172441
-4.670879,2,2759371.854381
-4.665982,2,2759510.004908
-4.669982,2,2759642.627478
-4.667028,2,2759781.188109
-4.702237,2,2759914.131891
-4.670505,2,2760048.592916
-4.66957,2,2760185.626059
-4.670248,2,2760318.335212
-4.670931,2,2760455.953568
-4.670794,2,2760583.180144
-4.671186,2,2760721.434837
-4.665814,2,2760855.015986
-4.669522,2,2760983.778004
-4.671185,2,2761117.917482
-4.671195,2,2761251.29732
-4.665567,2,2761384.645923
-4.666169,2,2761515.194792
-4.671205,2,2761658.554932
-4.670489,2,2761792.52453
-4.672433,2,2761924.401713
-4.670848,2,2762053.758636
-4.671385,2,2762187.540529
-4.670842,2,2762323.608711
-4.667076,2,2762454.891824
-4.670555,2,2762586.67297
-4.666256,2,2762725.932754
-4.670245,2,2762858.73974
-4.670877,2,2762970.476561
-4.665888,2,2763052.598935
-4.670606,2,2763144.536123
-4.672091,2,2763229.538832
-4.670815,2,2763307.403048
-4.670587,2,2763393.691222
-4.670258,2,2763476.270414
-4.670586,2,2763562.311318
-4.670572,2,2763648.249969
-4.670486,2,2763730.412226
-4.670835,2,2763814.469899
-4.670071,2,2763899.372238
-4.67117,2,2763982.95477
-4.670452,2,2764065.762302
-4.670663,2,2764146.909808
-4.670159,2,2764228.591689
-4.670326,2,2764313.064432
-4.670211,2,2764395.506866
-4.670354,2,2764473.303427
-4.669536,2,2764563.510443
-4.670769,2,2764645.396801
-4.670324,2,2764731.003382
-4.667242,2,2764814.440202
-4.671096,2,2764897.789447
-4.672679,2,2764981.921151
-4.667397,2,2765062.555165
-4.670071,2,2765157.361731
-4.669188,2,2765263.337865
-4.67117,2,2765360.556355
-4.670842,2,2765461.870386
-4.670511,2,2765542.837403
-4.671422,2,2765626.8398
-4.67232,2,2765699.794307
-4.670339,2,2765775.715972
-4.671998,2,2765855.161439
-4.6708,2,2765935.351655
-4.668826,2,2766026.799718
-4.668038,2,2766110.338321
-4.670041,2,2766190.391442
-4.674026,2,2766277.135837
-4.669875,2,2766373.371287
-4.670007,2,2766474.868291
-4.669759,2,2766576.615782
-4.670335,2,2766678.326302
-4.668401,2,2766779.8995
-4.670269,2,2766880.702379
-4.669706,2,2766982.423599
-4.669424,2,2767083.724592
-4.672132,2,2767185.434368
-4.672017,2,2767260.871925
-4.67123,2,2767343.054395
-4.670924,2,2767429.17823
-4.669027,2,2767512.604263
-4.666203,2,2767599.567012
-4.666335,2,2767689.566539
-4.66787,2,2767786.240026
-4.671392,2,2767868.070796
-4.670364,2,2767979.531267
-4.667581,2,2768058.149938
-4.670974,2,2768142.547587
-4.670872,2,2768233.979048
-4.674038,2,2768327.871359
-4.6754,2,2768422.249805
-4.664232,2,2768508.523007
-4.666324,2,2768601.18904
-4.668375,2,2768688.193387
-4.667119,2,2768790.342715
-4.669969,2,2768875.067491
-4.665972,2,2768966.081127
-4.670445,2,2769060.453214
-4.664891,2,2769151.755329
-4.670767,2,2769248.24106
-4.666911,2,2769334.789353
-4.671046,2,2769426.155589
-4.666287,2,2769526.002332
-4.665187,2,2769609.558855
-4.671445,2,2769701.775354
-4.670572,2,2769791.749813
-4.668882,2,2769880.89398
-4.66807,2,2769982.129729
-4.671096,2,2770079.76039
-4.668053,2,2770165.491535
-4.667209,2,2770254.754561
-4.670579,2,2770345.623901
-4.670338,2,2770445.592874
-4.670716,2,2770527.175532
-4.671509,2,2770637.301792
-4.670588,2,2770725.209139
-4.668426,2,2770812.912483
-4.670511,2,2770910.997151
-4.672391,2,2770999.790446
-4.670685,2,2771100.066041
-4.670734,2,2771197.941491
-4.671162,2,2771293.798712
-4.674854,2,2771390.95815
-4.667492,2,2771477.612684
-4.670362,2,2771560.314246
-4.670135,2,2771651.82883
-4.671012,2,2771731.310923
-4.667678,2,2771815.462563
-4.666951,2,2771922.57362
-4.666074,2,2772007.873843
-4.670793,2,2772090.064603
-4.673694,2,2772173.055162
-4.671449,2,2772253.617509
-4.670838,2,2772341.425568
-4.667875,2,2772428.941771
-4.670862,2,2772515.398637
-4.664171,2,2772596.92535
-4.670121,2,2772677.38248
-4.666798,2,2772760.494795
-4.668646,2,2772863.442275
-4.6717,2,2772957.248282
-4.671362,2,2773047.577995
-4.671177,2,2773142.552311
-4.667556,2,2773222.873525
-4.67074,2,2773307.924002
-4.667465,2,2773393.120779
-4.671159,2,2773474.891675
-4.667542,2,2773560.381186
-4.670459,2,2773644.743869
-4.669788,2,2773723.973157
-4.666161,2,2773809.477391
-4.668026,2,2773901.224241
-4.665342,2,2773990.077401
-4.672123,2,2774071.367572
-4.669744,2,2774150.972552
-4.673518,2,2774231.741271
-4.673189,2,2774316.737612
-4.670376,2,2774398.605149
-4.670362,2,2774482.580289
-4.6676,2,2774576.115838
-4.671229,2,2774657.906295
-4.67039,2,2774745.61621
-4.670353,2,2774828.342002
-4.670028,2,2774909.501043
-4.669844,2,2775000.523782
-4.66981,2,2775092.670567
-4.669326,2,2775187.659057
-4.670604,2,2775279.359703
-4.670056,2,2775361.154058
-4.667562,2,2775446.631565
-4.665942,2,2775521.049016
-4.669726,2,2775600.311913
-4.666223,2,2775682.513533
-4.669667,2,2775770.348211
-4.670555,2,2775863.846165
-4.671763,2,2775949.86335
-4.668942,2,2776024.270823
-4.669219,2,2776104.46177
-4.665898,2,2776179.21207
-4.671119,2,2776259.434164
-4.665714,2,2776360.664519
-4.666143,2,2776439.152175
-4.670129,2,2776523.843969
-4.66601,2,2776605.408217
-4.672284,2,2776709.488204
-4.670075,2,2776791.432684
-4.672001,2,2776873.918825
-4.66629,2,2776959.336375
-4.670806,2,2777032.230255
-4.670894,2,2777101.429545
-4.670499,2,2777167.021382
-4.665867,2,2777234.881363
-4.671146,2,2777314.385875
-4.668421,2,2777391.02148
-4.671591,2,2777468.143173
-4.670407,2,2777542.732128
-4.669931,2,2777629.574599
-4.671584,2,2777716.58725
-4.666561,2,2777804.154726
-4.670551,2,2777887.156259
-4.668884,2,2777959.126934
-4.672283,2,2778037.003767
-4.672828,2,2778104.649836
-4.669935,2,2778171.106548
-4.669646,2,2778243.023245
-4.671587,2,2778322.548462
-4.671651,2,2778396.485498
-4.66837,2,2778486.258396
-4.670912,2,2778571.382073
-4.670042,2,2778654.44804
-4.67045,2,2778743.168369
-4.670839,2,2778826.8419
-4.667118,2,2778895.531124
-4.672442,2,2778964.905088
-4.671822,2,2779036.137007
-4.671122,2,2779105.046612
-4.667034,2,2779185.761569
-4.670437,2,2779272.351844
-4.670907,2,2779355.154038
-4.670202,2,2779449.08012
-4.667169,2,2779533.460672
-4.669589,2,2779605.365489
-4.669278,2,2779678.212418
-4.672286,2,2779757.830616
-4.672552,2,2779845.333176
-4.670203,2,2779926.460703
-4.671474,2,2780014.201177
-4.67074,2,2780100.497582
-4.66725,2,2780194.899033
-4.670577,2,2780283.122426
-4.666238,2,2780358.089669
-4.671144,2,2780441.225284
-4.670043,2,2780512.021971
-4.669219,2,2780581.165474
-4.666556,2,2780660.934566
-4.677847,2,2780743.399683
-4.671553,2,2780822.68055
-4.671867,2,2780929.115391
-4.671142,2,2781026.338214
-4.666825,2,2781113.981716
-4.67211,2,2781203.203923
-4.672151,2,2781278.27353
-4.673353,2,2781352.785932
-4.664253,2,2781421.692292
-4.667171,2,2781496.72212
-4.669038,2,2781585.23104
-4.666929,2,2781663.519603
-4.6708,2,2781749.377195
-4.668485,2,2781835.572817
-4.667521,2,2781924.960853
-4.670077,2,2782010.793009
-4.672828,2,2782093.154492
-4.671037,2,2782181.467577
-4.666162,2,2782258.334368
-4.671371,2,2782342.435731
-4.668058,2,2782420.602616
-4.665508,2,2782494.970057
-4.665835,2,2782568.566735
-4.673381,2,2782642.570125
-4.670068,2,2782731.642739
-4.670307,2,2782817.770676
-4.672141,2,2782901.838053
-4.667073,2,2782991.376234
-4.671119,2,2783085.510897
-4.667994,2,2783178.35811
-4.671202,2,2783275.558412
-4.665505,2,2783362.589752
-4.668894,2,2783443.009823
-4.668857,2,2783520.375157
-4.665154,2,2783597.517856
-4.671086,2,2783675.116331
-4.670148,2,2783762.448421
-4.670394,2,2783851.043399
-4.671413,2,2783945.679857
-4.666359,2,2784038.565204
-4.66934,2,2784136.934712
-4.669,2,2784233.665881
-4.67013,2,2784327.758592
-4.670042,2,2784410.856332
-4.666598,2,2784491.757145
-4.671271,2,2784567.093538
-4.669549,2,2784651.74727
-4.665431,2,2784741.711187
-4.67005,2,2784827.875
-4.667123,2,2784922.379431
-4.670847,2,2785020.872545
-4.668377,2,2785107.196973
-4.671209,2,2785192.057082
-4.667591,2,2785271.26437
-4.669954,2,2785345.121187
-4.671041,2,2785416.876652
-4.670576,2,2785500.575244
-4.670276,2,2785580.496585
-4.669945,2,2785659.52499
-4.668029,2,2785740.892051
-4.670786,2,2785810.733468
-4.671377,2,2785882.137633
-4.664477,2,2785954.499979
-4.669658,2,2786036.458334
-4.671411,2,2786110.377026
-4.671644,2,2786191.969637
-4.670624,2,2786272.865008
-4.671528,2,2786352.322817
-4.670612,2,2786431.260884
-4.663935,2,2786508.077363
-4.671366,2,2786572.881199
-4.670795,2,2786644.18839
-4.669877,2,2786722.614935
-4.672592,2,2786804.013299
-4.670155,2,2786884.33583
-4.672024,2,2786974.302974
-4.669695,2,2787063.78611
-4.668069,2,2787149.933076
-4.67022,2,2787224.85948
-4.667175,2,2787287.071895
-4.670283,2,2787347.094877
-4.673306,2,2787406.97259
-4.672431,2,2787466.635667
-4.671557,2,2787541.152532
-4.67119,2,2787616.226079
-4.669895,2,2787687.738844
-4.670191,2,2787773.046032
-4.667066,2,2787862.787717
-4.670042,2,2787949.467685
-4.670888,2,2788037.155075
-4.671914,2,2788115.622087
-4.669274,2,2788174.936162
-4.672153,2,2788245.123509
-4.671099,2,2788324.974476
-4.667189,2,2788409.082631
-4.66641,2,2788493.448965
-4.669833,2,2788581.825992
-4.670045,2,2788660.86252
-4.671281,2,2788747.76018
-4.666871,2,2788820.084321
-4.666966,2,2788889.522944
-4.667626,2,2788968.68683
-4.669005,2,2789053.047604
-4.667023,2,2789138.412691
-4.66679,2,2789211.266224
-4.666727,2,2789291.433979
-4.67114,2,2789371.069546
-4.666195,2,2789450.057732
-4.670142,2,2789524.607169
-4.670569,2,2789595.083778
-4.67484,2,2789663.350405
-4.670844,2,2789738.970967
-4.670382,2,2789812.802664
-4.67,2,2789887.707639
-4.669428,2,2789972.046879
-4.664874,2,2790055.805431
-4.670778,2,2790143.127476
-4.670726,2,2790237.180446
-4.670741,2,2790316.631613
-4.669206,2,2790387.339548
-4.67136,2,2790452.719081
-4.670204,2,2790522.098727
-4.670761,2,2790597.535669
-4.670353,2,2790672.668804
-4.671183,2,2790749.806198
-4.669921,2,2790831.850595
-4.669187,2,2790924.374886
-4.671012,2,2791013.336134
-4.671378,2,2791100.280213
-4.670353,2,2791168.787201
-4.671585,2,2791226.71542
-4.671174,2,2791287.389452
-4.669874,2,2791385.360051
-4.669962,2,2791479.747994
-4.669854,2,2791578.090332
-4.667405,2,2791680.992987
-4.670096,2,2791781.264212
-4.670622,2,2791880.236248
-4.671579,2,2791978.280273
-4.671525,2,2792081.092941
-4.670874,2,2792179.162055
-4.669828,2,2792293.300502
-4.670309,2,2792408.886538
-4.670155,2,2792531.562814
-4.66679,2,2792650.264133
-4.671526,2,2792768.21402
-4.669497,2,2792891.189031
-4.840602,2,2793004.354689
-4.669201,2,2793124.295326
-4.669447,2,2793246.864596
-4.671549,2,2793371.943414
-4.669226,2,2793493.272375
-4.672199,2,2793616.571954
-4.670735,2,2793738.718386
-4.827062,2,2793857.757224
-4.669874,2,2793981.231956
-4.670235,2,2794105.676465
-4.671178,2,2794233.179624
-4.670945,2,2794362.058656
-4.67215,2,2794490.224804
-4.671915,2,2794617.85849
-4.670564,2,2794750.940041
-4.669112,2,2794883.711947
-4.670811,2,2795018.161073
-4.667116,2,2795155.705805
-4.670481,2,2795291.732879
-4.670534,2,2795430.271929
-4.669911,2,2795562.853179
-4.667726,2,2795699.101052
-4.671937,2,2795833.61061
-4.668819,2,2795971.38221
-4.670393,2,2796107.482559
-4.667128,2,2796247.074643
-4.670261,2,2796383.154902
-4.671597,2,2796516.956158
-4.670658,2,2796658.188119
-4.665936,2,2796794.787035
-4.672619,2,2796931.786538
-4.670043,2,2797073.375049
-4.666169,2,2797215.754565
-4.665432,2,2797356.95533
-4.666524,2,2797501.572178
-4.669929,2,2797640.121883
-4.673656,2,2797781.662041
-4.666618,2,2797921.746596
-4.6708,2,2798062.500643
-4.670983,2,2798201.500143
-4.670994,2,2798342.077553
-4.672803,2,2798482.055011
-4.671753,2,2798619.151766
-4.6708,2,2798769.091152
-4.67078,2,2798908.746859
-4.670821,2,2799045.628209
-4.669742,2,2799188.442594
-4.672053,2,2799323.315324
-4.669588,2,2799463.963994
-4.669791,2,2799599.210771
-4.675168,2,2799737.243193
-4.670174,2,2799874.551592
-4.666689,2,2800019.91322
-4.671115,2,2800162.447262
-4.670345,2,2800307.700405
-4.670036,2,2800447.585673
-4.671295,2,2800589.67294
-4.670321,2,2800732.136999
-4.670117,2,2800874.127954
-4.666143,2,2801015.088475
-4.669606,2,2801156.777911
-4.674236,2,2801296.87059
-4.669719,2,2801437.520148
-4.670897,2,2801582.163034
-4.668447,2,2801725.315481
-4.671241,2,2801859.914271
-4.667157,2,2802006.960437
-4.67033,2,2802149.613128
-4.670223,2,2802290.474961
-4.670634,2,2802433.83093
-4.664557,2,2802582.287124
-4.670258,2,2802724.844985
-4.670366,2,2802869.548381
-4.670571,2,2803012.132423
-4.669943,2,2803156.975745
-4.670685,2,2803300.205412
-4.669777,2,2803443.82697
-4.668325,2,2803576.308299
-4.670191,2,2803717.595971
-4.670578,2,2803862.179647
-4.666217,2,2804006.080743
-4.670321,2,2804147.938288
-4.670046,2,2804296.454163
-4.668291,2,2804437.288106
-4.666986,2,2804573.650347
-4.671023,2,2804716.782417
-4.666265,2,2804863.885273
-4.671217,2,2805008.432728
-4.670292,2,2805153.38331
-4.670527,2,2805298.093773
-4.670326,2,2805438.79972
-4.670691,2,2805582.74414
-4.667102,2,2805726.086167
-4.670352,2,2805856.135387
-4.668396,2,2805998.491605
-4.670043,2,2806144.843963
-4.672425,2,2806287.038413
-4.668311,2,2806430.622405
-4.67006,2,2806575.568884
-4.670389,2,2806717.182155
-4.669798,2,2806861.231719
-4.668985,2,2807005.245928
-4.670669,2,2807150.562609
-4.670566,2,2807294.099174
-4.664516,2,2807424.786519
-4.670857,2,2807569.182642
-4.671799,2,2807709.775625
-4.671271,2,2807852.892085
-4.67135,2,2807998.037571
-4.673953,2,2808139.994082
-4.67036,2,2808283.595215
-4.67108,2,2808424.06357
-4.669361,2,2808547.543795
-4.669993,2,2808685.20537
-4.670604,2,2808821.280102
-4.666466,2,2808966.979842
-4.667202,2,2809110.481259
-4.671423,2,2809254.585982
-4.671201,2,2809398.877267
-4.671201,2,2809541.964952
-4.670311,2,2809686.06025
-4.669866,2,2809829.436472
-4.667049,2,2809957.911865
-4.671098,2,2810106.760416
-4.669066,2,2810252.445362
-4.671002,2,2810398.162882
-4.67033,2,2810544.104174
-4.670009,2,2810690.223465
-4.673348,2,2810831.655941
-4.671137,2,2810976.290788
-4.668593,2,2811120.142209
-4.669952,2,2811265.228786
-4.670321,2,2811407.347582
-4.670318,2,2811552.009175
-4.672087,2,2811698.045927
-4.671091,2,2811841.578171
-4.672035,2,2811969.563737
-4.670936,2,2812114.961593
-4.667781,2,2812261.493803
-4.670576,2,2812407.41926
-4.669573,2,2812552.726227
-4.670576,2,2812695.928504
-4.669911,2,2812841.226092
-4.670909,2,2812984.108232
-4.666146,2,2813129.569174
-4.670584,2,2813272.725186
-4.670236,2,2813416.360234
-4.835999,2,2813559.100163
-4.670035,2,2813706.200658
-4.667104,2,2813830.981091
-4.670921,2,2813976.823972
-4.671085,2,2814126.103237
-4.670773,2,2814267.663363
-4.669756,2,2814413.035423
-4.667087,2,2814555.676006
-4.670006,2,2814700.87622
-4.670849,2,2814841.077189
-4.669679,2,2814985.197244
-4.671071,2,2815124.379294
-4.669805,2,2815270.878803
-4.669909,2,2815412.105162
-4.670298,2,2815557.61737
-4.669863,2,2815698.891389
-4.670646,2,2815841.061148
-4.669468,2,2815977.95932
-4.669034,2,2816108.118302
-4.66819,2,2816254.787391
-4.666245,2,2816395.619407
-4.670235,2,2816541.385061
-4.668536,2,2816684.063905
-4.670968,2,2816840.202541
-4.670846,2,2816984.015728
-4.671309,2,2817128.110602
-4.670012,2,2817270.784306
-4.670097,2,2817412.094785
-4.670228,2,2817553.382797
-4.670494,2,2817690.840077
-4.66976,2,2817826.53609
-4.670796,2,2817962.727959
-4.664815,2,2818101.674415
-4.670563,2,2818241.355258
-4.669027,2,2818377.855312
-4.668582,2,2818515.108413
-4.670187,2,2818627.80274
-4.670248,2,2818769.069177
-4.667538,2,2818904.496556
-4.670432,2,2819042.32596
-4.669118,2,2819180.097815
-4.668661,2,2819318.13009
-4.670028,2,2819457.264538
-4.66942,2,2819594.03999
-4.669422,2,2819732.381685
-4.669735,2,2819872.605968
-4.671185,2,2820011.692599
-4.667365,2,2820149.272609
-4.670047,2,2820286.316549
-4.670364,2,2820421.263804
-4.670392,2,2820558.894518
-4.670111,2,2820697.258169
-4.670591,2,2820832.518039
-4.669433,2,2820974.674109
-4.665386,2,2821111.323826
-4.669514,2,2821250.857339
-4.67041,2,2821386.496431
-4.66982,2,2821527.011161
-4.670278,2,2821664.232214
-4.670726,2,2821802.858393
-4.6703,2,2821940.135004
-4.667268,2,2822079.163732
-4.670613,2,2822214.949556
-4.671176,2,2822352.454427
-4.668916,2,2822487.787381
-4.671055,2,2822627.23976
-4.667234,2,2822764.679154
-4.670113,2,2822902.674383
-4.668991,2,2823039.721422
-4.698094,2,2823174.706711
-4.673695,2,2823313.399709
-4.670381,2,2823425.249586
-4.669621,2,2823565.27803
-4.669938,2,2823700.813038
-4.670019,2,2823840.268511
-4.67024,2,2823979.305131
-4.668047,2,2824123.674207
-4.671642,2,2824260.19008
-4.669584,2,2824400.983216
-4.670774,2,2824537.494469
-4.669769,2,2824674.129225
-4.670008,2,2824814.675654
-4.671687,2,2824958.074441
-4.667058,2,2825099.118516
-4.669954,2,2825239.130903
-4.669563,2,2825382.789531
-4.669873,2,2825525.118428
-4.669302,2,2825667.414991
-4.666186,2,2825809.885497
-4.671191,2,2825950.562594
-4.672315,2,2826093.168569
-4.671324,2,2826235.887265
-4.667226,2,2826360.583577
-4.669951,2,2826496.783527
-4.67109,2,2826637.79606
-4.666319,2,2826778.412306
-4.670526,2,2826920.864182
-4.66993,2,2827061.354152
-4.670976,2,2827203.449927
-4.6706,2,2827345.360009
-4.670122,2,2827488.322102
-4.669471,2,2827632.315779
-4.671452,2,2827774.637347
-4.672171,2,2827916.475521
-4.669781,2,2828065.37938
-4.67001,2,2828209.308919
-4.666861,2,2828353.748044
-4.668668,2,2828496.863202
-4.66974,2,2828638.610697
-4.670734,2,2828783.866452
-4.670301,2,2828924.891429
-4.670624,2,2829069.081689
-4.670472,2,2829207.806042
-4.704373,2,2829350.266039
-4.667362,2,2829493.524075
-4.670521,2,2829633.805912
-4.669125,2,2829774.432143
-4.671007,2,2829917.609007
-4.669758,2,2830057.935284
-4.670611,2,2830200.312408
-4.671105,2,2830341.437493
-4.669319,2,2830450.806255
-4.672102,2,2830592.473891
-4.667798,2,2830745.750353
-4.669703,2,2830885.577714
-4.670767,2,2831025.841182
-4.670887,2,2831167.37534
-4.671262,2,2831307.276993
-4.669536,2,2831447.923031
-4.671156,2,2831591.187632
-4.670311,2,2831732.796141
-4.671342,2,2831876.904806
-4.669837,2,2832017.201973
-4.669765,2,2832160.944795
-4.671979,2,2832300.982093
-4.670789,2,2832443.153577
-4.669128,2,2832585.946622
-4.670745,2,2832726.882956
-4.673767,2,2832868.712517
-4.67147,2,2833010.455729
-4.669214,2,2833150.550395
-4.669829,2,2833297.046812
-4.671126,2,2833439.40885
-4.670655,2,2833581.404363
-4.670573,2,2833725.168318
-4.669421,2,2833864.048453
-4.666195,2,2834005.261329
-4.668501,2,2834143.9548
-4.670795,2,2834280.577933
-4.672105,2,2834417.619685
-4.670307,2,2834552.791818
-4.670196,2,2834690.156515
-4.67035,2,2834826.164641
-4.668061,2,2834962.477006
-4.670259,2,2835098.921507
-4.670774,2,2835237.742168
-4.669928,2,2835373.293065
-4.669241,2,2835509.404478
-4.665987,2,2835645.671868
-4.669039,2,2835781.993872
-4.672717,2,2835916.929311
-4.670311,2,2836056.109624
-4.672541,2,2836188.397687
-4.672389,2,2836326.538568
-4.66635,2,2836424.183744
-4.671078,2,2836560.228949
-4.671177,2,2836695.282838
-4.669654,2,2836831.344243
-4.670816,2,2836964.400285
-4.670242,2,2837101.568644
-4.669902,2,2837234.99012
-4.670017,2,2837374.047928
-4.671306,2,2837511.393006
-4.670895,2,2837649.362664
-4.670109,2,2837786.238687
-4.666535,2,2837922.209092
-4.664863,2,2838060.869583
-4.66562,2,2838197.383569
-4.670259,2,2838334.819834
-4.671897,2,2838469.337515
-4.669904,2,2838607.072776
-4.671109,2,2838747.32708
-4.670955,2,2838885.649891
-4.670144,2,2839020.888517
-4.671436,2,2839157.14657
-4.666171,2,2839295.086596
-4.670276,2,2839433.055599
-4.670929,2,2839570.779533
-4.670042,2,2839709.347054
-4.669913,2,2839844.509468
-4.671097,2,2839984.131567
-4.67118,2,2840121.346594
-4.670675,2,2840257.100921
-4.669559,2,2840393.100761
-4.669786,2,2840530.254866
-4.670742,2,2840661.293788
-4.671574,2,2840759.441049
-4.670023,2,2840897.11132
-4.670286,2,2841033.288735
-4.672451,2,2841170.94806
-4.671367,2,2841306.986603
-4.665913,2,2841443.812332
-4.672348,2,2841581.303917
-4.670886,2,2841716.346437
-4.669049,2,2841851.712684
-4.670797,2,2841988.503867
-4.669521,2,2842127.991426
-4.671428,2,2842263.835681
-4.954302,2,2842401.407081
-4.6695,2,2842539.04182
-4.670019,2,2842677.272426
-4.666251,2,2842815.311571
-4.668838,2,2842950.547755
-4.66518,2,2843087.333867
-4.669359,2,2843227.221839
-4.670378,2,2843364.248687
-4.836967,2,2843500.732501
-4.670254,2,2843639.769057
-4.670618,2,2843777.095778
-4.670038,2,2843916.985926
-4.672829,2,2844049.180764
-4.671161,2,2844190.563915
-4.670673,2,2844328.458812
-4.670513,2,2844477.913489
-4.670777,2,2844614.537864
-4.671123,2,2844752.262495
-4.669575,2,2844889.501651
-4.665904,2,2845028.541298
-4.668684,2,2845169.307678
-4.671162,2,2845307.709537
-4.669829,2,2845446.556032
-4.670508,2,2845585.643643
-4.669568,2,2845723.655478
-4.672423,2,2845859.396334
-4.670949,2,2845998.270285
-4.669721,2,2846138.397353
-4.669936,2,2846276.315923
-4.669951,2,2846412.592751
-4.670173,2,2846501.142457
-4.670003,2,2846638.284504
-4.670715,2,2846776.44359
-4.669322,2,2846915.978762
-4.672716,2,2847054.745516
-4.669432,2,2847195.562454
-4.669053,2,2847332.014056
-4.668825,2,2847471.222758
-4.669306,2,2847611.175325
-4.669588,2,2847750.11392
-4.669862,2,2847890.44416
-4.66618,2,2848028.113265
-4.671453,2,2848165.51822
-4.666851,2,2848302.561646
-4.671826,2,2848440.513646
-4.670094,2,2848576.311094
-4.670104,2,2848717.523804
-4.667663,2,2848851.341245
-4.669181,2,2848991.446773
-4.669886,2,2849129.339813
-4.670783,2,2849265.718999
-4.669719,2,2849404.726686
-4.66948,2,2849542.663373
-4.672725,2,2849679.338945
-4.679473,2,2849811.506658
-4.670021,2,2849951.519277
-4.667117,2,2850091.022751
-4.669529,2,2850232.956044
-4.670271,2,2850374.071309
-4.670289,2,2850510.791237
-4.672067,2,2850650.426104
-4.672089,2,2850788.231643
-4.67009,2,2850928.297297
-4.666183,2,2851069.1424
-4.670097,2,2851206.884695
-4.671219,2,2851299.155974
-4.668691,2,2851438.248087
-4.672541,2,2851576.913619
-4.670898,2,2851714.284862
-4.670203,2,2851854.359201
-4.670102,2,2851994.272056
-4.671081,2,2852130.235044
-4.668915,2,2852268.185838
-4.672055,2,2852405.115412
-4.66733,2,2852544.993388
-4.670063,2,2852683.436497
-4.669595,2,2852821.270569
-4.668723,2,2852962.129589
-4.669787,2,2853101.754983
-4.668981,2,2853239.952188
-4.670023,2,2853378.145877
-4.668644,2,2853517.014947
-4.66882,2,2853658.060529
-4.66926,2,2853796.321946
-4.672428,2,2853934.690418
-4.666201,2,2854076.737248
-4.667581,2,2854217.208002
-4.669856,2,2854357.707962
-4.670654,2,2854495.200201
-4.672142,2,2854636.265007
-4.667639,2,2854775.806587
-4.667208,2,2854915.378348
-4.669238,2,2855052.904032
-4.669389,2,2855195.60398
-4.670409,2,2855334.981471
-4.672214,2,2855473.09229
-4.666145,2,2855613.99646
-4.675512,2,2855752.179969
-4.672266,2,2855889.02406
-4.670324,2,2856025.599576
-4.670106,2,2856165.065465
-4.669417,2,2856305.236854
-4.669547,2,2856444.064095
-4.670366,2,2856583.55616
-4.67008,2,2856721.450145
-4.670978,2,2856859.805244
-4.670371,2,2857000.54195
-4.672294,2,2857074.761021
-4.670596,2,2857226.248816
-4.666133,2,2857366.324425
-4.667671,2,2857507.314356
-4.668607,2,2857648.873878
-4.670946,2,2857788.534558
-4.671101,2,2857928.871051
-4.670849,2,2858070.951486
-4.669381,2,2858222.139316
-4.670271,2,2858360.120132
-4.670921,2,2858499.619698
-4.669532,2,2858636.665904
-4.670312,2,2858779.026954
-4.666208,2,2858916.675659
-4.670349,2,2859056.86903
-4.667156,2,2859195.487155
-4.670309,2,2859336.222408
-4.672983,2,2859475.85354
-4.670228,2,2859615.435532
-4.671299,2,2859755.786574
-4.669545,2,2859896.001786
-4.671695,2,2860034.226806
-4.671095,2,2860130.040552
-4.672063,2,2860255.919593
-4.670051,2,2860392.500072
-4.671771,2,2860531.316348
-4.668972,2,2860669.825603
-4.671179,2,2860812.311754
-4.670336,2,2860948.172712
-4.669828,2,2861088.203999
-4.670659,2,2861223.003333
-4.671174,2,2861362.045228
-4.670922,2,2861498.755875
-4.669446,2,2861637.080304
-4.668725,2,2861776.895134
-4.670628,2,2861911.871603
-4.666262,2,2862048.947421
-4.671178,2,2862185.021198
-4.666169,2,2862322.599494
-4.669985,2,2862460.002272
-4.670532,2,2862598.06128
-4.670266,2,2862736.363035
-4.671101,2,2862873.795506
-4.671839,2,2863005.227446
-4.670249,2,2863145.081255
-4.670628,2,2863284.603462
-4.668687,2,2863422.325538
-4.671642,2,2863558.900632
-4.670804,2,2863639.956999
-4.671656,2,2863776.632865
-4.672047,2,2863909.312335
-4.670287,2,2864051.565399
-4.667432,2,2864190.173931
-4.669758,2,2864330.244592
-4.671091,2,2864467.794866
-4.667224,2,2864608.892331
-4.875274,2,2864744.113936
-4.671748,2,2864884.34791
-4.670284,2,2865022.887915
-4.671901,2,2865160.57227
-4.669346,2,2865299.7912
-4.665849,2,2865439.974788
-4.669199,2,2865579.301938
-4.670364,2,2865717.668301
-4.67339,2,2865857.226998
-4.670794,2,2865996.750108
-4.66954,2,2866135.454696
-4.670335,2,2866275.731534
-4.668659,2,2866413.801433
-4.66897,2,2866550.114691
-4.67078,2,2866689.706118
-4.670605,2,2866830.24474
-4.665467,2,2867157.759301
-4.668842,2,2867495.880578
-4.669937,2,2867814.243243
-4.670595,2,2868122.340124
-4.671416,2,2868389.280103
-4.672072,2,2868603.434586
-4.66855,2,2868844.987015
-4.670285,2,2869117.0032
-4.670941,2,2869381.861328
-4.66901,2,2869634.809915
-4.670259,2,2869909.80246
-4.671372,2,2870173.371219
-4.670893,2,2870431.509834
-4.671639,2,2870689.125289
-4.6685,2,2870919.810322
-4.666095,2,2871125.217666
-4.664761,2,2871256.848804
-4.670016,2,2871392.536848
-4.670857,2,2871526.591839
-4.669938,2,2871661.380725
-4.670518,2,2871822.682962
-4.670849,2,2872026.568303
-4.670563,2,2872232.879338
-4.672427,2,2872438.122955
-4.669466,2,2872637.639235
-4.663773,2,2872839.106905
-4.671314,2,2873042.267484
-4.669969,2,2873247.217263
-4.822962,2,2873455.437563
-4.669671,2,2873660.982311
-4.667027,2,2873864.499109
-4.670621,2,2874068.633882
-4.671121,2,2874256.148456
-4.669327,2,2874388.185348
-4.670941,2,2874593.084483
-4.669432,2,2874797.94773
-4.671361,2,2875105.198981
-4.668724,2,2875306.214194
-4.66949,2,2875509.506635
-4.67177,2,2875710.894399
-4.66849,2,2875915.687521
-4.670165,2,2876118.075644
-4.670528,2,2876327.720278
-4.671079,2,2876534.404881
-4.671377,2,2876736.242259
-4.670886,2,2876941.240152
-4.671356,2,2877146.118384
-4.668478,2,2877353.134745
-4.669257,2,2877549.830889
-4.67,2,2877748.244562
-4.666511,2,2877947.956959
-4.671085,2,2878137.416449
-4.669192,2,2878325.322251
-4.672704,2,2878514.710915
-4.669483,2,2878696.267347
-4.669292,2,2878875.033756
-4.670342,2,2879056.631146
-4.670283,2,2879229.683407
-4.670392,2,2879410.352999
-4.671117,2,2879582.945288
-4.669908,2,2879752.055743
-4.671784,2,2879920.799623
-4.670709,2,2880090.786081
-4.669818,2,2880258.233195
-4.667006,2,2880425.618006
-4.668841,2,2880594.092849
-4.672162,2,2880757.501747
-4.665475,2,2880925.623277
-4.671129,2,2881094.312719
-4.669501,2,2881263.073667
-4.671187,2,2881367.303881
-4.670644,2,2881517.945074
-4.67386,2,2881677.984299
-4.670829,2,2881840.506561
-4.670794,2,2882001.820766
-4.839514,2,2882159.544146
-4.670386,2,2882318.937321
-4.67069,2,2882478.830356
-4.670248,2,2882638.50909
-4.669753,2,2882797.887454
-4.669853,2,2882953.286646
-4.670902,2,2883113.407279
-4.672431,2,2883271.091609
-4.670484,2,2883432.115097
-4.671598,2,2883589.96298
-4.669243,2,2883750.371868
-4.669956,2,2883908.955857
-4.670196,2,2884066.93927
-4.670313,2,2884227.684885
-4.670075,2,2884386.738807
-4.671069,2,2884543.07814
-4.671205,2,2884704.892748
-4.669979,2,2884864.593817
-4.670316,2,2885022.886309
-4.67001,2,2885178.730345
-4.670287,2,2885338.100351
-4.670001,2,2885493.648204
-4.670593,2,2885657.904404
-4.670239,2,2885812.13768
-4.669337,2,2885974.079613
-4.668737,2,2886132.004635
-4.671758,2,2886287.494108
-4.670049,2,2886446.287588
-4.67296,2,2886602.605025
-4.671484,2,2886761.026668
-4.826177,2,2886920.840357
-4.670709,2,2887078.843953
-4.670008,2,2887237.165486
-4.671236,2,2887395.657461
-4.752795,2,2887554.855948
-4.670321,2,2887714.035051
-4.670406,2,2887874.03675
-4.670316,2,2888035.392796
-4.670143,2,2888144.920366
-4.67071,2,2888256.058818
-4.670591,2,2888416.770397
-4.67093,2,2888574.100445
-4.670788,2,2888736.842233
-4.669563,2,2888894.025342
-4.671334,2,2889047.217268
-4.669185,2,2889213.474056
-4.670847,2,2889372.408983
-4.669834,2,2889529.938872
-4.669877,2,2889679.867133
-4.670814,2,2889835.7361
-4.67055,2,2889992.854256
-4.670978,2,2890146.238241
-4.669654,2,2890299.998352
-4.669529,2,2890448.216711
-4.671564,2,2890599.823441
-4.67084,2,2890751.464084
-4.670317,2,2890905.153662
-4.669706,2,2891056.849615
-4.669758,2,2891208.541351
-4.670149,2,2891356.795696
-4.672667,2,2891507.013139
-4.672338,2,2891672.524382
-4.668324,2,2891823.126301
-4.670158,2,2891898.83061
-4.694237,2,2892027.710995
-4.669989,2,2892176.006559
-4.669896,2,2892323.894351
-4.670285,2,2892472.151155
-4.669624,2,2892618.217994
-4.670033,2,2892764.218431
-4.671703,2,2892902.609981
-4.671237,2,2893050.977356
-4.669725,2,2893194.057213
-4.670732,2,2893338.879411
-4.671417,2,2893482.377422
-4.670805,2,2893626.955185
-4.675045,2,2893766.347738
-4.67093,2,2893905.602118
-4.670994,2,2894046.70152
-4.670369,2,2894185.335029
-4.669268,2,2894329.675355
-4.669635,2,2894474.11917
-4.66854,2,2894615.980591
-4.670006,2,2894759.145242
-4.669413,2,2894898.692677
-4.672077,2,2895043.251375
-4.670507,2,2895184.342884
-4.670412,2,2895326.805388
-4.67109,2,2895465.584725
-4.670714,2,2895606.274318
-4.671541,2,2895745.994213
-4.670778,2,2895889.771505
-4.671048,2,2896030.120108
-4.66993,2,2896173.7987
-4.669528,2,2896314.223071
-4.666285,2,2896453.326751
-4.670331,2,2896595.19351
-4.669576,2,2896733.803017
-4.666127,2,2896874.907875
-4.67092,2,2897018.976721
-4.671058,2,2897159.568883
-4.670023,2,2897303.629777
-4.670765,2,2897447.156067
-4.67252,2,2897590.070311
-4.67243,2,2897733.918199
-4.671625,2,2897876.037177
-4.67064,2,2898017.556724
-4.672056,2,2898139.267682
-4.669453,2,2898204.866796
-4.671529,2,2898332.73034
-4.665983,2,2898475.993636
-4.670605,2,2898620.620402
-4.669003,2,2898760.425781
-4.671052,2,2898904.542741
-4.670248,2,2899043.716368
-4.670068,2,2899186.990105
-4.670826,2,2899331.455852
-4.669757,2,2899471.697225
-4.671499,2,2899613.621389
-4.671923,2,2899758.16048
-4.670908,2,2899899.691615
-4.673144,2,2900039.705349
-4.669504,2,2900183.582296
-4.671523,2,2900324.615609
-4.67284,2,2900466.801625
-4.669748,2,2900608.60386
-4.67326,2,2900751.177787
-4.669228,2,2900892.869457
-4.670005,2,2901034.486645
-4.670281,2,2901175.262623
-4.671512,2,2901317.132945
-4.670657,2,2901457.983684
-4.671271,2,2901600.653989
-4.671635,2,2901743.693341
-4.666961,2,2901884.079408
-4.66696,2,2902027.509643
-4.670309,2,2902170.744777
-4.674817,2,2902312.674111
-4.670311,2,2902455.147759
-4.671816,2,2902595.751305
-4.670715,2,2902736.03521
-4.66885,2,2902876.868878
-4.829609,2,2903014.55603
-4.67387,2,2903152.187473
-4.670328,2,2903289.115219
-4.670029,2,2903427.359065
-4.669568,2,2903565.423054
-4.668606,2,2903701.687002
-4.669241,2,2903836.210719
-4.671788,2,2903973.350207
-4.670195,2,2904180.320826
-4.6697,2,2904420.916982
-4.670781,2,2904660.10173
-4.66965,2,2904886.870631
-4.67083,2,2905081.417143
-4.823521,2,2905230.60693
-4.670899,2,2905427.110835
-4.668783,2,2905631.452811
-4.669985,2,2905832.95819
-4.671991,2,2906028.841383
-4.670317,2,2906222.795181
-4.670648,2,2906464.173872
-4.669313,2,2906655.626982
-4.674029,2,2906836.974241
-4.670305,2,2907013.16053
-4.670836,2,2907186.78195
-4.670236,2,2907359.002156
-4.670986,2,2907531.216378
-4.668426,2,2907702.711056
-4.67021,2,2907873.934313
-4.667072,2,2908044.858428
-4.671269,2,2908211.805642
-4.670639,2,2908387.15538
-4.671573,2,2908563.796847
-4.670877,2,2908736.98217
-4.670964,2,2908908.392552
-4.67113,2,2909080.008323
-4.666511,2,2909251.108846
-4.666048,2,2909420.525529
-4.672353,2,2909596.197266
-4.669972,2,2909772.787598
-4.669987,2,2909945.361232
-4.669261,2,2910117.347877
-4.66755,2,2910291.146641
-4.669061,2,2910462.691887
-4.671651,2,2910636.045605
-4.671666,2,2910805.249082
-4.666189,2,2910981.898483
-4.6696,2,2911157.221056
-4.669654,2,2911327.468544
-4.66655,2,2911493.286667
-4.669224,2,2911664.832339
-4.670337,2,2911838.639893
-4.666269,2,2912010.271337
-4.670236,2,2912184.136172
-4.667043,2,2912355.068293
-4.670563,2,2912529.526048
-4.666905,2,2912702.566869
-4.671556,2,2912870.706682
-4.670777,2,2913042.170584
-4.668897,2,2913216.128763
-4.669895,2,2913386.281746
-4.669309,2,2913558.802264
-4.670921,2,2913727.274581
-4.669525,2,2913896.904749
-4.672915,2,2914069.781142
-4.674164,2,2914213.777144
-4.840019,2,2914310.242978
-4.672431,2,2914455.722215
-4.670307,2,2914621.011122
-4.67037,2,2914790.030973
-4.671538,2,2914955.371534
-4.670482,2,2915121.075057
-4.670171,2,2915287.977331
-4.669656,2,2915448.736485
-4.670605,2,2915612.556575
-4.671183,2,2915775.758895
-4.669771,2,2915938.730591
-4.668044,2,2916096.093374
-4.670442,2,2916257.26848
-4.672017,2,2916418.033372
-4.671144,2,2916574.495974
-4.671144,2,2916727.552881
-4.669342,2,2916882.105871
-4.670952,2,2917032.471213
-4.669818,2,2917180.489037
-4.667064,2,2917329.618978
-4.668496,2,2917475.481503
-4.669996,2,2917619.652278
-4.670833,2,2917764.734899
-4.67036,2,2917912.733047
-4.670842,2,2918064.729605
-4.670014,2,2918219.368689
-4.673419,2,2918372.143777
-4.670785,2,2918524.873556
-4.669248,2,2918675.60552
-4.671915,2,2918828.784076
-4.669662,2,2918979.795134
-4.670084,2,2919132.44223
-4.671142,2,2919281.701718
-4.837303,2,2919435.978137
-4.667598,2,2919589.488979
-4.671528,2,2919742.342667
-4.670165,2,2919895.079679
-4.668247,2,2920050.559277
-4.670039,2,2920204.146076
-4.670911,2,2920356.245648
-4.671863,2,2920509.114856
-4.670347,2,2920657.837337
-4.67046,2,2920810.69031
-4.671022,2,2920965.141364
-4.671956,2,2921120.680158
-4.671428,2,2921275.025534
-4.67087,2,2921426.332096
-4.670804,2,2921580.465177
-4.670358,2,2921732.959695
-4.670945,2,2921884.015067
-4.670754,2,2922037.178173
-4.66887,2,2922190.719908
-4.671459,2,2922339.230142
-4.670385,2,2922498.906363
-4.66978,2,2922672.191954
-4.671455,2,2922823.88943
-4.669806,2,2922977.237245
-4.67118,2,2923127.422386
-4.670016,2,2923283.322452
-4.668473,2,2923434.77674
-4.670745,2,2923588.763959
-4.666342,2,2923734.796695
-4.672927,2,2923890.874031
-4.670217,2,2924043.870059
-4.670468,2,2924194.435201
-4.670932,2,2924349.406335
-4.670972,2,2924501.121309
-4.670957,2,2924653.850756
-4.67104,2,2924807.023869
-4.669899,2,2924960.033681
-4.671092,2,2925112.460701
-4.670003,2,2925265.882208
-4.670927,2,2925415.165506
-4.669512,2,2925564.131458
-4.670166,2,2925638.624113
-4.669637,2,2925742.416411
-4.67037,2,2925895.058817
-4.670098,2,2926045.269732
-4.667206,2,2926196.828151
-4.668699,2,2926346.612012
-4.669822,2,2926497.60907
-4.670578,2,2926648.634124
-4.671033,2,2926799.015162
-4.670802,2,2926947.004502
-4.672197,2,2927092.244271
-4.669997,2,2927237.232768
-4.671542,2,2927381.857488
-4.670202,2,2927528.073741
-4.669553,2,2927677.230204
-4.670331,2,2927821.944485
-4.670625,2,2927963.069614
-4.825563,2,2928103.036382
-4.669044,2,2928243.450469
-4.673868,2,2928382.259008
-4.669511,2,2928523.142389
-4.674246,2,2928663.514733
-4.667401,2,2928802.588822
-4.670653,2,2928941.064825
-4.67064,2,2929079.337795
-4.666869,2,2929216.132469
-4.670364,2,2929363.1294
-4.66878,2,2929510.268323
-4.671799,2,2929655.538846
-4.670997,2,2929802.356986
-4.669147,2,2929945.00288
-4.672187,2,2930093.296076
-4.669894,2,2930236.81291
-4.667607,2,2930381.310158
-4.670311,2,2930528.402688
-4.669849,2,2930671.33552
-4.670771,2,2930814.380153
-4.670982,2,2930961.307263
-4.669505,2,2931097.922325
-4.670565,2,2931248.292549
-4.670326,2,2931393.147201
-4.671668,2,2931533.14242
-4.670936,2,2931682.324992
-4.668774,2,2931829.952826
-4.673686,2,2931973.229782
-4.67106,2,2932115.717241
-4.666005,2,2932260.320785
-4.670127,2,2932407.236379
-4.671159,2,2932552.600503
-4.67215,2,2932697.199802
-4.670861,2,2932844.128729
-4.664387,2,2932991.877238
-4.670594,2,2933130.345475
-4.669447,2,2933271.659712
-4.669697,2,2933413.982488
-4.6689,2,2933553.162915
-4.669881,2,2933698.345277
-4.670835,2,2933841.052383
-4.670421,2,2933984.525617
-4.66956,2,2934132.228193
-4.67059,2,2934278.874127
-4.670707,2,2934420.39167
-4.670031,2,2934565.647084
-4.670172,2,2934709.228936
-4.669899,2,2934853.81668
-4.669554,2,2934999.883533
-4.669845,2,2935143.322299
-4.672115,2,2935286.373842
-4.670377,2,2935434.811983
-4.669904,2,2935574.790859
-4.671829,2,2935720.77361
-4.670677,2,2935865.855476
-4.669986,2,2936006.637188
-4.66655,2,2936090.612677
-4.671513,2,2936167.716235
-4.670193,2,2936314.536241
-4.667152,2,2936458.529111
-4.668691,2,2936604.179389
-4.670838,2,2936749.163756
-4.668768,2,2936894.353543
-4.671859,2,2937051.756335
-4.668658,2,2937197.800088
-4.670823,2,2937345.335124
-4.668599,2,2937489.492635
-4.669999,2,2937635.852594
-4.667024,2,2937780.251622
-4.668509,2,2937921.195368
-4.669338,2,2938067.795361
-4.666156,2,2938212.919055
-4.668482,2,2938357.205385
-4.673999,2,2938497.637829
-4.670675,2,2938640.312271
-4.671843,2,2938783.397854
-4.668137,2,2938927.319865
-4.670645,2,2939069.682975
-4.670768,2,2939213.746651
-4.671545,2,2939357.781008
-4.670274,2,2939500.684731
-4.669469,2,2939643.075251
-4.673466,2,2939784.505578
-4.673618,2,2939929.134156
-4.669466,2,2940064.320749
-4.670091,2,2940208.640206
-4.670432,2,2940357.210542
-4.667893,2,2940504.456318
-4.669957,2,2940647.94635
-4.670082,2,2940795.875899
-4.670837,2,2940940.96875
-4.668722,2,2941085.530604
-4.67033,2,2941233.150961
-4.669305,2,2941374.377154
-4.669564,2,2941519.931764
-4.670962,2,2941661.285623
-4.672251,2,2941807.558835
-4.669526,2,2941949.553326
-4.670685,2,2942094.295439
-4.668669,2,2942238.11189
-4.669596,2,2942386.059604
-4.669899,2,2942531.959737
-4.671527,2,2942677.153607
-4.733116,2,2942820.532194
-4.669966,2,2942962.998015
-4.671314,2,2943111.649909
-4.668985,2,2943255.162387
-4.671388,2,2943396.526451
-4.672042,2,2943548.756308
-4.670362,2,2943697.25588
-4.668837,2,2943846.028073
-4.668975,2,2943992.311129
-4.670605,2,2944135.295429
-4.670569,2,2944284.397025
-4.672332,2,2944430.026099
-4.670012,2,2944577.777446
-4.667799,2,2944724.499908
-4.666773,2,2944869.288875
-4.669511,2,2945015.219325
-4.670289,2,2945165.048493
-4.670659,2,2945311.539777
-4.671512,2,2945456.004888
-4.674632,2,2945604.154675
-4.669919,2,2945750.451783
-4.670248,2,2945895.519949
-4.67065,2,2946041.937757
-4.669938,2,2946191.143641
-4.670199,2,2946336.564686
-4.671259,2,2946483.752051
-4.668778,2,2946627.228275
-4.673571,2,2946774.914946
-4.66873,2,2946922.379081
-4.669017,2,2947071.019058
-4.672194,2,2947217.879607
-4.669391,2,2947361.951752
-4.669984,2,2947472.833062
-4.671365,2,2947547.138938
-4.67301,2,2947655.950029
-4.670827,2,2947802.378736
-4.667974,2,2947949.873245
-4.670975,2,2948094.565431
-4.668579,2,2948242.469404
-4.671449,2,2948387.228013
-4.670307,2,2948531.835656
-4.667062,2,2948678.783918
-4.668504,2,2948819.754616
-4.671337,2,2948969.341772
-4.670505,2,2949114.701874
-4.670214,2,2949262.488372
-4.668755,2,2949407.426269
-4.669088,2,2949552.134057
-4.670415,2,2949695.134775
-4.669971,2,2949837.891439
-4.669099,2,2949981.261991
-4.666821,2,2950123.465601
-4.671029,2,2950262.295835
-4.672024,2,2950406.08721
-4.671211,2,2950550.048636
-4.670549,2,2950694.567236
-4.670372,2,2950838.528777
-4.669691,2,2950979.422365
-4.669001,2,2951117.898748
-4.670545,2,2951262.7686
-4.693648,2,2951418.442009
-4.66927,2,2951567.376444
-4.670059,2,2951714.758289
-4.669923,2,2951859.754766
-4.670929,2,2952000.092347
-4.670581,2,2952143.553866
-4.669577,2,2952287.656172
-4.669808,2,2952434.065007
-4.671607,2,2952578.146047
-4.669506,2,2952725.155575
-4.670288,2,2952869.256342
-4.669485,2,2953016.853582
-4.671119,2,2953164.411023
-4.670322,2,2953311.525757
-4.683202,2,2953455.373004
-4.671094,2,2953602.111914
-4.672286,2,2953749.712044
-4.671361,2,2953893.708347
-4.669314,2,2954039.905492
-4.670094,2,2954184.168332
-4.669949,2,2954332.977964
-4.668116,2,2954482.772995
-4.668953,2,2954627.890537
-4.670593,2,2954773.484283
-4.670766,2,2954917.57923
-4.669438,2,2955067.315914
-4.669985,2,2955214.20823
-4.672793,2,2955357.969932
-4.673486,2,2955504.726812
-4.670854,2,2955649.783283
-4.668909,2,2955793.396811
-4.67066,2,2955940.874905
-4.670406,2,2956092.254569
-4.670518,2,2956238.514512
-4.670872,2,2956385.243885
-4.670114,2,2956532.416585
-4.672073,2,2956675.265407
-4.66586,2,2956825.032544
-4.669667,2,2956972.239268
-4.669035,2,2957097.013163
-4.670785,2,2957171.357068
-4.672337,2,2957255.164603
-4.670741,2,2957400.872673
-4.671191,2,2957548.776563
-4.670802,2,2957697.855577
-4.840349,2,2957843.375335
-4.671027,2,2957989.938316
-4.669734,2,2958135.069864
-4.671113,2,2958283.359342
-4.670375,2,2958429.936002
-4.668623,2,2958575.51293
-4.669708,2,2958720.618895
-4.669531,2,2958870.440654
-4.671303,2,2959016.536717
-4.670069,2,2959158.489272
-4.668879,2,2959303.12193
-4.668737,2,2959448.969276
-4.670342,2,2959591.311457
-4.671006,2,2959736.384644
-4.671162,2,2959878.646753
-4.668505,2,2960018.654106
-4.670933,2,2960163.162633
-4.670858,2,2960303.928452
-4.672256,2,2960445.341405
-4.670208,2,2960589.10831
-4.669622,2,2960731.946084
-4.669672,2,2960876.602972
-4.67045,2,2961022.838872
-4.669076,2,2961163.21584
-4.668922,2,2961305.854646
-4.673351,2,2961446.759166
-4.839145,2,2961588.80492
-4.670505,2,2961732.564596
-4.669048,2,2961873.36994
-4.670593,2,2962016.466572
-4.872447,2,2962151.719991
-4.673343,2,2962294.108304
-4.670738,2,2962437.159652
-4.670201,2,2962578.93101
-4.670544,2,2962723.102854
-4.669548,2,2962866.540257
-4.669468,2,2963010.929134
-4.669532,2,2963156.197001
-4.670377,2,2963303.157296
-4.671102,2,2963447.97317
-4.671872,2,2963594.994019
-4.670063,2,2963741.287528
-4.668878,2,2963885.607495
-4.670388,2,2964030.970131
-4.671238,2,2964130.468053
-4.670356,2,2964199.678363
-4.67031,2,2964269.440402
-4.669287,2,2964339.475801
-4.671127,2,2964408.365183
-4.669052,2,2964477.162905
-4.890584,2,2964544.354879
-4.672413,2,2964614.566775
-4.666489,2,2964683.555792
-4.6678,2,2964751.223307
-4.670587,2,2964822.312264
-4.669937,2,2964894.056323
-4.670926,2,2964962.480226
-4.674179,2,2965031.560333
-4.670903,2,2965097.778071
-4.67015,2,2965166.650637
-4.67045,2,2965233.66651
-4.670401,2,2965302.312957
-4.670145,2,2965370.605909
-4.670531,2,2965440.322772
-4.668798,2,2965508.886353
-4.670292,2,2965577.131209
-4.671999,2,2965644.682153
-4.670708,2,2965713.290379
-4.668509,2,2965780.42269
-4.67058,2,2965848.341994
-4.671288,2,2965917.463789
-4.670447,2,2965985.18897
-4.670851,2,2966053.019954
-4.671683,2,2966122.63252
-4.669332,2,2966190.456726
-4.68277,2,2966259.965027
-4.66612,2,2966328.09635
-4.669938,2,2966396.697147
-4.670275,2,2966468.115663
-4.671142,2,2966536.787875
-4.67025,2,2966607.166724
-4.670099,2,2966676.508471
-4.669953,2,2966746.97309
-4.672785,2,2966816.624933
-4.669354,2,2966884.690556
-4.669079,2,2966953.252801
-4.669047,2,2967021.515078
-4.669898,2,2967092.702124
-4.668778,2,2967161.321208
-4.669603,2,2967228.286371
-4.67175,2,2967292.224703
-4.671021,2,2967359.515885
-4.671511,2,2967426.216598
-4.666096,2,2967491.278694
-4.671014,2,2967557.604451
-4.670514,2,2967623.124402
-4.670907,2,2967688.418071
-4.666023,2,2967754.033311
-4.669941,2,2967817.929029
-4.669313,2,2967883.677961
-4.668032,2,2967948.115235
-4.666963,2,2968014.845701
-4.674412,2,2968079.848922
-4.669827,2,2968146.630435
-4.670622,2,2968208.580497
-4.668521,2,2968271.971299
-4.671183,2,2968334.056909
-4.670289,2,2968398.358181
-4.670569,2,2968461.972694
-4.672182,2,2968523.330992
-4.671235,2,2968585.632027
-4.668802,2,2968644.905843
-4.670318,2,2968704.187493
-4.666492,2,2968765.035676
-4.670102,2,2968829.02666
-4.668913,2,2968899.982122
-4.672466,2,2968966.841982
-4.670345,2,2969034.564275
-4.672069,2,2969104.718171
-4.670479,2,2969173.38616
-4.840099,2,2969242.118376
-4.672085,2,2969311.813587
-4.670182,2,2969379.540755
-4.670615,2,2969450.11568
-4.669507,2,2969520.209144
-4.669712,2,2969587.779695
-4.669737,2,2969656.941329
-4.669917,2,2969726.287402
-4.670322,2,2969794.095145
-4.668532,2,2969863.97421
-4.670296,2,2969932.700591
-4.670894,2,2970001.718474
-4.670136,2,2970069.915607
-4.668882,2,2970140.547611
-4.664437,2,2970209.973375
-4.874308,2,2970279.593463
-4.670813,2,2970348.618978
-4.670319,2,2970416.876986
-4.669832,2,2970487.197649
-4.670098,2,2970554.15409
-4.670046,2,2970624.872518
-4.669834,2,2970693.165734
-4.671501,2,2970762.368644
-4.665939,2,2970831.372026
-4.673331,2,2970900.576403
-4.671841,2,2970967.955257
-4.670962,2,2971037.296364
-4.666852,2,2971107.46309
-4.672038,2,2971174.938339
-4.66942,2,2971245.75802
-4.669441,2,2971313.357386
-4.670305,2,2971381.541818
-4.670194,2,2971449.558046
-4.670526,2,2971519.02521
-4.667333,2,2971587.670254
-4.6725,2,2971659.155362
-4.670376,2,2971727.566395
-4.671048,2,2971795.675153
-4.670284,2,2971865.500584
-4.671262,2,2971935.049881
-4.670874,2,2972002.263304
-4.666471,2,2972070.075633
-4.670277,2,2972141.44216
-4.669928,2,2972208.497742
-4.671127,2,2972277.023402
-4.671848,2,2972344.921988
-4.670451,2,2972411.634593
-4.670903,2,2972481.064931
-4.669321,2,2972550.64555
-4.668477,2,2972618.614317
-4.671908,2,2972684.687055
-4.671035,2,2972753.92176
-4.675309,2,2972821.360475
-4.668416,2,2972889.419389
-4.668858,2,2972959.283158
-4.670276,2,2973029.150645
-4.669671,2,2973097.595196
-4.670215,2,2973164.303548
-4.669996,2,2973231.558141
-4.669854,2,2973301.650734
-4.665869,2,2973369.582292
-4.66977,2,2973437.520046
-4.668989,2,2973505.933271
-4.67019,2,2973570.973303
-4.6698,2,2973635.698748
-4.668735,2,2973713.633453
-4.66861,2,2973813.388061
-4.670913,2,2973917.023831
-4.670797,2,2974020.217384
-4.670387,2,2974121.724979
-4.670903,2,2974220.073365
-4.669546,2,2974321.666503
-4.668877,2,2974421.804564
-4.670726,2,2974519.605372
-4.670123,2,2974620.079677
-4.674027,2,2974717.62408
-4.676464,2,2974815.0275
-4.668945,2,2974908.683207
-4.671548,2,2975007.372437
-4.672661,2,2975102.733692
-4.671219,2,2975191.862405
-4.673088,2,2975285.378131
-4.670891,2,2975383.118711
-4.667005,2,2975479.516723
-4.669732,2,2975584.411279
-4.665967,2,2975685.769295
-4.669772,2,2975788.597176
-4.67011,2,2975892.769208
-4.670738,2,2975999.470994
-4.670515,2,2976104.236193
-4.672062,2,2976204.736353
-4.669414,2,2976298.85762
-4.669424,2,2976426.420698
-4.669432,2,2976522.090086
-4.670114,2,2976614.424433
-4.670763,2,2976706.936804
-4.668515,2,2976816.00546
-4.671211,2,2976976.531925
-4.670058,2,2977125.293835
-4.670842,2,2977275.621713
-4.671533,2,2977427.670876
-4.671031,2,2977592.389843
-4.66681,2,2977741.999648
-4.670772,2,2977892.964317
-4.670878,2,2978052.737448
-4.67075,2,2978215.394988
-4.669758,2,2978366.450081
-4.67111,2,2978530.950948
-4.668781,2,2978689.067426
-4.669588,2,2978845.922614
-4.671187,2,2978997.053367
-4.670545,2,2979142.617149
-4.670186,2,2979282.527745
-4.672503,2,2979433.84124
-4.670448,2,2979574.514852
-4.668369,2,2979728.332752
-4.670487,2,2979884.897146
-4.669557,2,2980033.775991
-4.668616,2,2980187.062516
-4.670284,2,2980356.365381
-4.670282,2,2980507.306772
-4.669374,2,2980675.452015
-4.669933,2,2980834.454641
-4.67088,2,2980986.55664
-4.671183,2,2981146.505694
-4.66947,2,2981308.599098
-4.670286,2,2981458.57801
-4.669157,2,2981619.723563
-4.67101,2,2981785.027575
-4.670342,2,2981944.634356
-4.669703,2,2982105.897497
-4.671107,2,2982258.056935
-4.670558,2,2982417.347676
-4.669395,2,2982562.835492
-4.668602,2,2982713.260886
-4.66642,2,2982942.378503
-4.671194,2,2983075.603576
-4.670668,2,2983199.869702
-4.668217,2,2983330.958271
-4.671016,2,2983466.994238
-4.670331,2,2983599.828632
-4.671375,2,2983736.386236
-4.66846,2,2983871.075501
-4.669319,2,2984005.562031
-4.670421,2,2984139.546965
-4.673184,2,2984276.536964
-4.660989,2,2984411.940835
-4.670727,2,2984545.296527
-4.670325,2,2984672.720004
-4.670868,2,2984801.461818
-4.670554,2,2984924.72829
-4.670052,2,2985051.068587
-4.67067,2,2985180.114124
-4.669067,2,2985304.84458
-4.672025,2,2985427.29383
-4.670519,2,2985558.384025
-4.668125,2,2985699.010191
-4.668095,2,2985835.002409
-4.670325,2,2985975.888106
-4.668696,2,2986110.91959
-4.672426,2,2986243.716318
-4.669427,2,2986370.91162
-4.673985,2,2986511.864416
-4.670225,2,2986645.928359
-4.670206,2,2986778.73753
-4.67219,2,2986911.079324
-4.671421,2,2987041.931348
-4.672663,2,2987170.238034
-4.668895,2,2987298.936712
-4.670323,2,2987423.840076
-4.671025,2,2987554.609696
-4.669931,2,2987684.041556
-4.671109,2,2987816.342935
-4.66867,2,2987948.330204
-4.668145,2,2988077.511442
-4.671169,2,2988217.908766
-4.670632,2,2988349.193216
-4.66871,2,2988481.154936
-4.670027,2,2988606.243292
-4.666837,2,2988739.928661
-4.670239,2,2988871.318565
-4.66927,2,2989001.93103
-4.669833,2,2989141.556946
-4.668327,2,2989273.831939
-4.665916,2,2989410.078121
-4.670304,2,2989541.279461
-4.66774,2,2989677.762896
-4.670653,2,2989809.635064
-4.66892,2,2989945.301888
-4.669868,2,2990074.720062
-4.668902,2,2990212.45572
-4.670594,2,2990347.07053
-4.670805,2,2990480.022571
-4.671003,2,2990615.022634
-4.672431,2,2990746.344507
-4.670332,2,2990880.047093
-4.668623,2,2991006.014076
-4.670394,2,2991130.152387
-4.670111,2,2991256.402323
-4.670466,2,2991385.898073
-4.670348,2,2991512.011722
-4.675161,2,2991648.360694
-4.670866,2,2991779.57026
-4.670436,2,2991912.180519
-4.666301,2,2992043.05301
-4.670718,2,2992170.901913
-4.672433,2,2992306.66824
-4.671102,2,2992437.74087
-4.670416,2,2992567.272615
-4.671361,2,2992704.955287
-4.670156,2,2992833.475254
-4.670596,2,2992967.525352
-4.669667,2,2993100.129389
-4.671295,2,2993229.224041
-4.671114,2,2993362.936315
-4.669912,2,2993500.297063
-4.666323,2,2993629.114233
-4.670423,2,2993757.947415
-4.671154,2,2993885.854136
-4.670346,2,2994023.967286
-4.669521,2,2994160.197087
-4.671181,2,2994290.265286
-4.670759,2,2994421.712816
-4.669819,2,2994553.417969
-4.671435,2,2994686.228094
-4.669718,2,2994819.498353
-4.669961,2,2994954.4975
-4.668598,2,2995090.831558
-4.670509,2,2995223.15868
-4.669821,2,2995357.169175
-4.669582,2,2995485.680775
-4.671053,2,2995619.110673
-4.671591,2,2995749.443077
-4.672993,2,2995882.857428
-4.671221,2,2996008.975604
-4.670221,2,2996246.196209
-4.669915,2,2996380.29927
-4.669903,2,2996476.418245
-4.66992,2,2996552.787917
-4.6699,2,2996632.155049
-4.671855,2,2996710.029888
-4.670648,2,2996805.538048
-4.669366,2,2996931.501239
-4.671329,2,2997060.87606
-4.670007,2,2997196.553031
-4.671252,2,2997329.879275
-4.668718,2,2997460.912718
-4.67018,2,2997592.743766
-4.670414,2,2997721.762645
-4.67032,2,2997854.521216
-4.670294,2,2997984.285603
-4.669957,2,2998118.21911
-4.671128,2,2998247.348756
-4.669848,2,2998381.923355
-4.669979,2,2998518.256712
-4.670172,2,2998644.51685
-4.669786,2,2998774.61296
-4.670678,2,2998908.801754
-4.667247,2,2999044.194486
-4.670915,2,2999171.354965
-4.663239,2,2999309.039158
-4.671156,2,2999432.448847
-4.66618,2,2999567.150235
-4.673393,2,2999703.202506
-4.669934,2,2999835.757674
-4.66898,2,2999968.519061
-4.669516,2,3000105.750463
-4.671881,2,3000241.320076
-4.665923,2,3000364.043796
-4.671602,2,3000497.952934
-4.668966,2,3000638.685365
-4.669717,2,3000768.732286
-4.669356,2,3000899.629535
-4.669945,2,3001027.69702
-4.673403,2,3001158.306821
-4.671481,2,3001287.6571
-4.670534,2,3001418.79717
-4.66993,2,3001549.805314
-4.67019,2,3001684.041724
-4.671083,2,3001812.294257
-4.672704,2,3001950.665795
-4.669675,2,3002080.035953
-4.670284,2,3002212.295734
-4.670734,2,3002340.244586
-4.670119,2,3002471.498026
-4.671813,2,3002609.616712
-4.669894,2,3002741.974321
-4.668961,2,3002872.855861
-4.670316,2,3003005.404472
-4.671097,2,3003131.647274
-4.668739,2,3003265.936447
-4.667162,2,3003400.822574
-4.671339,2,3003537.95686
-4.670387,2,3003662.484259
-4.671847,2,3003805.129607
-4.666095,2,3003938.408518
-4.670749,2,3004067.663088
-4.67031,2,3004198.443053
-4.670965,2,3004330.850519
-4.670306,2,3004460.954061
-4.670348,2,3004589.862165
-4.67249,2,3004714.243858
-4.671201,2,3004852.284522
-4.670269,2,3004986.777844
-4.670545,2,3005120.801127
-4.67028,2,3005250.108882
-4.671263,2,3005381.93347
-4.66941,2,3005509.612579
-4.669174,2,3005640.221804
-4.670009,2,3005771.611574
-4.670455,2,3005904.270064
-4.670051,2,3006040.800672
-4.66902,2,3006174.228678
-4.670574,2,3006305.770627
-4.839082,2,3006439.498582
-4.670392,2,3006574.091454
-4.67088,2,3006708.286066
-4.668998,2,3006846.667578
-4.670578,2,3006981.001132
-4.671578,2,3007114.785635
-4.670051,2,3007254.085498
-4.671382,2,3007386.677573
-4.672041,2,3007517.056523
-4.664078,2,3007657.986855
-4.668277,2,3007788.438339
-4.670604,2,3007919.697695
-4.669583,2,3008057.554985
-4.670174,2,3008188.331699
-4.670037,2,3008320.634204
-4.666264,2,3008455.87916
-4.670762,2,3008590.237696
-4.672206,2,3008714.047264
-4.670201,2,3008855.925291
-4.66724,2,3008987.708342
-4.670232,2,3009121.72346
-4.82719,2,3009357.832392
-4.67025,2,3009492.386728
-4.671089,2,3009620.283422
-4.670043,2,3009762.469577
-4.668734,2,3009896.483228
-4.670636,2,3010024.788951
-4.66715,2,3010156.608451
-4.664627,2,3010289.61918
-4.669908,2,3010423.537058
-4.671459,2,3010558.136591
-4.670298,2,3010683.143147
-4.669825,2,3010820.88518
-4.669589,2,3010955.025599
-4.67153,2,3011094.670735
-4.67059,2,3011228.702066
-4.671359,2,3011360.922714
-4.671616,2,3011490.435576
-4.671148,2,3011627.935936
-4.672345,2,3011764.122342
-4.672212,2,3011894.747659
-4.67218,2,3012025.61085
-4.670052,2,3012159.934696
-4.670643,2,3012297.950334
-4.667105,2,3012429.86503
-4.670317,2,3012563.947386
-4.670385,2,3012699.544785
-4.669903,2,3012838.632894
-4.66982,2,3012970.776171
-4.672587,2,3013101.612627
-4.674869,2,3013238.559547
-4.670007,2,3013372.427738
-4.67061,2,3013511.337725
-4.669585,2,3013639.034944
-4.671251,2,3013776.546667
-4.669553,2,3013904.531795
-4.670766,2,3014046.419924
-4.671878,2,3014182.885476
-4.833039,2,3014316.806389
-4.669,2,3014445.502276
-4.670983,2,3014579.333516
-4.675186,2,3014713.879275
-4.672201,2,3014840.066356
-4.670583,2,3014975.159492
-4.669539,2,3015107.056854
-4.670599,2,3015240.115558
-4.669991,2,3015378.856381
-4.669962,2,3015509.471442
-4.671296,2,3015610.65673
-4.668916,2,3015688.029477
-4.670867,2,3015760.925208
-4.670357,2,3015837.87463
-4.671884,2,3015928.226831
-4.671346,2,3016057.288215
-4.669837,2,3016194.728949
-4.669359,2,3016330.360645
-4.667271,2,3016479.737269
-4.668786,2,3016619.706761
-4.665506,2,3016776.805086
-4.672371,2,3016914.350837
-4.670723,2,3017062.181875
-4.671536,2,3017202.030727
-4.663818,2,3017348.078144
-4.670821,2,3017492.181293
-4.669278,2,3017633.665339
-4.667329,2,3017790.1294
-4.671147,2,3017934.203357
-4.673706,2,3018084.495421
-4.669457,2,3018226.040166
-4.671253,2,3018375.437018
-4.670566,2,3018519.410049
-4.670467,2,3018669.643308
-4.67077,2,3018823.55082
-4.668292,2,3018968.684821
-4.673845,2,3019118.047299
-4.670114,2,3019265.125876
-4.670319,2,3019409.780349
-4.669547,2,3019555.01123
-4.669889,2,3019697.976964
-4.670042,2,3019846.211513
-4.67132,2,3019988.951771
-4.669868,2,3020145.936958
-4.669898,2,3020288.739079
-4.669171,2,3020434.646659
-4.672475,2,3020579.763895
-4.667421,2,3020719.993071
-4.672346,2,3020863.898418
-4.668916,2,3021013.1572
-4.670433,2,3021158.818224
-4.6695,2,3021302.423925
-4.671338,2,3021447.187437
-4.668992,2,3021592.055524
-4.670798,2,3021740.284086
-4.671693,2,3021885.084884
-4.668143,2,3022028.487252
-4.667502,2,3022184.845152
-4.669915,2,3022323.998211
-4.673894,2,3022477.982642
-4.67017,2,3022620.874213
-4.670039,2,3022776.614629
-4.670615,2,3022933.271796
-4.670548,2,3023188.318768
-4.668681,2,3023333.882462
-4.669961,2,3023468.404269
-4.669335,2,3023605.893624
-4.666313,2,3023738.453764
-4.670804,2,3023870.761797
-4.669132,2,3024006.214529
-4.669467,2,3024144.493137
-4.670806,2,3024272.251088
-4.671185,2,3024407.741369
-4.669743,2,3024535.558513
-4.671189,2,3024666.418933
-4.670174,2,3024803.502859
-4.670874,2,3024939.257611
-4.670424,2,3025072.974715
-4.66937,2,3025205.845345
-4.669274,2,3025337.857446
-4.666118,2,3025472.876758
-4.672635,2,3025601.584758
-4.670101,2,3025735.248895
-4.666071,2,3025865.666479
-4.667445,2,3026002.300991
-4.669977,2,3026132.93307
-4.671413,2,3026266.79371
-4.672171,2,3026397.711269
-4.670969,2,3026533.237503
-4.669307,2,3026658.473952
-4.669704,2,3026798.03725
-4.670222,2,3026929.217825
-4.670432,2,3027064.786578
-4.671372,2,3027198.544063
-4.671027,2,3027334.089249
-4.669658,2,3027465.826643
-4.670331,2,3027596.951823
-4.671159,2,3027736.820988
-4.670451,2,3027870.669703
-4.67114,2,3028000.327701
-4.671379,2,3028135.573533
-4.666204,2,3028273.594198
-4.669762,2,3028408.894504
-4.671804,2,3028544.483468
-4.668527,2,3028678.5508
-4.669994,2,3028811.5911
-4.671503,2,3028944.489064
-4.671159,2,3029080.418284
-4.670491,2,3029204.18996
-4.67029,2,3029346.874165
-4.671169,2,3029471.97057
-4.670175,2,3029611.038213
-4.670481,2,3029743.139355
-4.669288,2,3029876.107296
-4.669592,2,3030016.582265
-4.669642,2,3030144.383497
-4.671362,2,3030278.781297
-4.669816,2,3030413.742185
-4.671037,2,3030553.56873
-4.67081,2,3030683.770499
-4.671117,2,3030822.462647
-4.672274,2,3030955.199294
-4.671061,2,3031087.154096
-4.671096,2,3031219.249781
-4.666069,2,3031353.753448
-4.670171,2,3031481.742723
-4.670178,2,3031616.475699
-4.67018,2,3031753.22265
-4.671216,2,3031879.706648
-4.670616,2,3032018.98089
-4.671552,2,3032153.346404
-4.672118,2,3032284.144246
-4.671812,2,3032421.320629
-4.670636,2,3032554.61551
-4.669791,2,3032687.515257
-4.67189,2,3032820.06979
-4.671868,2,3032952.082632
-4.666896,2,3033088.793294
-4.671625,2,3033222.272881
-4.670358,2,3033361.581316
-4.669104,2,3033495.29594
-4.669989,2,3033636.654116
-4.670185,2,3033763.270087
-4.668889,2,3033903.850748
-4.674223,2,3034036.846129
-4.670731,2,3034164.370996
-4.672808,2,3034302.360164
-4.670265,2,3034412.06458
-4.670031,2,3034486.709337
-4.668287,2,3034561.944257
-4.669248,2,3034635.17074
-4.670506,2,3034711.436653
-4.671002,2,3034838.657719
-4.670874,2,3034976.29938
-4.672108,2,3035105.211964
-4.670126,2,3035236.071008
-4.66878,2,3035368.907134
-4.669853,2,3035506.935951
-4.667094,2,3035634.635993
-4.670335,2,3035767.505775
-4.670099,2,3035895.782499
-4.668196,2,3036025.731328
-4.671015,2,3036160.515646
-4.670313,2,3036393.009316
-4.667,2,3036530.152621
-4.6716,2,3036659.110818
-4.671424,2,3036797.566616
-4.669338,2,3036934.295252
-4.670521,2,3037068.104841
-4.67148,2,3037204.590029
-4.672074,2,3037340.829458
-4.670122,2,3037471.618388
-4.670194,2,3037610.512211
-4.66649,2,3037741.482205
-4.670381,2,3037875.635814
-4.66838,2,3038013.453996
-4.670627,2,3038150.526319
-4.666995,2,3038288.089583
-4.668381,2,3038420.962867
-4.672411,2,3038554.843333
-4.670345,2,3038688.371501
-4.670776,2,3038814.445711
-4.669558,2,3038935.530445
-4.66991,2,3039056.963697
-4.669941,2,3039179.044295
-4.666216,2,3039297.140571
-4.671204,2,3039419.981972
-4.671477,2,3039539.860892
-4.666036,2,3039666.13621
-4.669994,2,3039789.013306
-4.66847,2,3039913.985985
-4.669317,2,3040037.175616
-4.670098,2,3040161.784501
-4.670714,2,3040283.373602
-4.669797,2,3040406.494694
-4.670322,2,3040521.093114
-4.670696,2,3040649.255206
-4.669541,2,3040768.745337
-4.66902,2,3040888.084282
-4.672242,2,3041012.551777
-4.670349,2,3041138.519996
-4.669748,2,3041261.459248
-4.667007,2,3041384.922578
-4.671142,2,3041514.969643
-4.671413,2,3041640.308758
-4.670647,2,3041768.934882
-4.670356,2,3041896.385084
-4.670925,2,3042023.624962
-4.666161,2,3042150.086329
-4.666936,2,3042274.96236
-4.667611,2,3042399.63353
-4.701706,2,3042525.538463
-4.672095,2,3042649.995336
-4.670929,2,3042774.224
-4.667019,2,3042898.790387
-4.670615,2,3043022.339119
-4.670493,2,3043154.75313
-4.670478,2,3043280.584702
-4.670624,2,3043403.135805
-4.669279,2,3043524.449102
-4.663237,2,3043654.782811
-4.67086,2,3043785.770343
-4.670263,2,3043915.734291
-4.668612,2,3044041.046554
-4.66611,2,3044165.867818
-4.671405,2,3044299.156042
-4.670301,2,3044423.279114
-4.66901,2,3044549.480122
-4.673393,2,3044681.684776
-5.468933,3,3044854.048307
-4.670871,2,3044998.751917
-4.670662,2,3045127.065033
-4.670663,2,3045250.623593
-4.670426,2,3045376.592603
-4.671147,2,3045501.940955
-4.670467,2,3045628.638695
-4.671193,2,3045750.760486
-4.66963,2,3045887.864645
-4.66714,2,3046011.212867
-4.670668,2,3046141.835656
-4.671198,2,3046269.757947
-4.670754,2,3046393.992436
-4.671214,2,3046521.565553
-4.669962,2,3046652.413908
-4.672191,2,3046770.982512
-4.671521,2,3046895.371792
-4.668377,2,3047028.856679
-4.670052,2,3047152.855819
-4.670705,2,3047275.868737
-4.670668,2,3047400.023249
-4.670652,2,3047525.981943
-4.670123,2,3047648.53755
-4.668443,2,3047783.163635
-4.669896,2,3047908.013777
-4.667266,2,3048039.075848
-4.670861,2,3048158.878057
-4.671171,2,3048290.995546
-4.670093,2,3048420.56316
-4.67052,2,3048545.572298
-4.670893,2,3048672.933858
-4.672948,2,3048795.974099
-4.66532,2,3048931.642982
-4.672711,2,3049157.355731
-4.671215,2,3049277.370904
-4.67023,2,3049403.262275
-4.670903,2,3049541.414859
-4.670961,2,3049659.97985
-4.675812,2,3049777.468502
-4.67035,2,3049915.791694
-4.671036,2,3050041.611246
-4.672657,2,3050165.429823
-4.667232,2,3050289.69857
-4.670721,2,3050406.641743
-4.664938,2,3050525.384511
-4.670458,2,3050654.277612
-4.67065,2,3050777.406577
-4.671147,2,3050900.488525
-4.670653,2,3051023.667069
-4.668688,2,3051150.436819
-4.668607,2,3051268.505004
-4.670262,2,3051397.560683
-4.670238,2,3051520.029666
-4.67244,2,3051647.746946
-4.671713,2,3051762.200958
-4.668325,2,3051891.851896
-4.670173,2,3052017.448362
-4.67154,2,3052137.339422
-4.6665,2,3052264.393177
-4.669802,2,3052379.580874
-4.671112,2,3052502.972172
-4.669197,2,3052626.360435
-4.670072,2,3052749.065002
-4.670542,2,3052846.360731
-4.671154,2,3052913.802271
-4.667629,2,3052982.866844
-4.66959,2,3053052.191324
-4.671335,2,3053124.90369
-4.67023,2,3053250.321843
-4.671186,2,3053375.516413
-4.671211,2,3053503.224556
-4.671168,2,3053623.302031
-4.671083,2,3053746.065739
-4.670835,2,3053874.101624
-4.669965,2,3054000.803677
-4.671172,2,3054118.195714
-4.671464,2,3054243.186124
-4.667424,2,3054368.880748
-4.670614,2,3054494.320109
-4.667582,2,3054620.920306
-4.67394,2,3054745.122585
-4.666097,2,3054865.332859
-4.672117,2,3054993.659738
-4.668365,2,3055115.106544
-4.671156,2,3055235.919642
-4.671757,2,3055364.332782
-4.671534,2,3055487.011532
-4.671044,2,3055611.095438
-4.66977,2,3055736.830173
-4.669518,2,3055855.615935
-4.671206,2,3055985.721466
-4.666227,2,3056112.524046
-4.670258,2,3056228.825973
-4.670212,2,3056359.297253
-4.672076,2,3056480.914139
-4.667613,2,3056601.4798
-4.666697,2,3056727.896771
-4.671112,2,3056844.868536
-4.670014,2,3056973.457531
-4.672506,2,3057093.628586
-4.669427,2,3057222.185161
-4.670161,2,3057341.74513
-4.671231,2,3057465.779736
-4.67236,2,3057593.486576
-4.671671,2,3057716.112956
-4.669939,2,3057840.769692
-4.672547,2,3057961.653551
-4.670066,2,3058092.012177
-4.669702,2,3058217.702339
-4.666955,2,3058337.765123
-4.672062,2,3058467.00446
-4.829871,2,3058585.218543
-4.668715,2,3058710.537324
-4.669494,2,3058838.710354
-4.671487,2,3058967.118388
-4.670585,2,3059088.857081
-4.669507,2,3059208.710041
-4.670613,2,3059332.811509
-4.669328,2,3059460.214817
-4.671666,2,3059577.947448
-4.665165,2,3059708.963417
-4.670769,2,3059840.604897
-4.669904,2,3059964.795533
-4.670254,2,3060083.358185
-4.673053,2,3060206.98588
-4.666165,2,3060335.784002
-4.669514,2,3060462.231607
-4.671213,2,3060585.029149
-4.671222,2,3060705.724526
-4.670216,2,3060829.843683
-4.671352,2,3060954.736778
-4.670617,2,3061079.715671
-4.671224,2,3061208.524106
-4.670836,2,3061431.631323
-4.670609,2,3061552.538052
-4.670055,2,3061680.205502
-4.66961,2,3061807.489924
-4.670329,2,3061927.168945
-4.668761,2,3062056.600746
-4.670743,2,3062175.172723
-4.671056,2,3062298.310863
-4.665083,2,3062426.320564
-4.670024,2,3062554.916709
-4.667162,2,3062680.979822
-4.67069,2,3062806.780962
-4.674137,2,3062928.517039
-4.673638,2,3063056.787874
-4.671094,2,3063180.92326
-4.67048,2,3063305.44321
-4.671799,2,3063433.091009
-4.671424,2,3063556.110476
-4.672179,2,3063682.103176
-4.671191,2,3063808.090669
-4.671255,2,3063934.689612
-4.670898,2,3064059.76638
-4.672396,2,3064184.878035
-4.670711,2,3064307.63961
-4.670327,2,3064433.281473
-4.667157,2,3064558.976482
-4.666104,2,3064686.984357
-4.670775,2,3064813.35428
-4.671282,2,3064934.112849
-4.668312,2,3065064.299578
-4.667242,2,3065187.619171
-4.671133,2,3065316.375403
-4.670765,2,3065442.944401
-4.669309,2,3065575.490474
-4.669576,2,3065700.363552
-4.669105,2,3065820.734578
-4.670778,2,3065941.520311
-4.671188,2,3066069.682914
-4.670324,2,3066190.819709
-4.666247,2,3066315.878438
-4.671073,2,3066441.214203
-4.665147,2,3066565.889721
-4.670565,2,3066689.366379
-4.67196,2,3066813.908536
-4.670138,2,3066940.401202
-4.670647,2,3067062.977011
-4.670478,2,3067187.953149
-4.67148,2,3067308.510975
-4.674554,2,3067437.765241
-4.666451,2,3067565.413519
-4.671254,2,3067691.233764
-4.670381,2,3067823.239024
-4.670715,2,3067942.800613
-4.670303,2,3068066.866076
-4.669239,2,3068196.183166
-4.672433,2,3068320.275905
-4.669622,2,3068446.430191
-4.670615,2,3068574.411494
-4.666161,2,3068699.08995
-4.671213,2,3068826.172726
-4.669669,2,3068949.612527
-4.670066,2,3069070.212301
-4.665938,2,3069202.636529
-4.670339,2,3069322.894305
-4.671711,2,3069447.871058
-4.667403,2,3069576.866697
-4.665032,2,3069700.230615
-4.66861,2,3069827.53056
-4.670209,2,3069946.900508
-4.670095,2,3070078.978589
-4.671031,2,3070209.329411
-4.670055,2,3070331.622867
-4.692244,2,3070457.46426
-4.667429,2,3070585.703031
-4.666054,2,3070706.678602
-4.667074,2,3070833.75998
-4.67106,2,3070955.442589
-4.670727,2,3071081.74642
-4.671258,2,3071207.237128
-4.665475,2,3071333.192053
-4.670091,2,3071464.674391
-4.666138,2,3071589.001023
-4.669124,2,3071710.440327
-4.667672,2,3071793.543065
-4.67072,2,3071861.147313
-4.671188,2,3071929.800032
-4.670137,2,3071998.082581
-4.668537,2,3072083.303095
-4.670549,2,3072207.600585
-4.670344,2,3072327.623732
-4.669352,2,3072453.427395
-4.671132,2,3072579.648246
-4.66958,2,3072698.905171
-4.669915,2,3072823.354037
-4.670346,2,3072948.051471
-4.671252,2,3073068.955515
-4.669868,2,3073199.580104
-4.669594,2,3073320.384129
-4.668928,2,3073442.764452
-4.670311,2,3073569.710352
-4.670998,2,3073787.623049
-4.671832,2,3073910.433293
-4.669793,2,3074036.658416
-4.670818,2,3074159.66842
-4.670858,2,3074286.317603
-4.670842,2,3074407.606008
-4.666048,2,3074529.629405
-4.667167,2,3074654.760307
-4.66838,2,3074774.9968
-4.665671,2,3074898.370405
-4.67027,2,3075020.66001
-4.670754,2,3075146.075489
-4.67097,2,3075272.39491
-4.672342,2,3075397.969774
-4.699801,2,3075523.52453
-4.671356,2,3075644.19258
-4.668646,2,3075768.345058
-4.669507,2,3075895.073777
-4.670295,2,3076022.7048
-4.671561,2,3076147.617014
-4.668709,2,3076269.324206
-4.668648,2,3076391.926176
-4.671219,2,3076515.020725
-4.671415,2,3076635.52016
-4.670418,2,3076762.840041
-4.666639,2,3076887.905596
-4.670433,2,3077013.428335
-4.670115,2,3077134.752617
-4.670261,2,3077255.0356
-4.666186,2,3077379.114748
-4.669077,2,3077503.601114
-4.66348,2,3077623.225469
-4.666118,2,3077752.217514
-4.669325,2,3077881.617157
-4.664059,2,3078005.776523
-4.670484,2,3078131.556398
-4.669341,2,3078259.509285
-4.669886,2,3078383.557155
-4.670587,2,3078506.490723
-4.670636,2,3078629.760383
-4.672398,2,3078754.249752
-4.669813,2,3078875.693586
-4.668669,2,3079005.133583
-4.669047,2,3079136.281903
-4.679153,2,3079257.013029
-4.670639,2,3079384.798058
-4.666585,2,3079510.864157
-4.670595,2,3079634.159516
-4.671585,2,3079760.804595
-4.670354,2,3079883.437282
-4.670566,2,3080010.41021
-4.668331,2,3080132.608406
-4.668377,2,3080258.913311
-4.670271,2,3080381.586709
-4.667019,2,3080508.143905
-4.670776,2,3080631.649186
-4.665944,2,3080755.793299
-4.672413,2,3080880.192456
-4.666637,2,3081003.728162
-4.669971,2,3081128.55001
-4.670782,2,3081251.441274
-4.669993,2,3081377.687098
-4.671056,2,3081497.083526
-4.669981,2,3081625.348221
-4.671526,2,3081747.975136
-4.670492,2,3081869.14193
-4.668756,2,3081991.80926
-4.673982,2,3082115.761877
-4.670672,2,3082236.196539
-4.670112,2,3082363.4575
-4.670879,2,3082478.130126
-4.66993,2,3082607.450359
-4.666182,2,3082731.702867
-4.671182,2,3082855.127361
-4.670614,2,3082975.15039
-4.670917,2,3083101.326379
-4.668298,2,3083222.015608
-4.669948,2,3083339.612503
-4.670267,2,3083464.774495
-4.672082,2,3083591.394949
-4.671074,2,3083714.940093
-4.670494,2,3083840.241421
-4.670136,2,3083964.209992
-4.665968,2,3084084.392396
-4.66946,2,3084209.957874
-4.670947,2,3084331.381774
-4.669872,2,3084453.33426
-4.6737,2,3084572.180879
-4.666877,2,3084695.047331
-4.663754,2,3084817.393197
-4.671229,2,3084945.590194
-4.671168,2,3085072.290792
-4.666117,2,3085200.150756
-5.170182,3,3085350.822959
-4.67063,2,3085515.417637
-4.671391,2,3085633.141052
-4.670669,2,3085758.347972
-4.67125,2,3085879.988647
-4.670344,2,3086005.275805
-4.674663,2,3086130.423417
-4.670375,2,3086353.635491
-4.671484,2,3086476.901832
-4.669859,2,3086601.29009
-4.669735,2,3086721.26703
-4.669287,2,3086843.501816
-4.670561,2,3086971.883622
-4.671529,2,3087093.978146
-4.672282,2,3087211.706963
-4.669369,2,3087338.773077
-4.671431,2,3087461.967886
-4.670294,2,3087586.857201
-4.666662,2,3087708.309287
-4.671183,2,3087833.065336
-4.670566,2,3087958.551933
-4.669262,2,3088084.189695
-4.66667,2,3088206.254581
-4.670899,2,3088331.762482
-4.670692,2,3088456.873229
-4.671574,2,3088578.958587
-4.669511,2,3088701.386003
-4.670264,2,3088822.217948
-4.671378,2,3088947.981858
-4.671318,2,3089072.869843
-4.671613,2,3089199.899338
-4.663822,2,3089322.369565
-4.669125,2,3089445.456382
-4.667258,2,3089535.027462
-4.669242,2,3089602.716605
-4.666148,2,3089670.712674
-4.671186,2,3089741.001323
-4.670623,2,3089823.938496
-4.670913,2,3089940.405724
-4.670348,2,3090066.790868
-4.6695,2,3090185.628776
-4.666249,2,3090314.042117
-4.671086,2,3090432.094296
-4.665707,2,3090553.729088
-4.671548,2,3090678.002253
-4.670612,2,3090797.925186
-4.670238,2,3090922.630041
-4.670018,2,3091050.193561
-4.670449,2,3091171.120214
-4.670612,2,3091292.069792
-4.671112,2,3091417.660624
-4.670404,2,3091541.413851
-4.670229,2,3091663.065043
-4.669961,2,3091788.066996
-4.669103,2,3091916.25827
-4.666049,2,3092036.993242
-4.671349,2,3092156.674867
-4.670681,2,3092278.857811
-4.669652,2,3092402.779505
-4.669511,2,3092523.452373
-4.66968,2,3092648.772317
-4.669724,2,3092779.473188
-4.669922,2,3092903.075332
-4.66788,2,3093024.189459
-4.670349,2,3093149.203489
-4.66903,2,3093275.110178
-4.66869,2,3093391.795885
-4.670149,2,3093516.025068
-4.66934,2,3093636.947157
-4.671152,2,3093761.816735
-4.671146,2,3093885.091693
-4.671958,2,3094010.266262
-4.669908,2,3094134.74066
-4.67002,2,3094253.175926
-4.671048,2,3094379.063575
-4.666628,2,3094503.077763
-4.669917,2,3094624.418758
-4.671148,2,3094745.875241
-4.667345,2,3094866.936804
-4.672668,2,3094992.645766
-4.671562,2,3095118.52704
-4.671402,2,3095242.381984
-4.67153,2,3095363.552329
-4.67078,2,3095490.075415
-4.668943,2,3095614.17033
-4.672401,2,3095730.325888
-4.670422,2,3095853.847635
-4.66649,2,3095974.934822
-4.669415,2,3096098.996883
-4.670236,2,3096223.002579
-4.671156,2,3096344.991993
-4.670868,2,3096468.727336
-4.668568,2,3096593.331931
-4.670163,2,3096717.073159
-4.671004,2,3096847.030017
-4.669443,2,3096965.217703
-4.671373,2,3097090.393656
-4.671535,2,3097214.061495
-4.669071,2,3097333.552577
-4.670833,2,3097455.384199
-4.669008,2,3097587.591792
-4.670773,2,3097705.581762
-4.671505,2,3097830.632883
-4.669041,2,3097947.702897
-4.670595,2,3098072.371738
-4.670576,2,3098189.170646
-4.668727,2,3098313.040151
-4.666247,2,3098535.768844
-4.669052,2,3098658.877717
-4.666177,2,3098782.215935
-4.668584,2,3098909.958344
-4.671265,2,3099035.853177
-4.670933,2,3099154.501035
-4.671925,2,3099286.99131
-4.669243,2,3099403.229376
-4.666127,2,3099524.87834
-4.668583,2,3099649.681113
-4.671522,2,3099766.831843
-4.671399,2,3099893.22185
-4.675053,2,3100019.113208
-4.671483,2,3100136.968445
-4.670123,2,3100260.052534
-4.671035,2,3100379.772317
-4.837602,2,3100502.19328
-4.67075,2,3100627.781009
-4.670705,2,3100748.478581
-4.669002,2,3100871.599449
-4.672347,2,3101001.291184
-4.667361,2,3101121.485225
-4.669798,2,3101254.583257
-4.669066,2,3101372.581009
-4.671931,2,3101490.863341
-4.670336,2,3101620.449109
-4.668989,2,3101744.766588
-4.67073,2,3101869.71477
-4.671001,2,3101993.209685
-4.670387,2,3102117.296394
-4.670704,2,3102240.718843
-4.668839,2,3102368.291913
-4.666242,2,3102487.546957
-4.670447,2,3102611.398528
-4.670064,2,3102731.450053
-4.670962,2,3102854.930687
-4.665981,2,3102981.925159
-4.670145,2,3103103.370973
-4.67353,2,3103225.563657
-4.6711,2,3103350.98391
-4.669906,2,3103476.298222
-4.668329,2,3103601.758991
-4.668728,2,3103726.021024
-4.667018,2,3103859.232354
-4.665926,2,3103981.464561
-4.671382,2,3104110.472342
-4.67078,2,3104231.976124
-4.670569,2,3104349.359577
-4.667028,2,3104479.103829
-4.680824,2,3104597.818944
-4.668861,2,3104721.987436
-4.673991,2,3104844.256427
-4.670453,2,3104970.103101
-4.670643,2,3105092.003792
-4.671136,2,3105216.669222
-4.666498,2,3105344.392159
-4.671229,2,3105470.224198
-4.671811,2,3105594.273971
-4.669429,2,3105719.241131
-4.670903,2,3105838.573045
-4.67061,2,3105963.947335
-4.669575,2,3106082.254299
-4.666398,2,3106151.077501
-4.671164,2,3106219.125215
-4.669407,2,3106288.214308
-4.665696,2,3106367.006287
-4.669694,2,3106492.845351
-4.665973,2,3106609.7446
-4.670845,2,3106741.74772
-4.67058,2,3106858.15681
-4.669692,2,3106982.969529
-4.666096,2,3107101.530488
-4.670276,2,3107227.162772
-4.670395,2,3107356.653451
-4.671162,2,3107479.849911
-4.669641,2,3107606.517016
-4.666019,2,3107731.969451
-5.075765,2,3107859.486141
-4.669658,2,3107979.945601
-4.670255,2,3108101.589097
-4.669431,2,3108227.981304
-4.671251,2,3108357.665391
-4.670034,2,3108486.32477
-4.671814,2,3108606.277018
-4.670188,2,3108727.905211
-4.670508,2,3108846.637624
-4.670189,2,3108974.434262
-4.67059,2,3109103.4619
-4.671326,2,3109228.377202
-4.666874,2,3109355.118442
-4.668199,2,3109474.799418
-4.670575,2,3109593.863132
-4.67119,2,3109718.661875
-4.670112,2,3109841.802126
-4.670314,2,3109973.966563
-4.670799,2,3110093.049647
-4.671113,2,3110223.344875
-4.670649,2,3110344.54922
-4.670452,2,3110470.502495
-4.670756,2,3110590.534714
-4.6703,2,3110814.802662
-4.670551,2,3110941.419214
-4.669985,2,3111056.566209
-4.670144,2,3111173.906561
-4.671597,2,3111298.459925
-4.67009,2,3111419.751735
-4.667474,2,3111549.104211
-4.670602,2,3111668.279487
-4.670414,2,3111798.936167
-4.670845,2,3111918.812751
-4.671245,2,3112040.145764
-4.670101,2,3112166.154428
-4.670459,2,3112284.159463
-4.66918,2,3112410.080573
-4.670193,2,3112537.836563
-4.670847,2,3112658.517103
-4.671275,2,3112782.376641
-4.670656,2,3112898.830529
-4.669459,2,3113025.398483
-4.667844,2,3113153.110556
-4.670568,2,3113277.805727
-4.670199,2,3113403.339526
-4.688378,2,3113525.728106
-4.671202,2,3113651.683322
-4.670667,2,3113773.130326
-4.671144,2,3113903.103201
-4.67038,2,3114020.879275
-4.666243,2,3114148.075028
-4.670039,2,3114265.878379
-4.669286,2,3114388.751344
-4.670526,2,3114515.274039
-4.67024,2,3114635.448512
-4.669174,2,3114760.899576
-4.670677,2,3114888.511261
-4.67236,2,3115005.275409
-4.671014,2,3115122.503244
-4.669559,2,3115242.130282
-4.671617,2,3115357.476407
-4.669938,2,3115477.318069
-4.671392,2,3115592.914494
-4.66622,2,3115708.045378
-4.669988,2,3115821.394891
-4.671177,2,3115935.557551
-4.66729,2,3116056.335469
-4.671185,2,3116169.832466
-4.673613,2,3116286.681013
-4.66954,2,3116400.963686
-4.665942,2,3116515.939446
-4.673852,2,3116632.419924
-4.669872,2,3116752.551611
-4.670353,2,3116868.462099
-4.670497,2,3116989.692007
-4.670512,2,3117100.434273
-4.669412,2,3117220.390689
-4.670926,2,3117334.061497
-4.664553,2,3117452.588871
-4.67097,2,3117571.136452
-4.670655,2,3117684.982396
-4.671984,2,3117803.341964
-4.669279,2,3117919.670503
-4.672264,2,3118034.596467
-4.670417,2,3118151.074682
-4.670609,2,3118268.188213
-4.67069,2,3118384.817732
-4.670343,2,3118501.339688
-4.6709,2,3118617.511549
-4.66937,2,3118732.560227
-4.670826,2,3118849.028859
-4.667035,2,3118968.13511
-4.667306,2,3119081.417722
-4.669977,2,3119199.831434
-4.670774,2,3119313.135854
-4.670029,2,3119430.864678
-4.832384,2,3119545.135397
-4.670392,2,3119666.280803
-4.671219,2,3119781.857152
-4.671033,2,3119898.494869
-4.670812,2,3120014.240296
-4.670509,2,3120129.822303
-4.665974,2,3120246.403981
-4.671965,2,3120360.916139
-4.667841,2,3120472.315627
-4.671483,2,3120591.523727
-4.670334,2,3120702.0891
-4.669098,2,3120815.122347
-4.670579,2,3120935.237744
-4.668981,2,3121053.140455
-4.670825,2,3121166.905981
-4.665919,2,3121283.308333
-4.674385,2,3121397.619267
-4.669341,2,3121516.374682
-4.67039,2,3121632.603024
-4.670249,2,3121746.621235
-4.670764,2,3121866.535033
-4.669107,2,3121978.336964
-4.670716,2,3122093.352855
-4.670216,2,3122209.141994
-4.671807,2,3122330.983905
-4.669829,2,3122416.875814
-4.669713,2,3122488.039199
-4.670286,2,3122559.610378
-4.671625,2,3122636.102342
-4.670355,2,3122748.174142
-4.669521,2,3122862.6032
-4.670515,2,3122979.718091
-4.671114,2,3123091.849455
-4.668907,2,3123209.39301
-4.670918,2,3123326.98488
-4.670597,2,3123444.225199
-4.668187,2,3123556.789433
-4.671091,2,3123676.266957
-4.670081,2,3123791.65599
-4.66863,2,3123910.722378
-4.668634,2,3124026.876487
-4.672213,2,3124142.62422
-4.670689,2,3124256.387023
-4.67081,2,3124373.889303
-4.666319,2,3124487.829446
-4.671172,2,3124605.717397
-4.669369,2,3124720.719398
-4.670675,2,3124834.440498
-4.669328,2,3124952.744117
-4.670537,2,3125065.836422
-4.670887,2,3125181.715524
-4.670649,2,3125299.226738
-4.666701,2,3125416.874735
-4.670414,2,3125528.704657
-4.670811,2,3125647.190062
-4.671618,2,3125763.400422
-4.668982,2,3125880.276609
-4.670776,2,3125996.551254
-4.683489,2,3126112.816051
-4.669372,2,3126227.499347
-4.675705,2,3126345.865217
-4.671059,2,3126462.49991
-4.671292,2,3126579.023383
-4.67052,2,3126694.847827
-4.6713,2,3126812.397583
-4.66964,2,3126930.004883
-4.668479,2,3127046.407046
-4.671317,2,3127162.013582
-4.677276,2,3127274.150798
-4.666936,2,3127395.743956
-4.671422,2,3127511.194145
-4.670561,2,3127628.55854
-4.832546,2,3127745.881838
-4.670378,2,3127863.77283
-4.670989,2,3127976.117688
-4.674116,2,3128093.879526
-4.665597,2,3128212.139205
-4.671235,2,3128328.752953
-4.670034,2,3128443.55723
-4.669941,2,3128563.136571
-4.669484,2,3128684.064217
-4.669426,2,3128798.452042
-4.675238,2,3128916.758594
-4.669625,2,3129031.850393
-4.6702,2,3129149.87922
-4.670275,2,3129267.857337
-4.671131,2,3129381.63006
-4.670904,2,3129496.641311
-4.673772,2,3129614.889692
-4.670466,2,3129728.492177
-4.67008,2,3129846.390749
-4.670316,2,3129961.72063
-4.669688,2,3130076.185471
-4.669018,2,3130192.933566
-4.6713,2,3130311.76275
-4.670615,2,3130426.893941
-4.67095,2,3130545.225392
-4.670541,2,3130660.885475
-4.670363,2,3130782.044269
-4.670953,2,3130899.358133
-4.668672,2,3131016.96938
-4.670629,2,3131130.629589
-4.67065,2,3131248.940911
-4.669039,2,3131366.322197
-4.6709,2,3131483.300336
-4.670245,2,3131598.932405
-4.668964,2,3131716.308206
-4.671411,2,3131833.420623
-4.672611,2,3131946.088823
-4.670406,2,3132066.271741
-4.670458,2,3132186.814332
-4.670664,2,3132308.26361
-4.669636,2,3132420.061451
-4.670624,2,3132542.185362
-4.669568,2,3132657.027934
-4.670965,2,3132778.061884
-4.670709,2,3132890.514718
-4.670452,2,3133004.432311
-4.670116,2,3133124.944535
-4.670305,2,3133238.12012
-4.670778,2,3133353.19158
-4.670394,2,3133468.370353
-4.675385,2,3133584.030872
-4.665551,2,3133702.345432
-4.670285,2,3133820.493446
-4.669692,2,3133941.478366
-4.670692,2,3134057.197845
-4.668886,2,3134270.439348
-4.67129,2,3134388.578407
-4.669758,2,3134511.657196
-4.670631,2,3134630.491275
-4.670232,2,3134751.401544
-4.665932,2,3134869.353289
-4.670646,2,3134986.390006
-4.666513,2,3135105.222609
-4.66624,2,3135218.387302
-4.67566,2,3135338.138008
-4.669351,2,3135452.610403
-4.67145,2,3135570.776483
-4.669512,2,3135689.527673
-4.67038,2,3135801.661337
-4.670441,2,3135922.912493
-4.671213,2,3136047.466123
-4.670627,2,3136166.007284
-4.670786,2,3136286.858613
-4.669435,2,3136407.354728
-4.671059,2,3136526.462558
-4.667761,2,3136649.756947
-4.670434,2,3136768.865125
-4.666989,2,3136890.892234
-4.673963,2,3137012.520916
-4.668,2,3137136.782393
-4.670749,2,3137213.045302
-4.669485,2,3137284.723605
-4.670447,2,3137356.676132
-4.672278,2,3137432.265035
-4.66997,2,3137553.389384
-4.672108,2,3137672.184549
-4.671029,2,3137789.549957
-4.670496,2,3137907.583967
-4.669574,2,3138030.54915
-4.670876,2,3138146.29647
-4.672801,2,3138265.408087
-4.669844,2,3138385.408832
-4.670679,2,3138506.245276
-4.671017,2,3138626.89824
-4.670131,2,3138749.857546
-4.668972,2,3138878.385964
-4.66953,2,3139004.795219
-4.670827,2,3139122.29601
-4.670118,2,3139242.455587
-4.671074,2,3139360.044397
-4.668976,2,3139483.421541
-4.670875,2,3139605.171048
-4.670525,2,3139721.089413
-4.66939,2,3139822.653465
-4.666013,2,3139941.626168
-4.67125,2,3140063.981919
-4.669658,2,3140185.708089
-4.670866,2,3140308.580741
-4.670397,2,3140421.919565
-4.670654,2,3140540.559631
-4.671147,2,3140664.142409
-4.669972,2,3140790.262235
-4.671091,2,3140909.231337
-4.671232,2,3141034.057585
-4.67139,2,3141152.665422
-4.670266,2,3141262.688051
-4.669836,2,3141379.136589
-4.670408,2,3141498.796163
-4.670408,2,3141617.730439
-4.674222,2,3141737.820427
-4.669841,2,3141837.416725
-4.670861,2,3141946.84588
-4.670189,2,3142067.000432
-4.670737,2,3142184.62341
-4.670618,2,3142306.655137
-4.6698,2,3142425.920486
-4.669017,2,3142545.086934
-4.671555,2,3142659.300957
-4.671148,2,3142782.804375
-4.670415,2,3142908.357355
-4.670257,2,3143027.086739
-4.670879,2,3143148.790029
-4.666733,2,3143266.515353
-4.670742,2,3143392.580746
-4.674196,2,3143511.331887
-4.668753,2,3143634.26125
-4.671204,2,3143756.713993
-4.670808,2,3143878.192271
-4.667387,2,3143999.536731
-4.670671,2,3144122.097991
-4.670654,2,3144239.654562
-4.671654,2,3144362.6442
-4.67092,2,3144486.425383
-4.666594,2,3144609.582972
-4.669835,2,3144734.166303
-4.670587,2,3144853.503695
-4.669664,2,3144975.324874
-4.671376,2,3145096.470352
-4.670479,2,3145216.643604
-4.671087,2,3145337.340351
-4.670396,2,3145459.36395
-4.671991,2,3145583.160432
-4.671135,2,3145702.741077
-4.671145,2,3145824.858633
-4.67112,2,3145947.312809
-4.668722,2,3146163.041477
-4.668884,2,3146284.01089
-4.670599,2,3146404.790453
-4.668854,2,3146534.178267
-4.670631,2,3146668.859446
-4.670779,2,3146797.175806
-4.670459,2,3146917.302759
-4.671388,2,3147046.153616
-4.670441,2,3147175.879346
-4.670273,2,3147307.525323
-4.670156,2,3147439.201447
-4.669519,2,3147569.983058
-4.671715,2,3147697.757448
-4.670409,2,3147825.73442
-4.666492,2,3147955.867635
-4.6706,2,3148087.811503
-4.67149,2,3148216.328477
-4.672566,2,3148347.320183
-4.670753,2,3148479.298588
-4.670563,2,3148611.443458
-4.669929,2,3148741.085903
-4.670474,2,3148869.627355
-4.666516,2,3149003.349693
-4.669608,2,3149143.609102
-4.67077,2,3149277.72879
-4.671101,2,3149409.42077
-4.670629,2,3149538.967331
-4.670308,2,3149666.380454
-4.670622,2,3149798.67248
-4.666013,2,3149931.801353
-4.671099,2,3150069.097988
-4.672403,2,3150206.950052
-4.671305,2,3150343.705224
-4.667053,2,3150476.36701
-4.671575,2,3150612.039021
-4.669797,2,3150746.375337
-4.670295,2,3150879.480831
-4.670426,2,3151012.404222
-4.670805,2,3151147.526222
-4.670288,2,3151278.256894
-4.670516,2,3151408.465896
-4.670586,2,3151543.351926
-4.666941,2,3151671.236497
-4.672252,2,3151805.148901
-4.670541,2,3151946.237764
-4.671135,2,3152076.599688
-4.67196,2,3152218.908691
-4.670642,2,3152349.862683
-4.671251,2,3152486.158605
-4.671117,2,3152578.26541
-4.670109,2,3152659.817457
-4.669785,2,3152742.246222
-4.670187,2,3152837.85653
-4.671057,2,3152976.108986
-4.667089,2,3153104.028552
-4.6689,2,3153236.146408
-4.670894,2,3153358.0923
-4.670328,2,3153473.688348
-4.670731,2,3153599.971147
-4.670324,2,3153720.115473
-4.66733,2,3153837.307039
-4.668614,2,3153957.911619
-4.670166,2,3154078.813186
-4.669947,2,3154197.126923
-4.670991,2,3154313.556799
-4.668106,2,3154429.651375
-4.667462,2,3154554.17898
-4.668552,2,3154672.31318
-4.670313,2,3154793.309381
-4.670756,2,3154909.21928
-4.670089,2,3155030.184091
-4.671088,2,3155149.217437
-4.670093,2,3155265.103051
-4.667189,2,3155389.966716
-4.665994,2,3155511.71476
-4.670994,2,3155632.992233
-4.671159,2,3155750.246348
-4.67118,2,3155867.657071
-4.667019,2,3155987.468857
-4.66987,2,3156108.755857
-4.671229,2,3156228.699254
-4.672166,2,3156347.506606
-4.670326,2,3156466.992873
-4.670116,2,3156584.835394
-4.670215,2,3156703.3848
-4.668984,2,3156825.195191
-4.668754,2,3156949.660203
-4.670462,2,3157068.306771
-4.666835,2,3157190.678163
-4.665935,2,3157308.241621
-4.670946,2,3157429.569531
-4.670806,2,3157551.970992
-4.669672,2,3157669.039096
-4.671373,2,3157790.633877
-4.667764,2,3157911.180754
-4.66719,2,3158031.604967
-4.665876,2,3158150.322177
-4.67035,2,3158272.26767
-4.669483,2,3158389.847019
-4.670832,2,3158506.491298
-4.670701,2,3158726.046318
-4.672551,2,3158846.090714
-4.670774,2,3158963.5602
-4.67025,2,3159084.98883
-4.670357,2,3159201.535643
-4.670614,2,3159322.40262
-4.671275,2,3159441.838462
-4.670368,2,3159565.812808
-4.668761,2,3159683.05616
-4.670157,2,3159803.591982
-4.670759,2,3159919.580326
-4.669292,2,3160037.972279
-4.671815,2,3160158.585383
-4.669929,2,3160279.476339
-4.670136,2,3160398.738565
-4.670502,2,3160522.414754
-4.668667,2,3160639.165404
-4.669275,2,3160762.910982
-4.666534,2,3160881.548074
-4.669924,2,3161001.332425
-4.670593,2,3161120.392655
-4.671057,2,3161243.3636
-4.672269,2,3161360.343296
-4.67004,2,3161486.005888
-4.671496,2,3161602.465494
-4.670609,2,3161723.316341
-4.867949,2,3161844.308841
-4.666854,2,3161965.054686
-4.671332,2,3162085.804925
-4.665281,2,3162204.749487
-4.67138,2,3162327.622053
-4.666224,2,3162453.926968
-4.671494,2,3162575.820578
-4.671237,2,3162692.614082
-4.671136,2,3162814.048374
-4.672488,2,3162928.355186
-4.671153,2,3163049.778203
-4.670725,2,3163165.953101
-4.666726,2,3163281.302863
-4.67056,2,3163402.22315
-4.670242,2,3163516.275191
-4.666372,2,3163635.489188
-4.672212,2,3163750.451692
-4.671078,2,3163867.884593
-4.669497,2,3163985.900698
-4.671681,2,3164103.185249
-4.669923,2,3164219.687249
-4.668368,2,3164339.158533
-4.66984,2,3164456.935562
-4.668483,2,3164571.365816
-4.670599,2,3164691.366492
-4.6662,2,3164810.215838
-4.667773,2,3164928.898319
-4.669899,2,3165047.152471
-4.668649,2,3165165.358032
-4.667539,2,3165288.310946
-4.67136,2,3165405.910014
-4.671007,2,3165525.959846
-4.670013,2,3165647.610285
-4.673684,2,3165764.554044
-4.670293,2,3165884.180337
-4.670902,2,3166000.965153
-4.670734,2,3166120.602639
-4.668355,2,3166237.302187
-4.666005,2,3166352.197603
-4.670694,2,3166469.252756
-4.670204,2,3166592.455798
-4.669672,2,3166706.759654
-4.669034,2,3166800.728817
-4.670999,2,3166875.983922
-4.669939,2,3166951.507394
-4.66887,2,3167065.492921
-4.671359,2,3167182.882825
-4.672261,2,3167303.575518
-4.668877,2,3167421.792861
-4.670057,2,3167536.068833
-4.66699,2,3167657.955215
-4.671233,2,3167774.612017
-4.666028,2,3167892.128351
-4.670361,2,3168011.146153
-4.670927,2,3168127.678896
-4.670058,2,3168247.706396
-4.670431,2,3168367.510013
-4.672124,2,3168486.242134
-4.66984,2,3168606.510971
-4.670438,2,3168723.400818
-4.666945,2,3168845.159215
-4.670585,2,3168962.650339
-4.666187,2,3169080.170703
-4.670703,2,3169199.216382
-4.669496,2,3169319.820192
-4.670973,2,3169438.234478
-4.668703,2,3169555.613491
-4.670665,2,3169671.177761
-4.670081,2,3169791.1731
-4.670922,2,3169904.61763
-4.671179,2,3170023.331557
-4.66589,2,3170144.147114
-4.668861,2,3170264.318612
-4.671167,2,3170384.833486
-4.673366,2,3170609.473911
-4.668705,2,3170729.75081
-4.670361,2,3170846.448349
-4.671417,2,3170967.230415
-4.666036,2,3171083.639671
-4.670408,2,3171198.45365
-4.671355,2,3171319.295537
-4.670611,2,3171438.624369
-4.670558,2,3171558.456186
-4.670176,2,3171677.98494
-4.670307,2,3171798.606611
-4.671072,2,3171917.49574
-4.670834,2,3172041.303523
-4.670783,2,3172158.873243
-4.67348,2,3172273.468592
-4.670595,2,3172391.514764
-4.670225,2,3172507.931973
-4.670289,2,3172628.205469
-4.670395,2,3172744.548738
-4.670715,2,3172864.108493
-4.671433,2,3172983.230983
-4.670308,2,3173099.44114
-4.882098,2,3173215.922614
-4.670815,2,3173339.215155
-4.671017,2,3173454.943564
-4.670873,2,3173577.48391
-4.670279,2,3173690.496794
-4.673604,2,3173813.288768
-4.669989,2,3173931.623947
-4.667903,2,3174051.863063
-4.67214,2,3174172.124581
-4.666407,2,3174293.737134
-4.664494,2,3174412.43833
-4.670532,2,3174526.402863
-4.671084,2,3174646.741209
-4.67229,2,3174764.699471
-4.671008,2,3174883.00841
-4.670374,2,3175001.04322
-4.670198,2,3175119.934422
-4.670398,2,3175237.233844
-4.669082,2,3175355.397184
-4.670523,2,3175470.918206
-4.66758,2,3175587.603348
-4.670742,2,3175712.859556
-4.669529,2,3175826.865449
-4.670394,2,3175945.90424
-4.665701,2,3176066.722193
-4.667431,2,3176184.03345
-4.670734,2,3176300.850202
-4.66983,2,3176419.571047
-4.670405,2,3176538.459054
-4.670649,2,3176656.184372
-4.668873,2,3176773.142172
-4.671533,2,3176890.472745
-4.675335,2,3177010.447993
-4.671139,2,3177128.42351
-4.670604,2,3177246.415393
-4.671079,2,3177366.115613
-4.670461,2,3177486.28547
-4.671509,2,3177604.556454
-4.670965,2,3177722.444674
-4.669561,2,3177838.630127
-4.66931,2,3177957.618098
-4.668559,2,3178082.268658
-4.670937,2,3178199.735933
-4.670862,2,3178314.334066
-4.670465,2,3178433.224954
-4.671404,2,3178554.107913
-4.670517,2,3178673.290349
-4.673549,2,3178790.241163
-4.670151,2,3178908.331306
-4.670876,2,3179027.921739
-4.673588,2,3179147.807205
-4.66657,2,3179268.937254
-4.666424,2,3179382.66409
-4.670085,2,3179506.004476
-4.667523,2,3179618.674846
-4.668395,2,3179739.476212
-4.672409,2,3179862.619385
-4.669819,2,3179980.519282
-4.671584,2,3180100.470913
-4.672225,2,3180215.897967
-4.672256,2,3180325.703641
-4.669755,2,3180447.031157
-4.67056,2,3180566.614378
-4.670434,2,3180687.077806
-4.668583,2,3180805.495243
-4.673929,2,3180923.179042
-4.668244,2,3181046.43031
-4.67102,2,3181119.198511
-4.667225,2,3181193.545865
-4.666305,2,3181272.261207
-4.67242,2,3181394.270843
-4.670517,2,3181512.643894
-4.671186,2,3181631.664835
-4.671728,2,3181752.861398
-4.669078,2,3181870.953769
-4.671409,2,3181989.608336
-4.666875,2,3182111.35842
-4.671534,2,3182228.467
-4.671547,2,3182450.099921
-4.669315,2,3182570.025237
-4.671585,2,3182689.438715
-4.669963,2,3182805.353186
-4.670861,2,3182918.864778
-4.670492,2,3183037.727924
-4.669888,2,3183161.51023
-4.67078,2,3183279.872627
-4.670708,2,3183394.206495
-4.666933,2,3183517.280645
-4.671132,2,3183635.538845
-4.6703,2,3183756.880859
-4.670161,2,3183876.386978
-4.669981,2,3183996.428639
-4.671374,2,3184120.2309
-4.667046,2,3184237.71454
-4.670313,2,3184356.674418
-4.670755,2,3184474.998731
-4.670061,2,3184595.45084
-4.669382,2,3184717.15215
-4.670569,2,3184836.206779
-4.670552,2,3184954.178371
-4.671155,2,3185071.034364
-4.673701,2,3185188.113571
-4.670673,2,3185309.225458
-4.670197,2,3185422.885641
-4.672949,2,3185542.965555
-4.67113,2,3185662.882371
-4.669549,2,3185790.429932
-4.669588,2,3185908.573321
-4.666755,2,3186027.451168
-4.672384,2,3186146.404693
-4.671487,2,3186265.152444
-4.670329,2,3186388.691967
-4.669581,2,3186504.852423
-4.670091,2,3186620.752919
-4.670106,2,3186742.289166
-4.67107,2,3186859.270139
-4.670968,2,3186977.540101
-4.670904,2,3187097.230564
-4.668967,2,3187210.9235
-4.670091,2,3187331.841841
-4.671563,2,3187450.544826
-4.672353,2,3187567.922621
-4.669192,2,3187690.3679
-4.670592,2,3187805.37661
-4.671002,2,3187924.094095
-4.670686,2,3188045.852715
-4.67066,2,3188163.819123
-4.669665,2,3188286.107069
-4.672227,2,3188401.034415
-4.670092,2,3188516.811107
-4.670434,2,3188634.647774
-4.666262,2,3188755.01427
-4.67141,2,3188875.362636
-4.666933,2,3188990.806251
-4.670353,2,3189110.412909
-4.668802,2,3189233.181193
-4.671167,2,3189351.906557
-4.672309,2,3189469.68934
-4.665849,2,3189585.655345
-4.666433,2,3189709.207589
-4.669225,2,3189829.381899
-4.670592,2,3189953.163763
-4.66725,2,3190069.213075
-4.67029,2,3190185.509614
-4.666256,2,3190306.465967
-4.669609,2,3190426.402488
-4.670042,2,3190549.451017
-4.669496,2,3190666.155918
-4.672236,2,3190780.947082
-4.670955,2,3190901.38448
-4.670809,2,3191019.853563
-4.669527,2,3191136.479744
-4.670363,2,3191256.913054
-4.670508,2,3191373.708906
-4.670385,2,3191493.83942
-4.672937,2,3191609.023678
-4.670602,2,3191730.567533
-4.670302,2,3191853.159711
-4.669482,2,3191970.608002
-4.666453,2,3192090.105284
-4.670702,2,3192208.495333
-4.666718,2,3192327.096107
-4.670625,2,3192450.607217
-4.666923,2,3192566.016826
-4.668513,2,3192685.62777
-4.670504,2,3192803.857896
-4.668972,2,3192921.628181
-4.670418,2,3193039.625846
-4.674096,2,3193157.901636
-4.671956,2,3193276.330722
-4.671082,2,3193394.230393
-4.670243,2,3193511.675882
-4.669991,2,3193632.821997
-4.670851,2,3193751.355096
-4.669063,2,3193873.564495
-4.670978,2,3193993.576664
-4.670512,2,3194110.720519
-4.669484,2,3194229.249022
-4.670563,2,3194447.791124
-4.670804,2,3194566.142181
-4.672226,2,3194683.005481
-4.668184,2,3194800.031684
-4.671585,2,3194919.761423
-4.668638,2,3194994.868112
-4.668915,2,3195072.012582
-4.669429,2,3195158.902292
-4.670892,2,3195280.983724
-4.674194,2,3195397.941188
-4.671172,2,3195518.115829
-4.669427,2,3195634.374625
-4.670414,2,3195754.085672
-4.671002,2,3195877.681244
-4.667154,2,3195992.990063
-4.671033,2,3196115.647423
-4.670919,2,3196234.656048
-4.670776,2,3196355.872353
-4.670296,2,3196479.784894
-4.671495,2,3196597.564106
-4.669722,2,3196711.991486
-4.671241,2,3196832.785622
-4.670513,2,3196954.246372
-4.668449,2,3197069.955878
-4.664533,2,3197191.513225
-4.669276,2,3197307.798862
-4.670087,2,3197428.406226
-4.669044,2,3197547.40036
-4.669799,2,3197668.102323
-4.670234,2,3197786.176891
-4.670025,2,3197905.169341
-4.671178,2,3198023.00275
-4.671498,2,3198138.626085
-4.669873,2,3198260.108637
-4.677435,2,3198380.967497
-4.670837,2,3198498.046363
-4.668765,2,3198615.322313
-4.668755,2,3198733.329369
-4.669129,2,3198851.481683
-4.66705,2,3198967.21867
-4.66671,2,3199089.979973
-4.665981,2,3199208.094761
-4.670622,2,3199333.985121
-4.670396,2,3199450.569438
-4.668319,2,3199572.534256
-4.66549,2,3199690.62491
-4.671257,2,3199806.977466
-4.668849,2,3199928.064619
-4.666917,2,3200053.785328
-4.670067,2,3200173.663067
-4.670952,2,3200288.744945
-4.670062,2,3200406.761427
-4.669202,2,3200527.806127
-4.67042,2,3200651.894632
-4.668796,2,3200768.490816
-4.669254,2,3200885.313047
-4.669691,2,3201004.016127
-4.672558,2,3201133.755103
-4.67022,2,3201252.141713
-4.670502,2,3201366.127545
-4.670817,2,3201491.487493
-4.670511,2,3201614.849328
-4.670947,2,3201735.926197
-4.670827,2,3201858.085684
-4.666097,2,3201978.854615
-4.670315,2,3202094.401612
-4.67073,2,3202213.471699
-4.67118,2,3202330.478
-4.670342,2,3202452.087037
-4.670361,2,3202575.265355
-4.670212,2,3202694.083382
-4.665967,2,3202809.875507
-4.670272,2,3202929.779802
-4.671176,2,3203049.961651
-4.671103,2,3203167.938415
-4.671198,2,3203288.880855
-4.672245,2,3203408.763142
-4.670999,2,3203532.523827
-4.670606,2,3203650.115621
-4.668711,2,3203762.136543
-4.666992,2,3203884.342846
-4.673046,2,3204002.631982
-4.670912,2,3204120.878511
-4.663355,2,3204241.589849
-4.670834,2,3204358.703113
-4.671206,2,3204478.587451
-4.672196,2,3204598.797019
-4.671399,2,3204713.224344
-4.671338,2,3204837.526836
-4.670409,2,3204947.802803
-4.671524,2,3205070.878924
-4.666039,2,3205189.046057
-4.672071,2,3205305.319558
-4.667906,2,3205423.719379
-4.665654,2,3205546.223421
-4.671207,2,3205664.551684
-4.667763,2,3205783.952118
-4.670794,2,3205905.510998
-4.672436,2,3206025.85571
-4.670055,2,3206146.286075
-4.671006,2,3206366.201318
-4.67032,2,3206486.303882
-4.667035,2,3206606.157788
-4.663622,2,3206729.280478
-4.670577,2,3206850.554616
-4.666933,2,3206967.593596
-4.670245,2,3207083.365828
-4.670939,2,3207203.36101
-4.671162,2,3207319.290521
-4.666085,2,3207444.8477
-4.669066,2,3207559.820965
-4.664429,2,3207680.542323
-4.670815,2,3207801.284613
-4.670705,2,3207923.278631
-4.669437,2,3208040.113559
-4.665204,2,3208158.455441
-4.671087,2,3208276.743067
-4.66657,2,3208395.486307
-4.670525,2,3208508.15818
-4.670654,2,3208627.966796
-4.665494,2,3208750.739947
-4.670404,2,3208869.732682
-4.670133,2,3208943.004931
-4.670646,2,3209016.500195
-4.671025,2,3209116.210029
-4.67158,2,3209238.198642
-4.667077,2,3209367.771552
-4.669884,2,3209495.842253
-4.666288,2,3209619.351691
-4.667021,2,3209739.617573
-4.828045,2,3209864.522459
-4.67013,2,3209984.537385
-4.670432,2,3210109.750294
-4.666214,2,3210233.844248
-4.67339,2,3210354.343531
-4.67071,2,3210486.92905
-4.67093,2,3210607.18472
-4.670236,2,3210736.122917
-4.670611,2,3210854.192102
-4.667787,2,3210979.419015
-4.666001,2,3211100.475249
-4.670248,2,3211228.088756
-4.66737,2,3211347.157838
-4.670936,2,3211470.444368
-4.664474,2,3211592.660876
-4.666403,2,3211717.432889
-4.670298,2,3211841.963982
-4.670297,2,3211967.013017
-4.669649,2,3212100.960468
-4.671464,2,3212220.316829
-4.670319,2,3212345.090632
-4.838915,2,3212465.439377
-4.670835,2,3212586.097427
-4.670218,2,3212713.481493
-4.670933,2,3212835.48856
-4.671889,2,3212962.271352
-4.668087,2,3213089.333417
-4.670812,2,3213216.459358
-4.666279,2,3213341.001953
-4.669919,2,3213460.565648
-4.665183,2,3213584.798026
-4.670703,2,3213711.285323
-4.670378,2,3213829.326397
-4.670305,2,3213957.793994
-4.67341,2,3214080.0571
-4.666624,2,3214202.115556
-4.67084,2,3214330.969356
-4.669993,2,3214457.053572
-4.666021,2,3214584.455328
-4.670757,2,3214696.742848
-4.671166,2,3214823.671337
-4.670094,2,3214945.792635
-4.669561,2,3215074.074023
-4.666026,2,3215201.823955
-4.670688,2,3215327.645978
-4.666157,2,3215453.571671
-4.6695,2,3215576.115047
-4.670977,2,3215699.432061
-4.667322,2,3215821.774333
-4.673839,2,3215955.511176
-4.671081,2,3216086.567822
-4.670937,2,3216206.132151
-4.673812,2,3216332.810008
-4.678163,2,3216462.580554
-4.671447,2,3216584.977366
-4.671048,2,3216704.683148
-4.669298,2,3216830.247844
-4.670295,2,3216954.11885
-4.671748,2,3217081.031731
-4.669513,2,3217210.720426
-4.667994,2,3217331.069399
-4.671182,2,3217457.228594
-4.66858,2,3217590.418591
-4.670994,2,3217719.631541
-4.670313,2,3217845.873683
-4.670927,2,3217974.543927
-4.670022,2,3218107.437547
-4.670443,2,3218224.183712
-4.670493,2,3218353.509583
-4.67098,2,3218487.734541
-4.669967,2,3218715.822633
-4.670607,2,3218844.43634
-4.670903,2,3218970.366698
-4.671537,2,3219093.213142
-4.671495,2,3219225.244503
-4.670354,2,3219349.919634
-4.672517,2,3219477.476447
-4.670714,2,3219605.452865
-4.671283,2,3219731.396818
-4.666908,2,3219857.759415
-4.670645,2,3219988.142843
-4.668098,2,3220108.812055
-4.66779,2,3220234.331907
-4.670327,2,3220360.163449
-4.665281,2,3220485.575142
-4.671925,2,3220614.402902
-4.668246,2,3220740.165236
-4.670485,2,3220866.547765
-4.669049,2,3220989.229529
-4.667481,2,3221118.89221
-4.670911,2,3221238.100004
-4.670602,2,3221366.460134
-4.670345,2,3221495.507387
-4.670402,2,3221623.987292
-4.669836,2,3221746.688451
-4.671003,2,3221864.280761
-4.671122,2,3221989.858598
-4.671026,2,3222118.187825
-4.671129,2,3222238.260254
-4.670998,2,3222362.055744
-4.670005,2,3222496.442367
-4.666137,2,3222621.062671
-4.671751,2,3222742.675577
-4.668278,2,3222876.941962
-4.670354,2,3222947.867559
-4.670635,2,3223023.726553
-4.667718,2,3223116.886157
-4.670423,2,3223239.346945
-4.670684,2,3223369.716379
-4.669995,2,3223493.845033
-4.663636,2,3223615.69963
-4.67019,2,3223739.798911
-4.670556,2,3223864.173959
-4.667347,2,3223985.31669
-4.666627,2,3224113.244173
-4.66988,2,3224234.016139
-4.67367,2,3224366.691572
-4.67096,2,3224488.211294
-4.666147,2,3224612.690835
-4.667095,2,3224733.679973
-4.67073,2,3224859.925925
-4.672152,2,3224983.611221
-4.6661,2,3225108.839903
-4.665007,2,3225231.557314
-4.670361,2,3225358.051999
-4.671175,2,3225483.137203
-4.670763,2,3225606.293633
-4.669996,2,3225733.519963
-4.670343,2,3225857.314297
-4.670655,2,3225980.678681
-4.669571,2,3226106.115874
-4.667897,2,3226234.994582
-4.665733,2,3226362.397954
-4.670762,2,3226485.298905
-4.669884,2,3226605.714288
-4.671356,2,3226730.553135
-4.670583,2,3226859.10752
-4.6693,2,3226986.694864
-4.671008,2,3227109.504365
-4.675245,2,3227237.088084
-4.672156,2,3227363.178989
-4.670768,2,3227492.280583
-4.670564,2,3227614.99645
-4.671518,2,3227741.952352
-4.671109,2,3227870.310459
-4.670608,2,3227993.95421
-4.672246,2,3228118.267537
-4.671891,2,3228247.675574
-4.670252,2,3228378.396719
-4.671391,2,3228501.942549
-4.665984,2,3228628.936184
-4.667194,2,3228750.847471
-4.669975,2,3228876.109805
-4.6709,2,3229003.127333
-4.667049,2,3229121.994737
-4.66893,2,3229251.771763
-4.668867,2,3229375.704367
-4.669854,2,3229499.519318
-4.670388,2,3229623.623567
-4.669152,2,3229751.314919
-4.672463,2,3229881.925074
-4.666523,2,3230008.038119
-4.67003,2,3230128.200405
-4.666619,2,3230251.460637
-4.672313,2,3230379.175378
-4.672326,2,3230502.26551
-4.670546,2,3230624.327098
-4.671565,2,3230756.716125
-4.667327,2,3230881.339806
-4.670751,2,3231004.053795
-4.67084,2,3231233.636623
-4.667027,2,3231359.48
-4.670695,2,3231479.812882
-4.665933,2,3231607.584119
-4.672094,2,3231730.033897
-4.670331,2,3231855.254358
-4.67009,2,3231978.147936
-4.670068,2,3232100.833671
-4.670177,2,3232232.890439
-4.668905,2,3232352.732844
-4.671047,2,3232476.020419
-4.670988,2,3232601.766217
-4.670707,2,3232724.843013
-4.670697,2,3232851.692518
-4.6704,2,3232984.375304
-4.670882,2,3233113.24609
-4.672293,2,3233232.857287
-4.670387,2,3233357.150982
-4.671399,2,3233482.355488
-4.670636,2,3233604.170334
-4.669841,2,3233726.866489
-4.670908,2,3233853.556855
-4.670819,2,3233977.871301
-4.672557,2,3234103.484014
-4.670976,2,3234227.102522
-4.669266,2,3234351.307607
-4.671159,2,3234475.837302
-4.669166,2,3234607.624985
-4.671806,2,3234731.466314
-4.666164,2,3234862.146793
-4.668718,2,3234979.511737
-4.666665,2,3235104.317634
-4.670661,2,3235232.280329
-4.672107,2,3235355.724389
-4.670383,2,3235483.41006
-4.671423,2,3235556.255198
-4.666236,2,3235625.894748
-4.67112,2,3235698.947133
-4.670624,2,3235769.918337
-4.670823,2,3235843.160632
-4.670497,2,3235915.804133
-4.669926,2,3235986.77741
-4.670638,2,3236058.308182
-4.668473,2,3236131.013173
-4.669898,2,3236202.189224
-4.671915,2,3236272.259832
-4.671348,2,3236344.274054
-4.671113,2,3236416.301663
-4.67004,2,3236493.663747
-4.671212,2,3236568.407691
-4.671052,2,3236645.891269
-4.67095,2,3236718.810938
-4.670257,2,3236791.961844
-4.669377,2,3236867.65669
-4.669886,2,3236940.817634
-4.671066,2,3237010.467699
-4.669291,2,3237082.898145
-4.670893,2,3237154.983372
-4.672854,2,3237225.300206
-4.671157,2,3237296.13089
-4.6711,2,3237365.201343
-4.670616,2,3237439.404437
-4.67048,2,3237512.213434
-4.670919,2,3237581.315613
-4.672569,2,3237654.4843
-4.67029,2,3237724.553742
-4.669317,2,3237801.014517
-4.672029,2,3237872.024653
-4.670915,2,3237944.039307
-4.668681,2,3238014.17977
-4.669895,2,3238086.38897
-4.669575,2,3238160.234506
-4.670513,2,3238234.419307
-4.668385,2,3238306.90541
-4.67121,2,3238378.649777
-4.666935,2,3238450.308239
-4.670479,2,3238522.198829
-4.670919,2,3238593.246359
-4.672104,2,3238665.171721
-4.669462,2,3238736.541639
-4.670159,2,3238807.218292
-4.670434,2,3238880.529629
-4.666226,2,3238951.512876
-4.67227,2,3239023.965614
-4.670596,2,3239094.5917
-4.671207,2,3239166.4317
-4.670302,2,3239238.91455
-4.670106,2,3239313.648419
-4.670382,2,3239384.708925
-4.670424,2,3239454.407128
-4.666603,2,3239527.447162
-4.670573,2,3239598.927807
-4.666661,2,3239669.450616
-4.67075,2,3239741.666873
-4.674556,2,3239813.630634
-4.671067,2,3239887.169101
-4.667688,2,3239959.649174
-4.668915,2,3240031.272753
-4.66823,2,3240101.868427
-4.874371,2,3240173.013519
-4.66857,2,3240254.470563
-4.668224,2,3240328.627328
-4.670918,2,3240399.549822
-4.669115,2,3240469.852968
-4.670684,2,3240541.287993
-4.671552,2,3240613.447869
-4.670639,2,3240685.088953
-4.671185,2,3240756.230626
-4.67255,2,3240826.260424
-4.671074,2,3240894.562905
-4.672346,2,3240967.918773
-4.668842,2,3241037.551853
-4.668089,2,3241111.557296
-4.669035,2,3241179.756623
-4.666176,2,3241252.021844
-4.670683,2,3241321.700368
-4.832855,2,3241393.132774
-4.669803,2,3241463.419745
-4.671724,2,3241535.597348
-4.670334,2,3241607.306701
-4.670215,2,3241677.263283
-4.670165,2,3241748.432154
-4.670387,2,3241819.153193
-4.670059,2,3241890.923136
-4.669442,2,3241960.384392
-4.670876,2,3242032.897614
-4.670716,2,3242104.483578
-4.669757,2,3242174.710155
-4.666001,2,3242245.768911
-4.670771,2,3242318.983036
-4.670078,2,3242389.421308
-4.670911,2,3242461.816521
-4.670665,2,3242530.471948
-4.670435,2,3242601.601326
-4.671314,2,3242672.340476
-4.666367,2,3242745.107406
-4.673186,2,3242817.644344
-4.671613,2,3242888.186419
-4.670275,2,3242959.612659
-4.667475,2,3243032.091358
-4.671047,2,3243100.224502
-4.67017,2,3243172.669308
-4.66999,2,3243244.430206
-4.672934,2,3243315.673779
-4.670865,2,3243385.073619
-4.669567,2,3243456.854613
-4.669895,2,3243528.315041
-4.66974,2,3243599.735912
-4.670562,2,3243671.936906
-4.670269,2,3243741.901673
-4.668787,2,3243814.458112
-4.67102,2,3243882.998613
-4.672622,2,3243954.129703
-4.670435,2,3244025.236812
-4.669633,2,3244095.434594
-4.669662,2,3244166.347115
-4.670125,2,3244237.979292
-4.669316,2,3244310.892105
-4.670922,2,3244380.808892
-4.671019,2,3244452.954834
-4.671354,2,3244524.50513
-4.670266,2,3244595.975321
-4.670878,2,3244665.253945
-4.670257,2,3244737.389061
-4.670914,2,3244807.433026
-4.670318,2,3244877.856027
-4.670524,2,3244950.22265
-4.670812,2,3245021.594295
-4.670681,2,3245092.595103
-4.671113,2,3245163.052689
-4.668711,2,3245234.928188
-4.671083,2,3245308.49066
-4.669513,2,3245381.890278
-4.670059,2,3245456.677526
-4.672116,2,3245526.716071
-4.668923,2,3245598.734959
-4.664393,2,3245671.345309
-4.670429,2,3245742.888524
-4.669609,2,3245811.980538
-4.67018,2,3245883.425485
-4.670547,2,3245956.497387
-4.671366,2,3246028.277309
-4.671604,2,3246099.371531
-4.665913,2,3246174.253593
-4.670327,2,3246246.787286
-4.669627,2,3246320.148387
-4.666197,2,3246393.788662
-4.670139,2,3246468.790663
-4.670195,2,3246543.662926
-4.66937,2,3246621.503761
-4.669044,2,3246695.970961
-4.667648,2,3246767.99729
-4.670058,2,3246842.271534
-4.668893,2,3246917.182217
-4.670098,2,3246992.361207
-4.670719,2,3247066.697936
-4.670035,2,3247140.473996
-4.67022,2,3247216.39607
-4.666794,2,3247293.979143
-4.67025,2,3247366.429033
-4.670368,2,3247444.630831
-4.670468,2,3247518.882364
-4.67014,2,3247593.145518
-4.669475,2,3247668.709884
-4.671214,2,3247745.113713
-4.668921,2,3247819.709003
-4.677772,2,3247890.571731
-4.671405,2,3247962.530037
-4.670797,2,3248038.523277
-4.670726,2,3248113.004755
-4.668291,2,3248186.580278
-4.6662,2,3248262.986325
-4.671306,2,3248338.962223
-4.670823,2,3248415.383273
-4.665932,2,3248491.211338
-4.670817,2,3248564.893545
-4.670032,2,3248641.086908
-4.670515,2,3248716.162673
-4.67021,2,3248792.083899
-4.670592,2,3248868.438326
-4.666856,2,3248941.138467
-4.671485,2,3249015.647541
-4.670872,2,3249090.664907
-4.668981,2,3249165.046557
-4.668604,2,3249239.365747
-4.67121,2,3249312.81204
-4.67123,2,3249386.683488
-4.669771,2,3249458.863762
-4.673961,2,3249532.663938
-4.670522,2,3249604.579498
-4.670686,2,3249678.485379
-4.670437,2,3249752.773602
-4.66593,2,3249824.455912
-4.669712,2,3249900.523398
-4.671466,2,3249976.478275
-4.672385,2,3250049.007035
-4.670798,2,3250122.644818
-4.667902,2,3250196.889651
-4.670801,2,3250273.387939
-4.667475,2,3250345.181618
-4.670535,2,3250417.481347
-4.669495,2,3250492.287958
-4.670784,2,3250567.428646
-4.666262,2,3250642.087512
-4.670292,2,3250716.403247
-4.671312,2,3250787.950028
-4.670127,2,3250861.318783
-4.670676,2,3250929.879183
-4.668046,2,3251005.691958
-4.670706,2,3251080.586421
-4.66676,2,3251153.805928
-4.670751,2,3251229.590446
-4.671086,2,3251303.620555
-4.672231,2,3251375.136307
-4.670397,2,3251449.994489
-4.66522,2,3251524.391728
-4.670236,2,3251599.37246
-4.673912,2,3251674.653767
-4.670285,2,3251750.163071
-4.67136,2,3251826.78936
-4.669497,2,3251896.436117
-4.670857,2,3251972.012132
-4.671127,2,3252042.762728
-4.669982,2,3252114.978948
-4.669167,2,3252189.394713
-8.195775,3,3252287.76947
-4.653566,2,3252372.541229
-4.671214,2,3252446.855185
-4.670694,2,3252519.052677
-4.670544,2,3252590.479285
-4.671019,2,3252665.669341
-4.671465,2,3252741.519201
-4.667595,2,3252811.138856
-4.670287,2,3252889.572953
-4.669679,2,3252962.380291
-4.675138,2,3253035.41663
-4.670425,2,3253109.380539
-4.671202,2,3253179.632887
-4.6701,2,3253253.155048
-4.67134,2,3253327.62472
-4.670784,2,3253401.301699
-4.672278,2,3253474.476969
-4.671093,2,3253548.065095
-4.671403,2,3253620.504634
-4.670732,2,3253694.778973
-4.671507,2,3253772.033686
-4.670416,2,3253844.778493
-4.67078,2,3253918.117586
-4.670622,2,3253995.066131
-4.669505,2,3254069.706619
-4.67162,2,3254140.838921
-4.673471,2,3254220.528947
-4.670944,2,3254293.697596
-4.670727,2,3254370.747517
-4.6708,2,3254444.8054
-4.667634,2,3254521.989631
-4.671094,2,3254595.898686
-4.670812,2,3254668.426172
-4.670393,2,3254745.650754
-4.669006,2,3254823.368809
-4.670397,2,3254898.972677
-4.670118,2,3254973.372603
-4.671876,2,3255051.281516
-4.669489,2,3255126.750817
-4.668929,2,3255201.220098
-4.670945,2,3255272.160438
-4.673858,2,3255345.048985
-4.670337,2,3255421.982682
-4.670091,2,3255497.310003
-4.670875,2,3255573.791146
-4.672554,2,3255648.432304
-4.67048,2,3255720.749204
-4.667242,2,3255791.932888
-4.670643,2,3255866.807589
-4.670398,2,3255939.235671
-4.669066,2,3256011.883487
-4.671586,2,3256083.579957
-4.670764,2,3256158.662646
-4.670393,2,3256230.107531
-4.674276,2,3256305.422262
-4.670685,2,3256378.443872
-4.670658,2,3256451.770488
-4.670629,2,3256524.291577
-4.670871,2,3256597.351909
-4.669841,2,3256670.064428
-4.670442,2,3256742.586879
-4.669826,2,3256815.11669
-4.670408,2,3256889.392364
-4.670333,2,3256962.033444
-6.114484,3,3257055.370811
-4.669996,2,3257144.657743
-4.670849,2,3257219.404039
-4.668993,2,3257290.573933
-4.670024,2,3257366.599335
-4.670395,2,3257441.302251
-4.67069,2,3257516.393853
-4.668295,2,3257588.957009
-4.672324,2,3257664.506264
-4.669194,2,3257738.101846
-4.672277,2,3257810.963218
-4.670595,2,3257885.928596
-4.670151,2,3257958.935003
-4.670776,2,3258030.246091
-4.670269,2,3258104.583036
-4.669099,2,3258175.491655
-4.669344,2,3258248.751119
-4.67132,2,3258320.338174
-4.675647,2,3258392.081448
-4.67148,2,3258462.996207
-4.670938,2,3258537.978684
-4.670055,2,3258605.577397
-4.670237,2,3258679.616466
-4.670561,2,3258751.265759
-4.670495,2,3258823.520907
-4.669853,2,3258895.824307
-4.671338,2,3258968.873271
-4.670667,2,3259039.025456
-4.668939,2,3259110.851557
-4.670977,2,3259183.347982
-4.67138,2,3259252.66232
-4.671488,2,3259325.151603
-4.670262,2,3259395.454229
-4.66861,2,3259466.953098
-4.670827,2,3259541.713934
-4.666992,2,3259616.758418
-4.670341,2,3259692.40535
-4.670738,2,3259765.878561
-4.672165,2,3259843.604789
-4.668991,2,3259917.804993
-4.670982,2,3259993.572685
-4.668679,2,3260071.953106
-4.670038,2,3260141.27021
-4.670388,2,3260214.929045
-4.669643,2,3260287.4601
-4.665976,2,3260362.13009
-4.671256,2,3260430.779043
-4.669436,2,3260502.807305
-4.670877,2,3260574.583535
-4.670551,2,3260648.177029
-4.668986,2,3260716.886823
-4.669845,2,3260789.191829
-4.669308,2,3260860.698047
-4.670286,2,3260935.853513
-4.670733,2,3261006.382
-4.825007,2,3261080.275671
-4.670247,2,3261154.950151
-4.669716,2,3261225.078606
-4.827604,2,3261297.986686
-4.668979,2,3261369.842695
-4.671392,2,3261439.807176
-4.671615,2,3261515.227072
-4.671359,2,3261588.991428
-4.669082,2,3261658.745968
-4.672719,2,3261734.366782
-4.669741,2,3261806.617983
-4.670103,2,3261880.953826
-4.671449,2,3261951.291943
-4.670677,2,3262025.490227
-4.67258,2,3262100.329403
-4.671288,2,3262174.762053
-4.674014,2,3262249.084076
-4.670196,2,3262319.41747
-4.671179,2,3262392.340755
-4.67023,2,3262464.192665
-4.670594,2,3262538.338049
-4.670978,2,3262610.930328
-4.671921,2,3262681.990241
-4.671371,2,3262749.597605
-4.669031,2,3262818.922492
-4.669736,2,3262887.584191
-4.668241,2,3262955.617028
-4.671299,2,3263037.698155
-4.669464,2,3263141.111038
-4.672333,2,3263240.307117
-4.670739,2,3263320.353515
-4.670332,2,3263388.164943
-4.670147,2,3263457.82542
-4.669952,2,3263525.856581
-4.6832,2,3263594.308376
-4.670755,2,3263711.709807
-4.670213,2,3263848.147311
-4.670585,2,3263979.558666
-4.670745,2,3264109.178668
-4.67055,2,3264239.600504
-4.671168,2,3264367.798265
-4.665999,2,3264496.867441
-4.669468,2,3264632.929415
-4.670678,2,3264782.918372
-5.045412,2,3264922.159274
-4.672352,2,3265062.120235
-4.670336,2,3265193.355135
-4.670972,2,3265349.924644
-4.66991,2,3265491.543247
-4.669993,2,3265630.534867
-4.670984,2,3265772.265513
-4.669917,2,3265912.597727
-4.670695,2,3266050.281951
-4.669009,2,3266194.919863
-4.67065,2,3266343.008235
-4.672588,2,3266487.425204
-4.67124,2,3266627.779964
-4.670822,2,3266764.831311
-4.673246,2,3266893.446984
-4.672049,2,3267019.438105
-4.67013,2,3267142.70161
-4.671013,2,3267268.595898
-4.670351,2,3267394.678118
-4.674647,2,3267521.311936
-4.67083,2,3267643.874401
-4.668886,2,3267768.594105
-4.668624,2,3267885.049615
-4.670718,2,3268007.451277
-4.672188,2,3268125.732805
-4.669738,2,3268239.608351
-4.671279,2,3268361.417703
-4.672363,2,3268479.239262
-4.672033,2,3268595.988193
-4.669877,2,3268714.368648
-4.669792,2,3268821.510994
-4.665361,2,3268930.923076
-4.670147,2,3269040.9745
-4.670396,2,3269153.454672
-4.670683,2,3269266.716634
-4.670018,2,3269371.164083
-4.668653,2,3269477.82412
-4.67126,2,3269589.520759
-4.670344,2,3269687.604814
-4.671039,2,3269781.62386
-4.672918,2,3269873.601687
-4.669756,2,3269964.721639
-4.669864,2,3270055.476454
-4.667059,2,3270145.034202
-4.671842,2,3270233.438445
-4.679861,2,3270322.056677
-4.670071,2,3270408.02486
-4.828877,2,3270488.003636
-4.669282,2,3270563.619674
-4.670397,2,3270641.763226
-4.666831,2,3270714.141665
-4.67005,2,3270783.348639
-4.669546,2,3270854.238594
-4.670671,2,3270927.02962
-4.670404,2,3270997.286837
-4.670324,2,3271067.126399
-4.670889,2,3271143.245813
-4.671029,2,3271215.530577
-4.671223,2,3271284.924128
-4.669792,2,3271357.803349
-4.67116,2,3271431.307317
-4.670281,2,3271504.231832
-4.670491,2,3271575.956659
-4.670015,2,3271649.641008
-4.671361,2,3271720.647022
-4.67069,2,3271793.137702
-4.670787,2,3271865.259605
-4.67141,2,3271937.988538
-4.670706,2,3272011.283521
-4.671544,2,3272084.066958
-4.671017,2,3272155.368757
-4.670015,2,3272230.738107
-4.670313,2,3272305.345611
-4.671107,2,3272377.584087
-4.670452,2,3272445.416853
-4.672069,2,3272517.345314
-4.670444,2,3272592.025929
-4.6706,2,3272665.631623
-4.670646,2,3272739.998363
-4.672807,2,3272813.926216
-4.670793,2,3272888.708694
-4.66861,2,3272959.413807
-4.670937,2,3273034.432126
-4.667195,2,3273110.610906
-4.67145,2,3273185.818914
-4.670467,2,3273259.710413
-4.669439,2,3273335.982081
-4.670662,2,3273414.193753
-4.670603,2,3273486.861871
-4.670559,2,3273567.728538
-4.670471,2,3273641.701754
-4.670309,2,3273719.916531
-4.667541,2,3273793.006813
-4.669055,2,3273866.628534
-4.671529,2,3273944.691311
-4.670257,2,3274023.025103
-4.667076,2,3274099.945925
-4.670106,2,3274174.271252
-4.672265,2,3274246.187515
-4.670392,2,3274321.00546
-4.666157,2,3274398.861584
-4.670772,2,3274469.047389
-4.670512,2,3274543.282667
-4.671223,2,3274621.945019
-4.670766,2,3274697.380398
-4.669939,2,3274770.025363
-4.672087,2,3274840.563831
-4.67207,2,3274913.639402
-4.671384,2,3274984.291184
-4.670192,2,3275055.307257
-4.669473,2,3275126.826478
-4.675647,2,3275198.339744
-4.671619,2,3275269.4073
-4.669533,2,3275341.316678
-4.670644,2,3275411.618307
-4.671217,2,3275485.381065
-4.666262,2,3275557.525038
-4.671252,2,3275625.497196
-4.665793,2,3275694.757777
-4.671017,2,3275768.331722
-4.670291,2,3275841.259512
-4.675728,2,3275911.723212
-4.667881,2,3275983.319511
-4.67075,2,3276056.04777
-4.672331,2,3276128.158397
-4.671576,2,3276202.537795
-4.670893,2,3276274.289746
-4.67172,2,3276346.164475
-4.670507,2,3276415.566654
-4.670089,2,3276486.901977
-4.670922,2,3276560.07558
-4.673631,2,3276632.63686
-4.669714,2,3276702.838915
-4.670284,2,3276772.746621
-4.671448,2,3276844.084574
-4.67085,2,3276914.520998
-4.670142,2,3276987.423584
-4.670454,2,3277058.599085
-4.670845,2,3277130.374132
-4.670292,2,3277196.080758
-4.670932,2,3277261.822713
-4.67155,2,3277329.778351
-4.670444,2,3277401.970916
-4.671104,2,3277472.578957
-4.669859,2,3277543.881809
-4.670129,2,3277614.08437
-4.671251,2,3277683.603802
-4.669078,2,3277754.565137
-4.683633,2,3277826.763199
-4.670469,2,3277900.454636
-4.666111,2,3277972.214348
-4.666517,2,3278047.826648
-4.671055,2,3278113.876935
-4.670889,2,3278183.273887
-4.671194,2,3278254.323021
-4.67245,2,3278327.15267
-4.67112,2,3278399.150164
-4.670663,2,3278468.48374
-4.670168,2,3278543.075368
-4.669771,2,3278611.652983
-4.668913,2,3278683.300865
-4.670927,2,3278756.747969
-4.671676,2,3278827.336482
-4.669089,2,3278897.811361
-4.672362,2,3278965.029687
-4.671622,2,3279036.061654
-4.670597,2,3279107.485924
-4.671185,2,3279175.440954
-4.670412,2,3279247.455713
-4.670625,2,3279316.869742
-4.669188,2,3279386.836551
-4.670661,2,3279463.122596
-4.670973,2,3279531.89741
-4.671309,2,3279603.588986
-4.670154,2,3279675.574794
-4.670007,2,3279749.895419
-4.682325,2,3279818.552377
-4.670074,2,3279889.619549
-4.669962,2,3279959.677056
-4.670277,2,3280031.073463
-4.671219,2,3280103.631228
-4.670645,2,3280174.925731
-4.672669,2,3280242.786371
-4.671095,2,3280314.002723
-4.671124,2,3280383.949496
-4.670906,2,3280453.466557
-4.669379,2,3280525.457511
-4.67026,2,3280595.170858
-4.671205,2,3280667.867687
-4.672332,2,3280735.372127
-4.6691,2,3280810.250816
-4.670846,2,3280879.719669
-4.674179,2,3280950.815004
-4.668817,2,3281025.098679
-4.668865,2,3281095.531225
-4.665679,2,3281165.467263
-4.671746,2,3281237.314976
-4.66608,2,3281306.194816
-4.66965,2,3281379.982296
-4.669161,2,3281450.698122
-4.66713,2,3281520.561743
-4.670428,2,3281592.474457
-4.668546,2,3281663.035052
-4.67072,2,3281734.777235
-4.670709,2,3281804.886838
-4.670891,2,3281875.113586
-4.669356,2,3281946.046857
-4.669916,2,3282016.113961
-4.670136,2,3282087.759664
-4.669047,2,3282157.733312
-4.671097,2,3282225.215524
-4.671118,2,3282291.938867
-4.669022,2,3282358.360949
-4.670481,2,3282423.142339
-4.670011,2,3282488.007372
-4.676627,2,3282553.019964
-4.666898,2,3282617.934838
-4.670575,2,3282684.631363
-4.674063,2,3282749.700443
-4.670687,2,3282814.492922
-4.66954,2,3282879.127521
-4.670031,2,3282945.194228
-4.669504,2,3283012.173234
-4.670718,2,3283077.371296
-4.672628,2,3283142.932158
-4.665898,2,3283207.681752
-4.674138,2,3283272.089463
-4.669368,2,3283339.274812
-4.671667,2,3283404.633593
-4.67074,2,3283469.173806
-4.670348,2,3283536.14103
-4.683636,2,3283601.364369
-4.670494,2,3283666.790329
-4.670184,2,3283734.189542
-4.668601,2,3283798.587438
-4.669456,2,3283863.568781
-4.670087,2,3283929.414031
-4.670678,2,3283994.641842
-4.670057,2,3284059.925997
-4.670508,2,3284127.171102
-4.67032,2,3284194.716508
-4.668655,2,3284263.91214
-4.670891,2,3284329.014863
-4.671215,2,3284399.632067
-4.670548,2,3284467.012776
-4.670894,2,3284534.64837
-4.672529,2,3284601.021535
-4.671567,2,3284669.573242
-4.671126,2,3284737.361809
-4.671129,2,3284802.285558
-4.672477,2,3284869.84807
-4.672069,2,3284937.653957
-4.670149,2,3285005.885384
-4.669992,2,3285074.004074
-4.671157,2,3285143.60872
-4.668563,2,3285212.394667
-4.667251,2,3285278.640395
-4.66683,2,3285345.893105
-4.666515,2,3285415.238263
-4.666599,2,3285480.097948
-4.666252,2,3285548.977419
-4.670052,2,3285614.264912
-4.670219,2,3285680.246137
-4.669399,2,3285746.196274
-4.671079,2,3285815.037605
-4.670428,2,3285884.401163
-4.671474,2,3285961.995921
-4.670511,2,3286042.897978
-4.670503,2,3286122.266338
-4.670382,2,3286201.855499
-4.670899,2,3286280.901268
-4.670138,2,3286362.913861
-4.672699,2,3286440.389923
-4.671447,2,3286523.124204
-4.670943,2,3286604.194737
-4.671566,2,3286685.782913
-4.67041,2,3286768.164885
-4.672059,2,3286847.73013
-4.669025,2,3286925.807832
-4.670929,2,3287007.011562
-4.670675,2,3287087.998717
-4.67163,2,3287169.250803
-4.670787,2,3287248.879022
-4.670279,2,3287326.251262
-4.669911,2,3287404.042024
-4.669675,2,3287484.239758
-4.669827,2,3287567.546482
-4.670444,2,3287647.382687
-4.670591,2,3287725.409864
-4.670878,2,3287804.777142
-4.670489,2,3287886.810909
-4.670373,2,3287966.131717
-4.668612,2,3288044.13769
-4.666234,2,3288124.239387
-4.669947,2,3288207.050874
-4.670537,2,3288285.966121
-4.669497,2,3288367.917028
-4.670653,2,3288445.504189
-4.668374,2,3288530.17583
-4.67455,2,3288609.330026
-4.670407,2,3288685.923467
-4.671137,2,3288757.05573
-4.67082,2,3288823.834274
-4.67435,2,3288893.251327
-4.672545,2,3288958.217399
-4.670996,2,3289024.400269
-4.670005,2,3289088.2725
-4.669063,2,3289152.391176
-4.665974,2,3289217.068337
-4.670484,2,3289280.817693
-4.667294,2,3289347.027497
-4.671124,2,3289413.821795
-4.671337,2,3289476.419909
-4.667745,2,3289541.321062
-4.670047,2,3289606.14096
-4.666197,2,3289674.364904
-4.670656,2,3289738.645374
-4.673043,2,3289802.670173
-4.669546,2,3289868.019766
-4.670817,2,3289933.675118
-4.67371,2,3290000.435888
-4.670447,2,3290065.857449
-4.669494,2,3290131.279845
-4.670352,2,3290196.972763
-4.66581,2,3290263.342381
-4.670238,2,3290327.472718
-4.671567,2,3290394.300396
-4.66946,2,3290458.082714
-4.670103,2,3290522.623856
-4.670587,2,3290588.072593
-4.671069,2,3290656.601591
-4.669276,2,3290722.692699
-4.670548,2,3290788.422703
-4.670383,2,3290853.785571
-4.67334,2,3290920.035421
-4.671076,2,3290985.353535
-4.671,2,3291052.631519
-4.669046,2,3291117.18963
-4.67087,2,3291181.44738
-4.671462,2,3291249.061404
-4.669166,2,3291315.679646
-4.671088,2,3291381.611295
-4.671024,2,3291445.228876
-4.67057,2,3291512.174846
-4.669482,2,3291577.315447
-4.667067,2,3291644.227335
-4.665956,2,3291708.857542
-4.670468,2,3291776.525409
-4.669999,2,3291841.493062
-4.667287,2,3291907.022006
-4.666102,2,3291973.616725
-4.670691,2,3292039.737351
-4.671215,2,3292105.458461
-4.670928,2,3292171.944031
-4.670827,2,3292238.186635
-4.668495,2,3292302.674739
-4.669385,2,3292370.093713
-4.669553,2,3292436.511689
-4.670202,2,3292507.641741
-4.672016,2,3292577.378031
-4.670926,2,3292644.894753
-4.671217,2,3292714.408282
-4.667914,2,3292783.211233
-4.670673,2,3292854.957926
-4.670911,2,3292923.92418
-4.670585,2,3292991.919392
-4.670847,2,3293060.856203
-4.669486,2,3293136.054334
-4.670279,2,3293209.000312
-4.670799,2,3293277.765313
-4.670662,2,3293354.956347
-4.669718,2,3293429.793679
-4.670509,2,3293499.928478
-4.67059,2,3293575.177511
-4.672263,2,3293649.834481
-4.670578,2,3293724.196107
-4.669,2,3293800.80421
-4.670307,2,3293877.904682
-4.669553,2,3293952.978037
-4.67244,2,3294029.128455
-4.669054,2,3294107.029541
-4.671111,2,3294181.442687
-4.670127,2,3294258.109982
-4.669471,2,3294331.371515
-4.670835,2,3294405.323877
-4.670641,2,3294480.986355
-4.671564,2,3294555.934183
-4.670439,2,3294628.915049
-4.67135,2,3294702.894098
-4.670842,2,3294778.127301
-4.672565,2,3294852.468368
-4.671938,2,3294925.866441
-4.66626,2,3294997.793304
-4.670708,2,3295071.002951
-4.670322,2,3295141.676174
-4.669801,2,3295213.368656
-4.670389,2,3295287.042671
-4.669019,2,3295361.062034
-4.67094,2,3295435.097158
-4.670041,2,3295512.508795
-4.669155,2,3295584.650685
-4.67163,2,3295659.700167
-4.670617,2,3295733.451082
-4.67109,2,3295808.907311
-4.66935,2,3295883.295517
-4.670616,2,3295960.788764
-4.665905,2,3296031.667443
-4.665942,2,3296108.70493
-4.666002,2,3296180.712086
-4.665776,2,3296250.450924
-4.670512,2,3296321.850352
-4.673343,2,3296391.166911
-4.669405,2,3296465.726677
-4.670712,2,3296536.104616
-4.670082,2,3296611.141171
-4.670851,2,3296685.699341
-4.666186,2,3296754.877939
-4.671616,2,3296825.698739
-4.670476,2,3296896.554845
-4.666857,2,3296971.873547
-4.673671,2,3297042.031077
-4.670382,2,3297114.28461
-4.670568,2,3297185.998698
-4.671229,2,3297261.181594
-4.672382,2,3297333.947137
-4.670294,2,3297404.751494
-4.67024,2,3297480.739066
-4.668991,2,3297554.431087
-4.67114,2,3297630.319449
-4.671489,2,3297704.310329
-4.670825,2,3297776.840094
-4.671044,2,3297849.219972
-4.668545,2,3297923.608493
-4.67154,2,3297999.23327
-4.670712,2,3298072.541374
-4.669882,2,3298149.250513
-4.670607,2,3298220.82594
-4.669637,2,3298296.847395
-4.670625,2,3298374.437139
-4.670806,2,3298445.908304
-4.669573,2,3298519.331769
-4.667727,2,3298594.486843
-4.671228,2,3298666.46216
-4.670212,2,3298742.033644
-4.6756,2,3298811.622771
-4.668152,2,3298888.086719
-4.670406,2,3298962.915962
-4.671019,2,3299039.960665
-4.667374,2,3299107.782457
-4.670626,2,3299182.941823
-4.671601,2,3299253.264738
-4.670283,2,3299327.044467
-4.670663,2,3299401.295563
-4.671619,2,3299473.821072
-4.668441,2,3299541.050392
-4.670794,2,3299611.857678
-4.66959,2,3299685.36294
-4.670221,2,3299752.287335
-4.670895,2,3299821.500781
-4.669328,2,3299890.325506
-4.670747,2,3299960.355638
-4.670784,2,3300027.130308
-4.668973,2,3300093.954384
-4.670281,2,3300162.196365
-4.666871,2,3300233.864995
-4.671205,2,3300308.309014
-4.669083,2,3300383.518491
-4.669697,2,3300457.503216
-4.671227,2,3300529.523815
-4.670295,2,3300600.283167
-4.672283,2,3300666.770565
-4.671468,2,3300735.705034
-4.671103,2,3300803.279992
-4.670716,2,3300869.550733
-4.670656,2,3300935.018456
-4.67047,2,3301002.414994
-4.670827,2,3301068.22974
-4.67078,2,3301133.623417
-4.670864,2,3301200.541413
-4.67166,2,3301266.948872
-4.669001,2,3301333.567749
-4.669032,2,3301399.290384
-4.671464,2,3301466.898099
-4.669147,2,3301534.701109
-4.672392,2,3301604.163499
-4.670512,2,3301671.788847
-4.670914,2,3301738.13986
-4.670382,2,3301806.262746
-4.671,2,3301874.207434
-4.670996,2,3301940.665345
-4.825157,2,3302006.431448
-4.668616,2,3302074.578807
-4.67469,2,3302149.185212
-4.666051,2,3302221.835467
-4.671123,2,3302290.154117
-4.665596,2,3302358.242599
-4.667075,2,3302429.018497
-4.670361,2,3302501.39689
-4.669518,2,3302573.794264
-4.668604,2,3302643.584254
-4.670067,2,3302715.489181
-4.6707,2,3302787.837383
-4.839547,2,3302860.179559
-4.670591,2,3302930.770059
-4.668623,2,3303004.573541
-4.670327,2,3303074.946573
-4.668658,2,3303145.565969
-4.671221,2,3303215.294794
-4.6685,2,3303289.937643
-4.670622,2,3303363.468269
-4.669411,2,3303436.878147
-4.670897,2,3303509.994224
-4.670998,2,3303580.87062
-4.671199,2,3303653.423638
-4.669146,2,3303725.281394
-4.670369,2,3303800.393308
-4.670443,2,3303873.105759
-4.672505,2,3303945.865288
-4.669712,2,3304020.091051
-4.672194,2,3304093.899283
-4.67032,2,3304164.828231
-4.669118,2,3304237.267927
-4.670802,2,3304311.436005
-4.670099,2,3304384.660234
-4.670343,2,3304457.53713
-4.671213,2,3304529.26713
-4.666036,2,3304601.155844
-4.682632,2,3304673.462675
-4.670084,2,3304744.8289
-4.670447,2,3304815.091639
-4.671266,2,3304888.343853
-4.669919,2,3304960.227408
-4.671504,2,3305028.546561
-4.671273,2,3305099.640815
-4.670457,2,3305170.688099
-4.669673,2,3305246.610838
-4.837444,2,3305317.980852
-4.669906,2,3305391.987578
-4.670971,2,3305464.819543
-4.874012,2,3305537.989824
-4.669717,2,3305609.225553
-4.670163,2,3305681.120084
-4.671007,2,3305753.587389
-4.670598,2,3305828.254112
-4.667064,2,3305899.403305
-4.670341,2,3305972.883347
-4.670296,2,3306044.221845
-4.669702,2,3306115.223796
-4.669944,2,3306186.544667
-4.670854,2,3306260.951139
-4.670256,2,3306332.920823
-4.66979,2,3306400.778812
-4.670671,2,3306470.069339
-4.67149,2,3306537.885247
-4.670184,2,3306609.043596
-4.667775,2,3306678.86495
-4.669027,2,3306751.597425
-4.671172,2,3306824.010008
-4.670778,2,3306897.324976
-4.669172,2,3306970.440784
-4.669555,2,3307040.845392
-4.670656,2,3307110.947398
-4.670674,2,3307182.139951
-4.670605,2,3307252.46543
-4.670845,2,3307324.669877
-4.671073,2,3307394.663583
-4.670886,2,3307461.882541
-4.670888,2,3307531.817187
-4.67158,2,3307605.257061
-4.667085,2,3307677.733459
-4.671157,2,3307748.342577
-4.670151,2,3307822.858925
-4.668357,2,3307895.329658
-4.670603,2,3307969.961298
-4.671484,2,3308041.279535
-4.670366,2,3308116.429882
-4.670622,2,3308186.000204
-4.67078,2,3308256.496898
-4.671381,2,3308329.486569
-4.670433,2,3308403.679466
-4.665692,2,3308477.107337
-4.671231,2,3308551.521204
-4.670551,2,3308626.128911
-4.671539,2,3308699.32941
-4.666182,2,3308772.506462
-4.683186,2,3308845.421791
-4.674588,2,3308914.827802
-4.667286,2,3308989.432967
-4.671063,2,3309061.203813
-4.664441,2,3309137.275563
-4.671162,2,3309208.004066
-4.670498,2,3309281.264418
-4.670168,2,3309354.50651
-4.670573,2,3309424.14407
-4.671243,2,3309498.545168
-4.668873,2,3309568.142155
-4.671804,2,3309638.677476
-4.66674,2,3309710.7246
-4.670268,2,3309782.501605
-4.670773,2,3309855.023954
-4.671179,2,3309929.178449
-4.669793,2,3310001.155593
-4.668909,2,3310071.023203
-4.670924,2,3310144.006114
-4.670434,2,3310214.994896
-4.670919,2,3310289.854763
-4.670754,2,3310360.077829
-4.670225,2,3310431.750853
-4.670323,2,3310499.450337
-4.669428,2,3310567.514708
-4.671171,2,3310638.012418
-4.670129,2,3310708.754738
-4.671373,2,3310779.137683
-4.673849,2,3310848.541523
-4.668367,2,3310915.319259
-4.669317,2,3310985.152379
-4.667977,2,3311054.961248
-4.670577,2,3311122.081115
-4.670088,2,3311187.808815
-4.670197,2,3311256.416916
-4.672497,2,3311323.685107
-4.670778,2,3311393.699565
-4.670578,2,3311465.87823
-4.668953,2,3311534.400564
-4.66726,2,3311608.414064
-4.670051,2,3311682.861872
-4.683489,2,3311751.776887
-4.669871,2,3311823.367666
-4.671406,2,3311891.675121
-4.66964,2,3311958.078424
-4.671467,2,3312025.129496
-4.666843,2,3312091.224416
-4.669992,2,3312157.638379
-4.669051,2,3312224.383376
-4.672233,2,3312291.123977
-4.670191,2,3312357.16199
-4.669069,2,3312423.221284
-4.671399,2,3312489.297186
-4.671125,2,3312554.614335
-4.670535,2,3312622.238197
-4.671049,2,3312687.672906
-4.670881,2,3312752.942312
-4.671012,2,3312820.359258
-4.674853,2,3312887.839379
-4.672295,2,3312958.060412
-4.836586,2,3313026.999064
-4.67025,2,3313092.584306
-4.669981,2,3313158.801292
-4.670353,2,3313227.429911
-4.670684,2,3313293.641325
-4.670254,2,3313362.594088
-4.670185,2,3313429.145803
-4.672232,2,3313496.038228
-4.670591,2,3313562.226614
-4.670636,2,3313630.493048
-4.672622,2,3313703.983728
-4.67148,2,3313775.829803
-4.683581,2,3313845.416919
-4.672386,2,3313913.572667
-4.668937,2,3313981.323307
-4.667563,2,3314043.428739
-4.665926,2,3314108.765288
-4.669658,2,3314173.957926
-4.668533,2,3314240.245923
-4.668088,2,3314304.694372
-4.666611,2,3314370.135507
-4.672313,2,3314436.315846
-4.671225,2,3314502.308534
-4.6698,2,3314567.592288
-4.670163,2,3314633.452961
-4.670387,2,3314699.776337
-4.670076,2,3314769.264887
-4.670746,2,3314833.797675
-4.67058,2,3314899.01714
-4.670021,2,3314964.706482
-4.669853,2,3315030.416311
-4.672873,2,3315099.215333
-4.670469,2,3315165.537979
-4.67115,2,3315230.779186
-4.671075,2,3315296.788798
-4.671083,2,3315362.598243
-4.670852,2,3315428.507395
-4.673108,2,3315495.12751
-4.674739,2,3315560.657534
-4.670615,2,3315626.631432
-4.670757,2,3315691.674425
-4.669156,2,3315757.687271
-4.670437,2,3315825.153739
-4.671002,2,3315890.340177
-4.670453,2,3315956.735199
-4.666006,2,3316021.6894
-4.671098,2,3316088.232062
-4.670676,2,3316154.757215
-4.668475,2,3316221.738462
-4.670464,2,3316287.959874
-4.670051,2,3316358.990503
-4.674427,2,3316425.794684
-4.669152,2,3316495.671436
-4.671458,2,3316562.24176
-4.666226,2,3316632.912131
-4.838737,2,3316703.008144
-4.670304,2,3316769.756933
-4.670937,2,3316846.081521
-4.670965,2,3316918.95424
-4.672968,2,3316990.745007
-4.670242,2,3317060.875019
-4.671995,2,3317132.450859
-4.669978,2,3317205.675462
-4.669775,2,3317277.511128
-4.670781,2,3317348.514808
-4.670519,2,3317420.343018
-4.670319,2,3317489.799701
-4.668402,2,3317562.731563
-4.671531,2,3317634.89287
-4.669727,2,3317708.397087
-4.671199,2,3317780.249732
-4.670006,2,3317853.171288
-4.670869,2,3317920.851246
-4.670989,2,3317993.715379
-4.666026,2,3318065.99165
-4.671195,2,3318134.832092
-4.668965,2,3318204.300071
-4.670588,2,3318278.124863
-4.672069,2,3318351.705441
-4.67118,2,3318424.782666
-4.671498,2,3318498.829113
-4.670352,2,3318572.126788
-4.670207,2,3318645.799807
-4.670952,2,3318721.553974
-4.670349,2,3318792.917284
-4.670855,2,3318865.882273
-4.670585,2,3318940.438563
-4.670389,2,3319012.415003
-4.672915,2,3319086.469436
-4.670048,2,3319157.648323
-4.66486,2,3319232.848273
-4.668576,2,3319303.923899
-4.672824,2,3319378.361171
-4.671111,2,3319450.556015
-4.67055,2,3319523.603139
-4.670938,2,3319597.60984
-4.670086,2,3319672.865392
-4.670445,2,3319745.427378
-4.669578,2,3319816.811484
-4.670732,2,3319889.976381
-4.670677,2,3319966.90036
-4.670703,2,3320039.05549
-4.668914,2,3320113.626586
-4.671491,2,3320188.668262
-4.66876,2,3320260.953063
-4.670134,2,3320333.925659
-4.67119,2,3320408.308592
-4.670409,2,3320479.702355
-4.670857,2,3320551.678719
-4.670456,2,3320624.628221
-4.671027,2,3320697.519749
-4.670232,2,3320773.986665
-4.670614,2,3320847.671642
-4.670404,2,3320918.258076
-4.669188,2,3320985.83562
-4.669026,2,3321054.910972
-4.670514,2,3321128.85779
-4.670726,2,3321200.936395
-4.67073,2,3321275.054793
-4.670028,2,3321345.078716
-4.667431,2,3321413.79815
-4.665504,2,3321480.953262
-4.669877,2,3321551.613535
-4.829536,2,3321620.624134
-4.669266,2,3321692.342238
-4.670897,2,3321767.344718
-4.671094,2,3321844.352709
-4.671425,2,3321917.784203
-4.670391,2,3321986.850215
-4.670828,2,3322060.505852
-4.672442,2,3322128.484287
-4.671427,2,3322204.305438
-4.670146,2,3322276.144828
-4.669663,2,3322349.117089
-4.671471,2,3322422.886621
-4.67551,2,3322494.762915
-4.671398,2,3322568.948447
-4.670579,2,3322638.534565
-4.670657,2,3322709.648944
-4.669165,2,3322784.598872
-4.673358,2,3322854.570911
-4.669573,2,3322928.176508
-4.666178,2,3323001.491761
-4.669903,2,3323073.304453
-4.670764,2,3323143.765035
-4.670028,2,3323216.198537
-4.66945,2,3323287.876777
-4.66968,2,3323357.367495
-4.672486,2,3323425.90357
-4.673236,2,3323496.198112
-4.669165,2,3323569.493948
-4.672031,2,3323642.334964
-4.672306,2,3323712.476948
-4.671279,2,3323784.225902
-4.67004,2,3323857.048093
-4.671794,2,3323930.28262
-4.670489,2,3324004.519538
-4.827131,2,3324074.628482
-4.669616,2,3324149.368049
-4.671367,2,3324221.667235
-4.670144,2,3324296.147135
-4.672498,2,3324366.258939
-4.672125,2,3324440.079389
-4.665817,2,3324513.862131
-4.670323,2,3324585.43072
-4.670885,2,3324657.887346
-4.670238,2,3324727.076203
-4.673509,2,3324804.197324
-4.670276,2,3324878.299306
-4.66598,2,3324949.284371
-4.672563,2,3325021.0971
-4.669076,2,3325094.886335
-4.671121,2,3325170.965892
-4.669584,2,3325243.974798
-4.671122,2,3325316.537831
-4.670255,2,3325388.533144
-4.67041,2,3325462.141759
-4.668967,2,3325536.104046
-4.670972,2,3325605.229035
-4.671148,2,3325680.656835
-4.670985,2,3325752.202336
-4.67077,2,3325824.750726
-4.669521,2,3325897.553682
-4.670828,2,3325970.934876
-4.670724,2,3326044.441326
-4.671186,2,3326114.319504
-4.670425,2,3326186.861595
-4.670976,2,3326260.222914
-4.671014,2,3326330.044429
-4.666562,2,3326402.20937
-4.67051,2,3326475.611305
-4.670617,2,3326546.942649
-4.666295,2,3326617.141502
-4.670218,2,3326690.606136
-4.673529,2,3326762.620104
-4.669417,2,3326834.614141
-4.669297,2,3326907.34134
-4.669884,2,3326979.574702
-4.671761,2,3327049.271546
-4.670739,2,3327119.426456
-4.670691,2,3327189.179451
-4.670559,2,3327258.617942
-4.670954,2,3327334.618294
-4.671118,2,3327405.387713
-4.671297,2,3327477.761214
-4.67028,2,3327552.141205
-4.670428,2,3327624.429351
-4.670019,2,3327693.58251
-4.668607,2,3327763.972336
-4.67028,2,3327831.801151
-4.67426,2,3327901.94338
-4.831895,2,3327972.171294
-4.670259,2,3328040.536002
-4.671122,2,3328109.669503
-4.666161,2,3328177.524858
-4.671021,2,3328246.660067
-4.670465,2,3328313.909782
-4.669953,2,3328382.119024
-4.67123,2,3328449.086141
-4.671061,2,3328518.211091
-4.669875,2,3328586.493676
-4.670859,2,3328656.587714
-4.829114,2,3328725.577991
-4.668602,2,3328794.902703
-4.66915,2,3328863.923183
-4.670595,2,3328933.235177
-4.665957,2,3329005.494961
-4.671684,2,3329074.245424
-4.673238,2,3329141.33906
-4.670449,2,3329211.038318
-4.670601,2,3329281.794189
-4.670285,2,3329350.323251
-4.670173,2,3329417.529404
-4.669548,2,3329488.297372
-4.671338,2,3329557.893252
-4.669502,2,3329626.963066
-4.669836,2,3329696.54632
-4.671055,2,3329765.257978
-4.669449,2,3329833.918514
-4.6706,2,3329902.438334
-4.668878,2,3329975.113906
-4.83916,2,3330043.984408
-4.670897,2,3330113.719763
-4.670652,2,3330181.742255
-4.671079,2,3330251.500701
-4.669202,2,3330321.859074
-4.670807,2,3330389.286809
-4.670836,2,3330459.54295
-4.669868,2,3330526.755769
-4.670044,2,3330595.821232
-4.669889,2,3330666.984079
-4.666234,2,3330736.86024
-4.673989,2,3330807.011549
-4.669842,2,3330876.75155
-4.670407,2,3330946.989253
-4.67041,2,3331018.066417
-4.669433,2,3331087.778975
-4.671139,2,3331159.59053
-4.668986,2,3331233.316301
-4.669686,2,3331306.310415
-4.669621,2,3331378.259701
-4.667776,2,3331452.999475
-4.668784,2,3331527.917036
-4.667733,2,3331598.714832
-4.671124,2,3331671.480688
-4.669819,2,3331740.413286
-4.671434,2,3331809.167768
-4.668605,2,3331879.777025
-4.670339,2,3331947.385366
-4.665973,2,3332017.348605
-4.673277,2,3332087.125756
-4.669052,2,3332161.950188
-4.666787,2,3332231.572516
-4.667909,2,3332309.758811
-4.670555,2,3332382.515502
-4.674134,2,3332455.113959
-4.670561,2,3332526.928938
-4.66988,2,3332599.752659
-4.669894,2,3332670.395907
-4.670875,2,3332744.155321
-4.669686,2,3332813.741214
-4.666148,2,3332883.166505
-4.670821,2,3332954.514101
-4.667564,2,3333026.910319
-4.670372,2,3333098.267339
-4.674386,2,3333169.117952
-4.669842,2,3333240.81676
-4.670062,2,3333314.971268
-4.837909,2,3333386.244182
-4.671323,2,3333457.407671
-4.668072,2,3333532.663717
-4.669042,2,3333605.17181
-4.673372,2,3333675.835081
-4.669918,2,3333747.918274
-4.670346,2,3333820.089516
-4.667857,2,3333893.216251
-4.665472,2,3333966.151859
-4.670398,2,3334038.009615
-4.672611,2,3334108.4402
-4.672829,2,3334181.325809
-4.67034,2,3334257.176674
-4.670463,2,3334328.704232
-4.67128,2,3334400.999485
-4.666013,2,3334472.256325
-4.670597,2,3334544.581
-4.66931,2,3334616.483291
-4.67076,2,3334688.887739
-4.671141,2,3334756.896737
-4.670839,2,3334825.868092
-4.670778,2,3334894.758996
-4.670717,2,3334962.631472
-4.672013,2,3335031.680898
-4.666447,2,3335101.028271
-4.669407,2,3335170.802067
-4.670799,2,3335238.371101
-4.67095,2,3335307.93508
-4.670334,2,3335375.972048
-4.669747,2,3335445.404009
-4.670276,2,3335515.723354
-4.669396,2,3335584.319226
-4.673676,2,3335652.852864
-4.669714,2,3335724.546039
-4.669376,2,3335794.328256
-4.671236,2,3335865.558154
-4.671045,2,3335932.108991
-4.672745,2,3336001.407478
-4.668989,2,3336074.53345
-4.671489,2,3336142.157139
-4.669345,2,3336213.266975
-4.669507,2,3336279.764335
-4.66863,2,3336349.721752
-4.671046,2,3336419.916942
-4.670883,2,3336487.441891
-4.670837,2,3336557.286524
-4.671558,2,3336625.467259
-4.670293,2,3336694.500517
-4.670336,2,3336761.129674
-4.670089,2,3336833.098359
-4.67241,2,3336905.895598
-4.670551,2,3336978.953966
-4.670957,2,3337053.483849
-4.670109,2,3337126.506436
-4.669883,2,3337199.114377
-4.671558,2,3337268.548284
-4.672389,2,3337341.040232
-4.675567,2,3337414.683474
-4.670074,2,3337486.902038
-4.669569,2,3337560.873029
-4.67035,2,3337632.308721
-4.670382,2,3337705.819863
-4.670947,2,3337777.155577
-4.670274,2,3337851.120638
-4.671302,2,3337922.803915
-4.671482,2,3337997.250952
-4.670266,2,3338066.532367
-4.670561,2,3338136.679895
-4.669383,2,3338204.995141
-4.66996,2,3338276.078564
-4.6707,2,3338347.46539
-4.826777,2,3338418.181506
-4.67036,2,3338489.283988
-4.67012,2,3338560.286556
-4.671231,2,3338626.900158
-4.669463,2,3338700.804755
-4.668941,2,3338774.871609
-4.671399,2,3338846.738534
-4.670709,2,3338920.536461
-4.670807,2,3338994.218015
-4.668208,2,3339064.764665
-4.674656,2,3339138.267039
-4.670457,2,3339212.254621
-4.670876,2,3339282.504459
-4.670837,2,3339350.567965
-4.669481,2,3339420.448183
-4.671092,2,3339489.411768
-4.671305,2,3339561.955615
-4.670189,2,3339630.629164
-4.666641,2,3339699.194523
-4.670034,2,3339767.33213
-4.669227,2,3339840.18518
-4.670582,2,3339910.828999
-4.669773,2,3339984.352904
-4.670658,2,3340056.617601
-4.670088,2,3340130.016493
-4.669549,2,3340202.146003
-4.671263,2,3340274.29165
-4.827177,2,3340348.249975
-4.670712,2,3340421.255965
-4.670518,2,3340493.423128
-4.669832,2,3340565.623114
-4.669961,2,3340637.625013
-4.666207,2,3340708.71617
-4.66832,2,3340780.058808
-4.67082,2,3340849.689875
-4.67053,2,3340920.747938
-4.670828,2,3340991.741714
-4.670884,2,3341062.74325
-4.671085,2,3341132.010818
-4.670444,2,3341205.411016
-4.671474,2,3341274.416634
-4.670051,2,3341343.776995
-4.671411,2,3341416.526808
-4.669089,2,3341488.689291
-4.673073,2,3341562.617337
-4.670292,2,3341631.809494
-4.666161,2,3341703.426146
-4.669466,2,3341774.630982
-4.670391,2,3341847.637099
-4.668958,2,3341918.232436
-4.668731,2,3341989.372492
-4.668586,2,3342060.263478
-4.669607,2,3342131.053136
-4.668687,2,3342204.750903
-4.794066,2,3342279.493355
-4.671495,2,3342350.382422
-4.825923,2,3342419.309488
-4.670169,2,3342494.014234
-4.671088,2,3342562.718599
-4.670216,2,3342634.886037
-4.670447,2,3342706.739358
-4.67035,2,3342778.4678
-4.884697,2,3342849.266244
-4.670212,2,3342920.357245
-4.670249,2,3342994.8101
-4.670138,2,3343063.802505
-4.664738,2,3343134.990998
-4.663443,2,3343209.605243
-4.671025,2,3343282.987921
-4.670498,2,3343357.672927
-4.669439,2,3343425.921855
-4.670067,2,3343494.997052
-4.666644,2,3343565.667137
-4.669911,2,3343632.264486
-4.672247,2,3343701.317689
-4.6705,2,3343771.891363
-4.671688,2,3343841.318648
-4.666249,2,3343909.841342
-4.670916,2,3343979.453772
-4.669347,2,3344049.174526
-4.6713,2,3344116.667952
-4.670512,2,3344185.297036
-4.67139,2,3344253.600961
-4.670758,2,3344324.252505
-4.672669,2,3344394.995997
-4.670894,2,3344465.214036
-4.670812,2,3344532.560746
-4.670626,2,3344602.84689
-4.670035,2,3344673.214476
-4.66919,2,3344741.409793
-4.670209,2,3344810.203375
-4.665318,2,3344878.625147
-4.669088,2,3344948.681001
-4.67083,2,3345016.290332
-4.666442,2,3345084.840976
-4.668985,2,3345153.952167
-4.666257,2,3345222.411417
-4.670971,2,3345294.676314
-4.670339,2,3345362.348995
-4.667043,2,3345429.942003
-4.670704,2,3345499.939122
-4.671125,2,3345570.704511
-4.672088,2,3345637.084816
-4.669669,2,3345709.272989
-4.669567,2,3345782.695532
-4.671155,2,3345852.613181
-4.670503,2,3345924.907031
-4.671373,2,3345997.667521
-4.669166,2,3346070.45375
-4.670332,2,3346145.137153
-4.671237,2,3346216.091608
-4.670057,2,3346287.005667
-4.668904,2,3346360.56689
-4.667068,2,3346428.889413
-4.670216,2,3346504.267258
-4.670934,2,3346576.090381
-4.671066,2,3346647.231625
-4.666213,2,3346716.262597
-4.670153,2,3346786.969213
-4.6695,2,3346858.179481
-4.670378,2,3346928.447597
-4.669475,2,3346997.375244
-4.671153,2,3347069.571414
-4.671286,2,3347142.114272
-4.670792,2,3347209.259322
-4.666508,2,3347277.643821
-4.667075,2,3347348.730222
-4.669891,2,3347414.515671
-4.664044,2,3347481.137328
-4.839379,2,3347546.81356
-4.670665,2,3347614.642965
-4.670868,2,3347683.685971
-4.670344,2,3347754.83259
-4.671049,2,3347825.227092
-4.670404,2,3347894.128389
-4.670725,2,3347962.817398
-4.667078,2,3348027.237558
-4.668811,2,3348093.849762
-4.669498,2,3348160.864818
-4.670757,2,3348228.409145
-4.670081,2,3348293.356899
-4.670638,2,3348358.954184
-4.67092,2,3348423.056918
-4.671177,2,3348488.555225
-4.670592,2,3348554.703552
-4.669467,2,3348620.306345
-4.672397,2,3348687.939495
-4.669965,2,3348753.34627
-4.669955,2,3348819.31073
-4.669946,2,3348884.875876
-4.669538,2,3348951.558126
-4.670923,2,3349017.460327
-4.671133,2,3349083.262324
-4.670464,2,3349148.598283
-4.669835,2,3349214.900802
-4.667447,2,3349280.919818
-4.671012,2,3349345.813601
-4.670052,2,3349411.025425
-4.670857,2,3349477.272832
-4.670523,2,3349542.551045
-4.670162,2,3349607.854179
-4.670788,2,3349672.715478
-4.671185,2,3349738.450533
-4.671084,2,3349804.869148
-4.671613,2,3349868.225848
-4.663575,2,3349932.96872
-4.665819,2,3349999.569583
-4.670854,2,3350067.328935
-4.672347,2,3350133.241495
-4.668492,2,3350199.635701
-4.6684,2,3350266.256047
-4.670897,2,3350335.709389
-4.671154,2,3350402.857655
-4.670684,2,3350469.973579
-4.66988,2,3350538.123039
-4.667266,2,3350606.669263
-4.668437,2,3350672.884555
-4.671204,2,3350742.932484
-4.66588,2,3350810.125825
-4.670369,2,3350877.679307
-4.670715,2,3350944.220946
-4.670798,2,3351012.971398
-4.66866,2,3351077.916421
-4.664455,2,3351147.706416
-4.669526,2,3351216.385615
-4.66938,2,3351283.42268
-4.666973,2,3351350.723843
-4.671108,2,3351418.183476
-4.670617,2,3351485.498416
-4.670021,2,3351553.110815
-4.671606,2,3351619.088616
-4.668854,2,3351689.511296
-4.67129,2,3351756.85236
-4.666223,2,3351822.397197
-4.667453,2,3351893.117535
-4.670669,2,3351960.229421
-4.671264,2,3352025.24483
-4.670341,2,3352095.860158
-4.670182,2,3352163.554714
-4.66995,2,3352229.451216
-4.670594,2,3352298.118719
-4.669058,2,3352363.095522
-4.67096,2,3352427.749938
-4.670553,2,3352494.592905
-4.662614,2,3352558.577159
-4.667203,2,3352624.166727
-4.669699,2,3352689.670695
-4.67125,2,3352753.907501
-4.670294,2,3352820.594516
-4.666953,2,3352886.416682
-4.669698,2,3352951.922847
-4.668992,2,3353017.531631
-4.669562,2,3353082.617179
-4.670546,2,3353148.991163
-4.672196,2,3353214.352701
-4.668811,2,3353279.240489
-4.669084,2,3353346.423054
-4.670342,2,3353411.740253
-4.670546,2,3353476.443456
-4.669996,2,3353544.668514
-4.667063,2,3353609.808421
-4.670823,2,3353674.348686
-4.670735,2,3353740.840457
-4.671301,2,3353806.26855
-4.670361,2,3353873.654947
-4.671171,2,3353938.197565
-4.670741,2,3354003.817196
-4.67056,2,3354069.687391
-4.670946,2,3354136.81404
-4.670858,2,3354201.575524
-4.668777,2,3354267.326975
-4.670551,2,3354332.319937
-4.670398,2,3354398.196825
-4.671147,2,3354463.0979
-4.666156,2,3354529.186913
-4.671075,2,3354595.291111
-4.671204,2,3354661.715712
-4.670372,2,3354727.879861
-4.670801,2,3354791.8919
-4.666293,2,3354857.887572
-4.670342,2,3354921.517319
-4.669592,2,3354990.63466
-4.666931,2,3355057.867502
-4.671273,2,3355121.799675
-4.670661,2,3355188.883666
-4.669756,2,3355254.700448
-4.670754,2,3355320.200145
-4.670529,2,3355386.106262
-4.671086,2,3355451.976323
-4.672623,2,3355518.320081
-4.671989,2,3355583.467444
-4.67123,2,3355649.337299
-4.666165,2,3355717.33314
-4.671568,2,3355780.337676
-4.67019,2,3355848.597803
-4.663917,2,3355914.530227
-4.670384,2,3355979.949875
-4.670806,2,3356046.77215
-4.669937,2,3356110.550308
-4.664745,2,3356177.771965
-4.666178,2,3356244.583442
-4.671374,2,3356309.847902
-4.670103,2,3356374.813225
-4.672292,2,3356440.4364
-4.671346,2,3356506.659591
-4.670592,2,3356572.047544
-4.665919,2,3356637.749876
-4.670533,2,3356705.930325
-4.670789,2,3356771.660834
-4.67116,2,3356835.93822
-4.670763,2,3356903.125474
-4.672533,2,3356977.709412
-4.666847,2,3357060.484876
-4.669533,2,3357142.08915
-4.670557,2,3357221.413768
-4.670396,2,3357301.340296
-4.670629,2,3357381.29911
-4.671106,2,3357458.898716
-4.670366,2,3357542.487326
-4.670602,2,3357623.895236
-4.672247,2,3357703.923082
-4.670999,2,3357780.327587
-4.670587,2,3357860.672752
-4.670643,2,3357943.234471
-4.671105,2,3358020.927051
-4.670301,2,3358098.379549
-4.667057,2,3358178.597203
-4.666337,2,3358255.921295
-4.66606,2,3358336.411554
-4.670969,2,3358419.759925
-4.671461,2,3358503.167407
-4.670468,2,3358588.339868
-4.669579,2,3358668.458703
-4.666012,2,3358748.846672
-4.672112,2,3358827.578553
-4.668476,2,3358908.277464
-4.669131,2,3358989.610757
-4.67062,2,3359069.210561
-4.669504,2,3359150.075532
-4.672369,2,3359232.974771
-4.669739,2,3359310.79963
-4.670375,2,3359393.353645
-4.670386,2,3359476.390074
-4.670539,2,3359560.968647
-4.666074,2,3359639.834163
-4.670948,2,3359719.207356
-4.665397,2,3359801.327931
-4.671522,2,3359883.461761
-4.671067,2,3359965.805775
-4.668584,2,3360045.369305
-4.670622,2,3360126.3765
-4.66773,2,3360206.474584
-4.66621,2,3360292.688919
-4.670031,2,3360372.916573
-4.669211,2,3360449.652168
-4.672112,2,3360530.087135
-4.67115,2,3360609.276499
-4.6659,2,3360692.711612
-4.668991,2,3360771.860794
-4.670712,2,3360851.735905
-4.669288,2,3360937.288549
-4.670899,2,3361014.70535
-4.671366,2,3361086.752275
-4.670503,2,3361157.593438
-4.670925,2,3361223.353842
-4.670222,2,3361290.553966
-4.670442,2,3361357.230375
-4.670988,2,3361423.394011
-4.670426,2,3361487.003046
-4.671595,2,3361548.752126
-4.670671,2,3361613.034452
-4.671382,2,3361673.832661
-4.671065,2,3361736.249653
-4.669505,2,3361799.115959
-4.670457,2,3361859.810777
-4.670706,2,3361918.831891
-4.668562,2,3361981.730687
-4.668609,2,3362045.35303
-4.671347,2,3362109.002624
-4.668593,2,3362171.573559
-4.669727,2,3362236.866423
-4.670927,2,3362296.068353
-4.670641,2,3362355.404773
-4.670881,2,3362418.639125
-4.672262,2,3362482.7563
-4.838944,2,3362545.351282
-4.669405,2,3362608.915522
-4.670722,2,3362671.372182
-4.670283,2,3362735.11258
-4.670543,2,3362799.742814
-4.6699,2,3362865.72854
-4.671925,2,3362931.200512
-4.670575,2,3362994.403899
-4.668676,2,3363056.24509
-4.670632,2,3363120.709466
-4.671047,2,3363184.812401
-4.66946,2,3363249.394384
-4.671374,2,3363314.658449
-4.669741,2,3363377.413576
-4.67094,2,3363441.436006
-4.670325,2,3363505.118891
-4.67082,2,3363568.428426
-4.665977,2,3363632.87981
-4.67049,2,3363697.580462
-4.671034,2,3363761.902956
-4.670279,2,3363825.360037
-4.668744,2,3363891.171329
-4.670301,2,3363958.107568
-4.671173,2,3364024.654063
-4.672059,2,3364089.843006
-4.670721,2,3364154.824362
-4.666956,2,3364220.077809
-4.670817,2,3364285.519448
-4.669803,2,3364354.3364
-4.671096,2,3364423.700386
-4.670197,2,3364491.674269
-4.667187,2,3364562.531291
-4.665013,2,3364630.926317
-4.671316,2,3364701.294106
-4.664749,2,3364771.703251
-4.669701,2,3364841.791961
-4.668976,2,3364910.796533
-4.671329,2,3364978.309289
-4.668335,2,3365046.847568
-4.668386,2,3365118.857374
-4.669945,2,3365189.154288
-4.667316,2,3365259.698541
-4.670641,2,3365330.124214
-4.668655,2,3365404.077098
-4.670089,2,3365473.982275
-4.670591,2,3365542.297296
-4.667105,2,3365610.653936
-4.670211,2,3365679.774778
-4.670761,2,3365748.86239
-4.671421,2,3365817.667623
-4.670656,2,3365887.230708
-4.66999,2,3365956.143023
-4.670567,2,3366026.654608
-4.676194,2,3366095.214192
-4.6708,2,3366162.335265
-4.66821,2,3366230.419003
-4.670395,2,3366297.54954
-4.671723,2,3366364.959354
-4.668704,2,3366435.568712
-4.670907,2,3366504.545431
-4.666936,2,3366576.062068
-4.669532,2,3366646.643601
-4.670709,2,3366716.758518
-4.67045,2,3366784.33034
-4.670504,2,3366851.548725
-4.670337,2,3366921.057377
-4.671094,2,3366988.736888
-4.67068,2,3367056.937506
-4.670784,2,3367121.475831
-4.670954,2,3367185.107663
-4.671013,2,3367253.977941
-4.671557,2,3367324.938851
-4.672413,2,3367392.19864
-4.700562,2,3367463.707769
-4.670903,2,3367533.96645
-4.670342,2,3367605.172861
-4.670066,2,3367674.335683
-4.668194,2,3367742.686969
-4.667176,2,3367813.640475
-4.670718,2,3367885.218609
-4.670854,2,3367954.896649
-4.671429,2,3368021.112849
-4.671254,2,3368088.365316
-4.670744,2,3368158.509584
-4.664627,2,3368228.033259
-4.666979,2,3368295.444615
-4.670674,2,3368365.811178
-4.671469,2,3368434.366165
-4.671075,2,3368503.233855
-4.670121,2,3368573.466825
-4.669895,2,3368642.091816
-4.670158,2,3368712.550643
-4.670413,2,3368781.605468
-4.668808,2,3368850.469649
-4.670061,2,3368916.810136
-4.670949,2,3368982.962679
-4.670379,2,3369052.200433
-4.670933,2,3369120.738859
-4.669995,2,3369188.962004
-4.669825,2,3369256.11128
-4.668574,2,3369326.394708
-4.665428,2,3369394.701331
-4.672112,2,3369461.038702
-4.670197,2,3369528.440232
-4.669853,2,3369597.167479
-4.670182,2,3369667.70603
-4.670415,2,3369735.970732
-4.665983,2,3369806.221768
-4.670869,2,3369876.359108
-4.672256,2,3369943.185888
-4.670566,2,3370010.126076
-4.671276,2,3370077.864265
-4.672498,2,3370146.912124
-4.670786,2,3370215.71443
-4.669484,2,3370283.86517
-4.672616,2,3370351.33802
-4.672036,2,3370420.937554
-4.670763,2,3370491.934123
-4.66686,2,3370560.017483
-4.666006,2,3370630.294485
-4.669108,2,3370701.352939
-4.664499,2,3370769.875722
-4.671518,2,3370839.703375
-4.672131,2,3370910.683026
-4.670223,2,3370976.234878
-4.671065,2,3371044.228372
-4.671403,2,3371111.110218
-4.671502,2,3371180.143277
-4.670024,2,3371248.609995
-4.670275,2,3371318.341446
-4.667657,2,3371383.210868
-4.670908,2,3371453.292861
-4.666261,2,3371523.061485
-4.664142,2,3371589.238424
-4.670205,2,3371656.700429
-4.670595,2,3371724.4767
-4.669171,2,3371789.95294
-4.670717,2,3371858.889698
-4.671095,2,3371926.516999
-4.66995,2,3371996.757295
-4.671215,2,3372063.575917
-4.669098,2,3372131.594187
-4.670288,2,3372201.795132
-4.666317,2,3372271.450985
-4.669844,2,3372339.228655
-4.670585,2,3372410.118588
-4.670647,2,3372476.530216
-4.670647,2,3372544.202101
-4.668255,2,3372613.802869
-4.670692,2,3372682.469182
-4.669824,2,3372750.693912
-4.669565,2,3372818.337428
-4.671447,2,3372886.321905
-4.670531,2,3372949.464843
-4.670847,2,3373013.881645
-4.672179,2,3373079.328889
-4.670402,2,3373148.60637
-4.66585,2,3373216.65355
-4.669581,2,3373285.730345
-4.671388,2,3373354.441861
-4.668211,2,3373426.739645
-4.670568,2,3373494.485643
-4.670823,2,3373565.70453
-4.670673,2,3373633.218553
-4.670517,2,3373703.117059
-4.67083,2,3373773.36324
-4.669933,2,3373842.154434
-4.670751,2,3373913.530309
-4.670617,2,3373983.755857
-4.670277,2,3374050.863477
-4.675269,2,3374117.852404
-4.67075,2,3374184.612447
-4.672489,2,3374251.530253
-4.667644,2,3374319.147372
-4.670737,2,3374387.204604
-4.671351,2,3374454.11806
-4.671312,2,3374523.072213
-4.668269,2,3374595.061284
-4.668885,2,3374664.047096
-4.670415,2,3374732.535226
-4.671438,2,3374802.595927
-4.670516,2,3374871.334954
-4.669003,2,3374940.717432
-4.670407,2,3375007.381456
-4.663389,2,3375074.234309
-4.665585,2,3375142.754943
-4.670236,2,3375210.640096
-4.669181,2,3375279.828485
-4.670259,2,3375349.182386
-4.666196,2,3375416.023441
-4.670858,2,3375483.056199
-4.670853,2,3375548.407626
-4.669862,2,3375613.633835
-4.672124,2,3375675.597865
-5.074623,2,3375738.487107
-4.669027,2,3375802.818075
-4.670894,2,3375864.575637
-4.671218,2,3375927.328013
-4.672025,2,3375991.334316
-4.670713,2,3376053.299239
-4.670694,2,3376117.934208
-4.670499,2,3376179.752625
-4.703203,2,3376242.499586
-4.670649,2,3376306.043044
-4.66951,2,3376369.709132
-4.66969,2,3376432.669412
-4.668888,2,3376496.631346
-4.670591,2,3376562.50524
-4.671171,2,3376625.893868
-4.671399,2,3376688.502252
-4.670023,2,3376752.58395
-4.67087,2,3376815.568655
-4.664608,2,3376879.443665
-4.670677,2,3376942.695346
-4.671015,2,3377005.502206
-4.670562,2,3377068.830837
-4.669861,2,3377130.756364
-4.665295,2,3377194.459538
-4.668241,2,3377257.240665
-4.670104,2,3377320.041403
-4.669597,2,3377380.858133
-4.66505,2,3377443.40776
-4.671212,2,3377510.830068
-4.666942,2,3377573.878688
-4.669179,2,3377636.626097
-4.671457,2,3377703.153788
-4.67119,2,3377768.211866
-4.670637,2,3377833.490268
-4.670213,2,3377899.290524
-4.670331,2,3377964.304453
-4.670815,2,3378027.4118
-4.670282,2,3378093.974036
-4.67171,2,3378158.52935
-4.666318,2,3378222.369865
-4.670626,2,3378288.650348
-4.672422,2,3378353.910808
-4.670372,2,3378420.166241
-4.670312,2,3378484.577096
-4.670727,2,3378549.145321
-4.669915,2,3378614.810657
-4.669645,2,3378677.955831
-4.669036,2,3378744.448543
-4.673436,2,3378808.488905
-4.66853,2,3378873.360951
-4.669741,2,3378938.047968
-4.667745,2,3379003.258032
-4.668949,2,3379067.828964
-4.671224,2,3379133.478372
-4.668487,2,3379198.714148
-4.670599,2,3379264.262788
-4.666297,2,3379327.901503
-4.669715,2,3379393.415321
-4.670052,2,3379457.803632
-4.672393,2,3379520.326091
-4.66925,2,3379582.788051
-4.66771,2,3379643.433868
-4.669647,2,3379706.850031
-4.668373,2,3379770.855067
-4.665858,2,3379834.937336
-4.66773,2,3379898.964323
-4.670908,2,3379961.343115
-4.670317,2,3380026.237485
-4.669827,2,3380089.523866
-4.67066,2,3380152.403499
-4.671037,2,3380217.248271
-4.671236,2,3380278.56679
-4.670867,2,3380344.862635
-4.670604,2,3380407.969198
-4.670676,2,3380470.541343
-4.669129,2,3380535.713716
-4.671009,2,3380598.052777
-4.670642,2,3380660.98671
-4.670549,2,3380724.35144
-4.678359,2,3380788.756538
-4.668825,2,3380852.573487
-4.669037,2,3380919.785921
-4.670462,2,3380982.581773
-4.670489,2,3381046.585768
-4.666198,2,3381110.498619
-4.668596,2,3381173.548273
-4.670695,2,3381238.26478
-4.667769,2,3381300.998086
-4.671345,2,3381364.371115
-4.671127,2,3381428.600477
-4.66851,2,3381491.92952
-4.66627,2,3381553.793253
-4.670453,2,3381618.599891
-4.67077,2,3381682.275523
-4.668833,2,3381743.576278
-4.668598,2,3381808.632841
-4.669988,2,3381872.92365
-4.670777,2,3381938.085447
-4.667778,2,3382001.256483
-4.669527,2,3382065.615888
-4.673131,2,3382130.003735
-4.670915,2,3382193.584834
-4.667826,2,3382255.919298
-4.669326,2,3382320.990021
-4.671231,2,3382382.927686
-4.672518,2,3382449.199889
-4.671127,2,3382514.009065
-4.670335,2,3382576.931215
-4.670262,2,3382640.751542
-4.671385,2,3382704.967691
-4.670485,2,3382767.622138
-4.669926,2,3382830.024032
-4.670706,2,3382895.157264
-4.670853,2,3382959.465883
-4.672331,2,3383021.760039
-4.668573,2,3383086.382909
-4.666618,2,3383150.491521
-4.665302,2,3383214.622782
-4.667802,2,3383277.294011
-4.670938,2,3383341.343286
-4.671302,2,3383404.471244
-4.670774,2,3383466.407197
-4.670081,2,3383530.179222
-4.666854,2,3383594.230396
-4.670825,2,3383656.079846
-4.670752,2,3383719.677775
-4.670095,2,3383785.442031
-4.670879,2,3383846.926652
-4.669488,2,3383913.308805
-4.666277,2,3383975.04199
-4.670282,2,3384036.947461
-4.668852,2,3384118.839481
-4.670215,2,3384197.177653
-4.671878,2,3384272.758675
-4.66996,2,3384351.99644
-4.670871,2,3384429.227407
-4.670637,2,3384508.242306
-4.670468,2,3384585.215781
-4.664783,2,3384662.839626
-4.666619,2,3384740.965504
-4.66999,2,3384818.585491
-4.67023,2,3384894.229082
-4.670687,2,3384972.040427
-4.667485,2,3385049.656893
-4.670206,2,3385127.096672
-4.670837,2,3385207.301868
-4.671119,2,3385285.107924
-4.670457,2,3385362.140785
-4.67126,2,3385442.62054
-4.670561,2,3385518.369786
-4.670591,2,3385599.202675
-4.669933,2,3385677.221424
-4.670625,2,3385757.190882
-4.674755,2,3385834.402984
-4.670258,2,3385914.491551
-4.670745,2,3385990.838922
-4.670439,2,3386067.760459
-4.670618,2,3386147.664047
-4.672203,2,3386223.624841
-4.668732,2,3386304.263258
-4.669597,2,3386382.197497
-4.671305,2,3386460.056394
-4.668555,2,3386546.381978
-4.667471,2,3386624.230737
-4.671055,2,3386697.912418
-4.671005,2,3386774.620444
-4.668683,2,3386853.394854
-4.67067,2,3386931.401795
-4.670443,2,3387004.263583
-4.6699,2,3387084.161067
-4.669053,2,3387164.976915
-4.669171,2,3387239.703966
-4.670486,2,3387321.255589
-4.670186,2,3387401.856229
-4.666797,2,3387480.517437
-4.669819,2,3387561.283775
-4.670116,2,3387641.334366
-4.6702,2,3387718.895809
-4.670888,2,3387802.355993
-4.670903,2,3387878.465217
-4.670336,2,3387954.250525
-4.669303,2,3388033.01128
-4.670217,2,3388111.147502
-4.669898,2,3388194.988095
-4.666859,2,3388280.15999
-4.670967,2,3388361.6778
-4.67083,2,3388433.282345
-4.670624,2,3388501.214512
-4.672266,2,3388566.371338
-4.668884,2,3388630.988949
-4.670595,2,3388696.701449
-4.670868,2,3388761.277121
-4.669646,2,3388825.520046
-4.671283,2,3388890.759856
-4.670253,2,3388953.428328
-4.670982,2,3389015.857009
-4.668931,2,3389077.727809
-4.669832,2,3389138.162669
-4.666047,2,3389197.595787
-4.670348,2,3389259.314516
-4.670229,2,3389322.138354
-4.670654,2,3389382.40963
-4.670412,2,3389444.779052
-4.670888,2,3389507.704033
-4.670946,2,3389571.17347
-4.670357,2,3389634.564547
-4.666189,2,3389697.258691
-4.670148,2,3389762.70487
-4.668925,2,3389824.772424
-4.667778,2,3389886.967445
-4.666337,2,3389950.550054
-4.667081,2,3390014.880516
-4.67151,2,3390080.271956
-4.670561,2,3390146.392916
-4.671431,2,3390217.569957
-4.67116,2,3390290.33062
-4.668743,2,3390361.276216
-4.670364,2,3390435.147728
-4.669627,2,3390508.515013
-4.667142,2,3390582.450573
-4.671372,2,3390656.060246
-4.668099,2,3390727.340532
-4.671166,2,3390802.150792
-4.669765,2,3390873.11057
-4.671064,2,3390945.568773
-4.670586,2,3391016.857904
-4.670942,2,3391086.435067
-4.671378,2,3391159.903685
-4.673115,2,3391239.71208
-4.670623,2,3391313.073409
-4.669959,2,3391385.423443
-4.670387,2,3391452.442125
-4.670035,2,3391523.925201
-4.67152,2,3391591.974362
-4.665491,2,3391666.762957
-4.669065,2,3391738.210029
-4.670709,2,3391808.766347
-4.671269,2,3391881.338407
-4.66901,2,3391951.890018
-4.670128,2,3392021.278595
-4.670398,2,3392093.72408
-4.668848,2,3392164.147482
-4.671477,2,3392237.085098
-4.668192,2,3392308.808846
-4.664431,2,3392380.431574
-4.667779,2,3392450.50325
-4.666222,2,3392522.273848
-4.661872,2,3392592.671026
-4.670591,2,3392663.807703
-4.670901,2,3392733.303398
-4.670483,2,3392802.578317
-4.667734,2,3392872.726537
-4.672405,2,3392945.372234
-4.66646,2,3393017.877196
-4.670867,2,3393088.553805
-4.670945,2,3393156.180197
-4.669989,2,3393224.256209
-4.670338,2,3393292.393384
-4.671204,2,3393363.408372
-4.666864,2,3393427.748712
-4.668505,2,3393490.952737
-4.67071,2,3393555.275505
-4.666677,2,3393618.097601
-4.664885,2,3393683.533969
-4.671126,2,3393746.376303
-4.666153,2,3393810.985497
-4.671141,2,3393874.185134
-4.670404,2,3393936.681858
-4.669836,2,3393999.976131
-4.666225,2,3394065.546966
-4.670228,2,3394129.929432
-4.670238,2,3394194.171783
-4.670277,2,3394258.786695
-4.670565,2,3394324.312553
-4.671238,2,3394388.342516
-4.672486,2,3394454.929791
-4.671317,2,3394518.462745
-4.666292,2,3394583.976778
-4.668307,2,3394649.882067
-4.667641,2,3394712.50712
-4.666223,2,3394776.030043
-4.671994,2,3394840.409286
-4.671173,2,3394905.603864
-4.671629,2,3394968.786674
-4.668603,2,3395031.434591
-4.671409,2,3395093.690924
-4.670415,2,3395158.088436
-4.668967,2,3395222.291772
-4.67111,2,3395286.443786
-4.670455,2,3395348.320091
-4.663386,2,3395413.245314
-4.671221,2,3395476.068034
-4.671016,2,3395539.246689
-4.674278,2,3395602.695999
-4.668284,2,3395665.709307
-4.669072,2,3395730.053472
-4.670602,2,3395795.399606
-4.671012,2,3395857.937238
-4.670385,2,3395921.421694
-4.671045,2,3395984.026161
-4.66898,2,3396047.19246
-4.671255,2,3396111.534702
-4.669966,2,3396175.179456
-4.666379,2,3396241.591554
-4.671354,2,3396303.673566
-4.672269,2,3396367.052643
-4.671063,2,3396430.791687
-4.671104,2,3396494.116292
-4.66683,2,3396556.763829
-4.671292,2,3396620.419129
-4.671975,2,3396683.143304
-4.670909,2,3396744.538617
-4.670147,2,3396809.119565
-4.670922,2,3396872.652168
-4.671997,2,3396936.005802
-4.670376,2,3397001.469251
-4.670661,2,3397063.298007
-4.670974,2,3397126.98898
-4.671157,2,3397191.899615
-4.671171,2,3397254.577796
-4.670105,2,3397320.505046
-4.67017,2,3397385.547315
-4.670293,2,3397448.87516
-4.669956,2,3397512.671971
-4.669483,2,3397577.262862
-4.670655,2,3397640.391999
-4.671115,2,3397704.968226
-4.670698,2,3397768.167967
-4.670722,2,3397834.495459
-4.671046,2,3397899.234366
-4.670704,2,3397962.895274
-4.670708,2,3398024.662429
-4.670513,2,3398088.693856
-4.670799,2,3398151.778385
-4.665983,2,3398214.905165
-4.665909,2,3398279.614513
-4.671851,2,3398342.059
-4.671427,2,3398406.446594
-4.667316,2,3398468.452062
-4.668768,2,3398531.142651
-4.670978,2,3398596.377574
-4.670423,2,3398658.134954
-4.670749,2,3398721.989824
-4.666056,2,3398783.743633
-4.66642,2,3398847.630404
-4.671222,2,3398910.417288
-4.670543,2,3398974.183992
-4.671562,2,3399038.083733
-4.670807,2,3399101.899046
-4.67152,2,3399162.274465
-4.664431,2,3399226.8735
-4.663648,2,3399290.091225
-4.664197,2,3399354.392738
-4.671152,2,3399416.925508
-4.670713,2,3399480.556792
-4.670639,2,3399544.036409
-4.670964,2,3399608.432197
-4.666996,2,3399669.838072
-4.671329,2,3399732.792197
-4.666143,2,3399795.239615
-4.670193,2,3399857.509388
-4.666135,2,3399921.313301
-4.671564,2,3399983.365932
-4.671143,2,3400046.188498
-4.670347,2,3400109.325242
-4.666045,2,3400172.733503
-4.663144,2,3400236.620007
-4.668893,2,3400299.286244
-4.670105,2,3400362.621953
-4.663577,2,3400426.005776
-4.669256,2,3400489.292947
-4.671243,2,3400554.171632
-4.674231,2,3400615.913643
-4.670082,2,3400685.924587
-4.670385,2,3400760.721245
-4.671299,2,3400837.486944
-4.666675,2,3400910.183082
-4.671283,2,3400983.237797
-4.668618,2,3401056.820453
-4.666026,2,3401132.008402
-4.670844,2,3401207.739695
-4.666952,2,3401282.680248
-4.665345,2,3401359.29446
-4.670414,2,3401434.763109
-4.666969,2,3401513.376873
-4.669976,2,3401591.575701
-4.669099,2,3401663.746106
-4.67084,2,3401742.183006
-4.669875,2,3401817.348121
-4.670819,2,3401892.268914
-4.670653,2,3401970.18579
-4.670482,2,3402050.185896
-4.672189,2,3402125.36468
-4.671457,2,3402198.643032
-4.665794,2,3402271.727267
-4.668088,2,3402344.685912
-4.670643,2,3402418.342928
-4.669353,2,3402494.578897
-4.671271,2,3402569.937747
-4.670704,2,3402644.50529
-4.66922,2,3402719.701847
-4.666409,2,3402795.065634
-4.669982,2,3402872.864988
-4.670362,2,3402945.003481
-4.66737,2,3403010.620379
-4.670875,2,3403074.766498
-4.671037,2,3403140.061831
-4.670379,2,3403202.953666
-4.671361,2,3403264.364566
-4.671464,2,3403326.431673
-4.670973,2,3403388.357662
-4.67102,2,3403449.275695
-4.668302,2,3403510.022134
-4.666568,2,3403572.79207
-4.66924,2,3403636.624541
-4.670223,2,3403701.777252
-4.669229,2,3403774.378273
-4.670578,2,3403850.188873
-4.672359,2,3403924.561672
-4.666177,2,3404003.031168
-4.670428,2,3404079.434849
-4.666225,2,3404156.043188
-4.672065,2,3404231.251725
-4.665852,2,3404301.457021
-4.670117,2,3404374.511298
-4.665696,2,3404450.082882
-4.670808,2,3404523.446872
-4.666967,2,3404597.773304
-4.666508,2,3404674.074409
-4.671498,2,3404747.958871
-4.670687,2,3404820.769407
-4.669655,2,3404894.278603
-4.670889,2,3404964.545222
-4.670252,2,3405029.73698
-4.666046,2,3405095.231199
-4.671399,2,3405156.207133
-4.670905,2,3405221.111654
-4.669545,2,3405283.494496
-4.671227,2,3405347.98174
-4.666305,2,3405412.464307
-4.671936,2,3405477.527304
-4.666222,2,3405544.545515
-4.668121,2,3405607.261447
-4.670741,2,3405670.531291
-4.670525,2,3405732.98591
-4.671223,2,3405797.082943
-4.671139,2,3405861.280577
-4.670872,2,3405924.091489
-4.665974,2,3405989.728257
-4.668576,2,3406052.730803
-4.669049,2,3406116.823404
-4.668461,2,3406180.869349
-4.66711,2,3406243.666218
-4.666179,2,3406305.182855
-4.666758,2,3406369.376876
-4.670743,2,3406431.847923
-4.666328,2,3406493.690614
-4.667208,2,3406558.696153
-4.671117,2,3406618.955858
-4.669736,2,3406682.819748
-4.670759,2,3406745.146514
-4.668639,2,3406806.968636
-4.670288,2,3406870.590762
-4.666564,2,3406933.990187
-4.670143,2,3406996.965803
-4.670492,2,3407061.301155
-4.671307,2,3407124.091486
-4.673194,2,3407185.697596
-4.673102,2,3407248.455734
-4.67033,2,3407312.925322
-4.666052,2,3407376.675203
-4.666032,2,3407440.75813
-4.671481,2,3407503.919305
-4.67082,2,3407566.555478
-4.704893,2,3407631.242315
-4.666982,2,3407694.583047
-4.670642,2,3407755.887897
-4.66994,2,3407818.462848
-4.670384,2,3407884.006428
-4.667589,2,3407948.752974
-4.669075,2,3408012.125959
-4.671133,2,3408074.833863
-4.671209,2,3408138.408669
-4.669816,2,3408202.994126
-4.666,2,3408265.780524
-4.672534,2,3408327.036229
-4.666993,2,3408391.011106
-4.67001,2,3408452.993709
-4.86704,2,3408516.648649
-4.670298,2,3408577.280807
-4.671301,2,3408640.483839
-4.671195,2,3408702.556106
-4.666158,2,3408766.285113
-4.67082,2,3408829.23175
-4.67137,2,3408891.701527
-4.671062,2,3408955.597515
-4.670725,2,3409018.73076
-4.671199,2,3409084.14679
-4.670637,2,3409146.867526
-4.670643,2,3409209.313289
-4.674178,2,3409273.405638
-4.665667,2,3409337.526719
-4.670727,2,3409397.275904
-4.670493,2,3409461.997345
-4.670573,2,3409524.346359
-4.670722,2,3409586.201338
-4.669715,2,3409648.315766
-4.666046,2,3409710.399131
-4.67105,2,3409772.381054
-4.668595,2,3409835.49264
-4.667209,2,3409899.743231
-4.667121,2,3409961.88936
-4.67163,2,3410027.532909
-4.670501,2,3410089.441488
-4.664966,2,3410160.836137
-4.670278,2,3410234.985619
-4.665935,2,3410311.775372
-4.67071,2,3410391.54524
-4.671084,2,3410467.594997
-4.667434,2,3410544.199369
-4.668875,2,3410620.019903
-4.670344,2,3410697.932509
-4.671344,2,3410776.023636
-4.673739,2,3410851.535037
-4.740076,2,3410930.984015
-4.670105,2,3411005.069372
-4.669556,2,3411082.710106
-4.670744,2,3411160.553598
-4.671127,2,3411247.218547
-4.67028,2,3411332.920215
-4.670398,2,3411414.047477
-4.666243,2,3411493.411585
-4.665432,2,3411573.440956
-4.6648,2,3411654.46158
-4.671046,2,3411735.249205
-4.667043,2,3411814.951877
-4.666121,2,3411893.938563
-4.66822,2,3411976.793936
-4.670868,2,3412049.802647
-4.671379,2,3412121.455683
-4.666106,2,3412191.03705
-4.665202,2,3412261.106279
-4.666018,2,3412330.318673
-4.671117,2,3412397.275807
-4.670331,2,3412463.710118
-4.669551,2,3412532.898001
-4.670212,2,3412601.52642
-4.670619,2,3412672.328476
-4.670858,2,3412742.153266
-4.670592,2,3412812.093431
-4.667033,2,3412880.658477
-4.667411,2,3412950.788385
-4.670105,2,3413018.438191
-4.6709,2,3413088.875786
-4.6697,2,3413159.670459
-4.672314,2,3413228.932064
-4.67062,2,3413299.297162
-4.671091,2,3413368.010744
-4.671218,2,3413438.679754
-4.670674,2,3413507.207303
-4.670062,2,3413578.405714
-4.668103,2,3413646.414421
-4.669238,2,3413716.18524
-4.670639,2,3413787.128371
-4.670704,2,3413854.329894
-4.671364,2,3413922.817384
-4.671048,2,3413992.266696
-4.670533,2,3414060.007163
-4.666072,2,3414132.067198
-4.66915,2,3414203.459764
-4.670848,2,3414271.34172
-4.668727,2,3414340.068601
-4.66753,2,3414408.933393
-4.670949,2,3414479.335808
-4.66966,2,3414548.427613
-4.670922,2,3414618.805973
-4.669961,2,3414686.530313
-4.670632,2,3414755.864858
-4.666689,2,3414824.456579
-4.67363,2,3414893.635799
-4.672141,2,3414960.293412
-4.672017,2,3415031.793439
-4.670957,2,3415101.204862
-4.670662,2,3415171.763914
-4.670451,2,3415241.6844
-4.670337,2,3415311.988661
-4.669911,2,3415381.403369
-4.666953,2,3415453.176084
-4.669573,2,3415523.63159
-4.667018,2,3415593.678422
-4.669661,2,3415663.902639
-4.670593,2,3415734.368868
-4.666026,2,3415803.841167
-4.665219,2,3415874.565813
-4.667272,2,3415943.491637
-4.666914,2,3416016.875294
-4.670021,2,3416090.692599
-4.666425,2,3416161.398313
-4.671214,2,3416235.11527
-4.669736,2,3416306.570045
-4.673361,2,3416374.807557
-4.670575,2,3416444.829776
-4.671283,2,3416516.260095
-4.670152,2,3416586.888458
-4.670234,2,3416659.194018
-4.669861,2,3416730.604789
-4.672551,2,3416803.699751
-4.672551,2,3416876.254046
-4.666942,2,3416950.278476
-4.671258,2,3417025.599005
-4.670954,2,3417095.176211
-4.670253,2,3417170.815985
-4.670492,2,3417244.894017
-4.666231,2,3417319.324373
-4.669975,2,3417391.894058
-4.668302,2,3417465.188873
-4.671153,2,3417536.758514
-4.670726,2,3417607.504402
-4.670592,2,3417676.94575
-4.665399,2,3417747.359029
-4.669899,2,3417817.192995
-4.66749,2,3417889.062717
-4.671177,2,3417960.633188
-4.671126,2,3418030.063183
-4.670602,2,3418101.478718
-4.668262,2,3418172.570127
-4.671484,2,3418246.699931
-4.671057,2,3418317.447314
-4.668146,2,3418395.281063
-4.665666,2,3418463.654186
-4.666664,2,3418533.888435
-4.671269,2,3418606.559958
-4.666158,2,3418680.025681
-4.664426,2,3418746.7007
-4.67082,2,3418820.043983
-4.668207,2,3418890.165765
-4.670914,2,3418960.994952
-4.670479,2,3419035.2995
-4.668178,2,3419105.453774
-4.672516,2,3419175.59991
-4.673595,2,3419247.833044
-4.670776,2,3419320.091527
-4.670404,2,3419390.428673
-4.667075,2,3419464.174993
-4.667338,2,3419534.229247
-4.702396,2,3419602.575996
-4.670331,2,3419677.456546
-4.667963,2,3419749.711576
-4.670965,2,3419818.204281
-4.670792,2,3419892.061006
-4.670292,2,3419963.067875
-4.667757,2,3420034.843716
-4.671929,2,3420106.233315
-4.670493,2,3420176.143308
-4.703058,2,3420248.661222
-4.66617,2,3420322.59306
-4.67085,2,3420393.664935
-4.671186,2,3420467.166186
-4.670385,2,3420538.095748
-4.663923,2,3420609.3194
-4.665967,2,3420680.24823
-4.665911,2,3420752.912584
-4.672255,2,3420827.32977
-4.670307,2,3420901.323708
-4.669625,2,3420973.066875
-4.670853,2,3421046.552886
-4.672095,2,3421119.320036
-4.66711,2,3421188.757838
-4.670452,2,3421257.477448
-4.666257,2,3421328.861564
-4.702749,2,3421404.055093
-4.671167,2,3421473.234257
-4.671103,2,3421546.477714
-4.673514,2,3421617.128882
-4.667127,2,3421692.479547
-4.703036,2,3421764.392779
-4.67197,2,3421836.189876
-4.670734,2,3421909.812973
-4.671926,2,3421979.156209
-4.67057,2,3422051.562417
-4.703308,2,3422119.929863
-4.66892,2,3422188.368572
-4.665972,2,3422257.281836
-4.667968,2,3422325.801918
-4.66667,2,3422396.477229
-4.670049,2,3422465.205538
-4.705785,2,3422539.259524
-4.666279,2,3422610.802032
-4.667254,2,3422682.917583
-4.664742,2,3422754.909591
-4.666283,2,3422825.561067
-4.671942,2,3422898.372773
-4.670017,2,3422968.816777
-4.670038,2,3423036.036347
-4.672057,2,3423106.000662
-4.670984,2,3423176.628533
-4.67145,2,3423247.389985
-4.672434,2,3423316.825449
-4.671214,2,3423391.00262
-4.668361,2,3423460.588485
-4.668228,2,3423530.387822
-4.669561,2,3423602.76322
-4.673748,2,3423677.232634
-4.666314,2,3423746.522521
-4.671285,2,3423822.158123
-4.670036,2,3423893.016014
-4.670604,2,3423964.756571
-4.70365,2,3424036.174374
-4.670906,2,3424106.857248
-4.667629,2,3424180.170363
-4.671007,2,3424253.247274
-4.665524,2,3424325.219491
-4.665985,2,3424399.100345
-4.671447,2,3424469.939414
-4.666998,2,3424541.132496
-4.670217,2,3424610.627964
-4.668608,2,3424684.467282
-4.670782,2,3424752.687333
-4.667023,2,3424823.817962
-4.665342,2,3424893.122787
-4.668977,2,3424965.284383
-4.665137,2,3425036.152195
-4.669904,2,3425106.663555
-4.670801,2,3425181.193189
-4.674506,2,3425251.753857
-4.665572,2,3425325.816952
-4.669099,2,3425395.604357
-4.668977,2,3425465.676211
-4.666757,2,3425540.528031
-4.671271,2,3425612.966273
-4.705326,2,3425683.296833
-4.666835,2,3425750.925662
-4.671381,2,3425821.926045
-4.670131,2,3425891.533906
-4.670532,2,3425965.838322
-4.666022,2,3426035.498314
-4.665908,2,3426108.981391
-4.664296,2,3426180.555892
-4.671176,2,3426251.993875
-4.66595,2,3426324.072586
-4.70183,2,3426395.791785
-4.668544,2,3426467.964714
-4.666027,2,3426537.410543
-4.666922,2,3426608.84298
-4.67097,2,3426679.31355
-4.706319,2,3426749.744049
-4.670591,2,3426820.192525
-4.667939,2,3426890.750135
-4.665976,2,3426964.573225
-4.66857,2,3427033.478703
-4.671348,2,3427105.894305
-4.672211,2,3427176.797017
-4.669937,2,3427246.96665
-4.664378,2,3427316.489509
-4.669837,2,3427390.217147
-4.666141,2,3427458.706397
-4.670894,2,3427529.433329
-4.667466,2,3427600.20596
-4.670141,2,3427671.701648
-4.667874,2,3427745.961801
-4.674414,2,3427815.598108
-4.675162,2,3427887.346093
-4.66589,2,3427960.688935
-4.669009,2,3428031.589876
-4.671279,2,3428102.924868
-4.671149,2,3428172.811002
-4.666869,2,3428247.083421
-4.67109,2,3428319.736781
-4.664431,2,3428392.99106
-4.665874,2,3428465.422836
-4.666147,2,3428535.64153
-4.66597,2,3428608.049464
-4.673721,2,3428676.17818
-4.670149,2,3428749.943553
-4.66796,2,3428822.772185
-4.671181,2,3428895.060616
-4.674181,2,3428967.25949
-4.666231,2,3429038.660739
-4.672201,2,3429111.221919
-4.668485,2,3429181.77381
-4.669115,2,3429254.435315
-4.672408,2,3429323.545397
-4.666101,2,3429395.650631
-4.669471,2,3429464.737799
-4.671754,2,3429536.983239
-4.671057,2,3429610.828097
-4.665882,2,3429683.781864
-4.667712,2,3429758.876595
-4.666076,2,3429830.659856
-4.670285,2,3429904.776075
-4.666796,2,3429974.832949
-4.670884,2,3430048.229658
-4.671998,2,3430121.071093
-4.671217,2,3430196.951262
-4.67046,2,3430268.157882
-4.670796,2,3430343.805718
-4.670945,2,3430419.691512
-4.663798,2,3430490.823801
-4.665056,2,3430565.343931
-4.674168,2,3430636.85262
-4.670885,2,3430706.967263
-4.669238,2,3430775.391299
-4.665902,2,3430846.936683
-4.666079,2,3430919.07825
-4.671378,2,3430991.998061
-4.671729,2,3431064.074558
-4.665452,2,3431135.827347
-4.671183,2,3431209.257873
-4.667005,2,3431277.569977
-4.670191,2,3431350.154615
-4.670269,2,3431419.881536
-4.665989,2,3431493.026545
-4.670385,2,3431565.12037
-4.673549,2,3431638.50009
-4.671813,2,3431710.505417
-4.666192,2,3431779.167809
-4.672453,2,3431849.495939
-4.673034,2,3431923.306749
-4.666845,2,3431993.703537
-4.666056,2,3432064.592201
-4.671096,2,3432137.364075
-4.670322,2,3432205.968949
-4.673689,2,3432281.085788
-4.669776,2,3432350.954499
-4.667012,2,3432420.60572
-4.667902,2,3432491.535862
-4.67249,2,3432564.253332
-4.675251,2,3432636.945987
-4.670742,2,3432711.295849
-4.671419,2,3432784.199413
-4.698774,2,3432854.163942
-4.670858,2,3432926.225467
-4.669896,2,3432997.89652
-4.668451,2,3433072.960716
-4.670332,2,3433145.988877
-4.666121,2,3433221.122941
-4.701341,2,3433293.703914
-4.671051,2,3433368.474458
-4.670553,2,3433444.829082
-4.666122,2,3433519.222208
-4.671854,2,3433594.463741
-4.673055,2,3433666.845243
-4.670692,2,3433744.632081
-4.671762,2,3433817.280108
-4.674553,2,3433896.09799
-4.670377,2,3433970.278457
-4.667913,2,3434045.420566
-4.670185,2,3434119.121434
-4.670394,2,3434192.334884
-4.665361,2,3434269.033012
-4.668984,2,3434341.261802
-4.671049,2,3434416.702879
-4.670359,2,3434488.044149
-4.671298,2,3434563.465041
-4.670396,2,3434634.527854
-4.665839,2,3434708.085794
-4.668149,2,3434779.670265
-4.671362,2,3434855.933963
-4.671682,2,3434929.605606
-4.671087,2,3435003.479661
-4.668696,2,3435078.265369
-4.674943,2,3435149.331114
-4.667517,2,3435221.73436
-4.664786,2,3435296.74986
-4.668447,2,3435371.169672
-4.665318,2,3435446.502046
-4.671942,2,3435517.874624
-4.671081,2,3435593.38796
-4.668444,2,3435665.477014
-4.66867,2,3435742.061091
-4.665427,2,3435815.333097
-4.67067,2,3435888.297042
-4.666745,2,3435961.220212
-4.669717,2,3436036.121667
-4.66947,2,3436110.609984
-4.670326,2,3436184.779499
-4.670864,2,3436257.633132
-4.670047,2,3436334.219922
-4.668437,2,3436409.467668
-4.667435,2,3436480.838445
-4.67038,2,3436558.801448
-4.670331,2,3436632.907349
-4.664546,2,3436703.86287
-4.666984,2,3436780.130985
-4.696661,2,3436852.338871
-4.667894,2,3436926.113861
-4.665479,2,3437000.710351
-4.670325,2,3437072.566471
-4.667741,2,3437142.242561
-4.667229,2,3437215.77341
-4.668207,2,3437290.380666
-4.666516,2,3437360.980154
-4.667045,2,3437432.897672
-4.670888,2,3437508.789998
-4.664913,2,3437581.994388
-4.666452,2,3437653.637642
-4.665905,2,3437728.299502
-4.670588,2,3437797.893656
-4.670632,2,3437873.335374
-4.671098,2,3437945.207164
-4.666816,2,3438021.058988
-4.670924,2,3438095.268698
-4.670685,2,3438168.142252
-4.673211,2,3438244.041533
-4.673501,2,3438318.799639
-4.671462,2,3438392.698001
-4.66619,2,3438468.30846
-4.665957,2,3438539.414183
-4.667017,2,3438611.052992
-4.668286,2,3438687.602178
-4.670887,2,3438760.26424
-4.668998,2,3438835.544503
-4.667998,2,3438909.153121
-4.671035,2,3438986.30316
-4.664466,2,3439058.004785
-4.670486,2,3439131.080183
-4.753405,2,3439204.524944
-4.667033,2,3439277.823442
-4.673656,2,3439350.64566
-4.671641,2,3439422.129505
-4.667949,2,3439497.203891
-4.671312,2,3439572.232313
-4.671238,2,3439644.951821
-4.67219,2,3439719.79108
-4.670839,2,3439794.562977
-4.664952,2,3439867.377429
-4.672074,2,3439944.294222
-4.667547,2,3440016.798366
-4.668269,2,3440092.439322
-4.668822,2,3440167.181113
-4.670452,2,3440240.858934
-4.670951,2,3440313.39224
-4.667237,2,3440386.857061
-4.669466,2,3440463.256301
-4.670559,2,3440535.245951
-4.671015,2,3440609.283756
-4.664639,2,3440681.800355
-4.669245,2,3440755.24435
-4.670956,2,3440826.322576
-4.67178,2,3440903.241533
-4.67119,2,3440980.719926
-4.670704,2,3441052.915766
-4.670134,2,3441126.870547
-4.666449,2,3441202.912715
-4.669181,2,3441275.794102
-4.666319,2,3441350.37729
-4.670758,2,3441425.819967
-4.671405,2,3441497.104257
-4.670408,2,3441571.42263
-4.666089,2,3441651.005012
-4.672271,2,3441722.731532
-4.703398,2,3441795.4114
-4.666259,2,3441869.588319
-4.664447,2,3441943.184246
-4.670398,2,3442018.981876
-4.672297,2,3442092.592733
-4.670833,2,3442165.301885
-4.669589,2,3442235.035113
-4.668675,2,3442308.921537
-4.670886,2,3442384.175083
-4.675055,2,3442455.045318
-4.670163,2,3442527.873685
-4.670848,2,3442596.784169
-4.67193,2,3442673.041814
-4.669598,2,3442742.897871
-4.668872,2,3442816.912841
-4.670904,2,3442890.734416
-4.669238,2,3442962.566352
-4.666883,2,3443033.849846
-4.669922,2,3443105.771443
-4.667354,2,3443176.338757
-4.670594,2,3443248.598286
-4.670824,2,3443321.436845
-4.671982,2,3443391.153927
-4.67151,2,3443464.469064
-4.670527,2,3443533.347914
-4.673901,2,3443603.173167
-4.670555,2,3443673.791059
-4.670636,2,3443745.468566
-4.670908,2,3443820.872394
-4.670678,2,3443888.410813
-4.666985,2,3443961.394085
-4.669999,2,3444033.330593
-4.666266,2,3444108.17399
-4.666056,2,3444176.509336
-4.673175,2,3444246.816361
-4.670973,2,3444317.545334
-4.670954,2,3444388.900204
-4.669115,2,3444459.456375
-4.670855,2,3444531.669345
-4.670539,2,3444599.346403
-4.668142,2,3444671.223914
-4.703611,2,3444739.20268
-4.671133,2,3444811.026367
-4.664385,2,3444882.729301
-4.671923,2,3444951.335167
-4.670139,2,3445025.606402
-4.671039,2,3445097.387959
-4.674426,2,3445169.302031
-4.671083,2,3445243.04492
-4.664302,2,3445315.752511
-4.67054,2,3445388.856342
-4.666014,2,3445462.973499
-4.669971,2,3445534.616085
-4.666029,2,3445611.522176
-4.707554,2,3445685.894192
-4.672645,2,3445758.357768
-4.670919,2,3445833.402519
-4.672177,2,3445909.693747
-4.670153,2,3445979.161344
-4.671233,2,3446052.105645
-4.670524,2,3446125.362487
-4.671537,2,3446198.552816
-4.672013,2,3446271.708924
-4.670938,2,3446346.264032
-4.670475,2,3446418.521559
-4.665898,2,3446489.912943
-4.668595,2,3446561.740281
-4.671274,2,3446632.883682
-4.670681,2,3446704.916249
-4.66692,2,3446775.07439
-4.670698,2,3446855.646392
-4.666074,2,3446942.112534
-4.670503,2,3447028.928749
-4.669245,2,3447112.204134
-4.672899,2,3447196.363831
-4.67228,2,3447278.609978
-4.670573,2,3447363.952297
-4.671244,2,3447450.000557
-4.668339,2,3447535.078202
-4.670387,2,3447618.305535
-4.671784,2,3447706.577857
-4.670254,2,3447787.232046
-4.668679,2,3447872.037153
-4.670678,2,3447954.993406
-4.670372,2,3448042.605354
-4.669493,2,3448123.988549
-4.665949,2,3448214.838493
-4.668658,2,3448295.737054
-4.663577,2,3448378.546588
-4.669991,2,3448464.04268
-4.669918,2,3448548.632647
-4.67051,2,3448634.508265
-4.670525,2,3448717.408728
-4.670597,2,3448802.797602
-4.667118,2,3448885.920121
-4.668191,2,3448972.511977
-4.670879,2,3449057.303448
-4.669886,2,3449141.496564
-4.669558,2,3449226.779066
-4.673799,2,3449312.772882
-4.672259,2,3449397.178576
-4.672436,2,3449480.099086
-4.667592,2,3449566.701169
-4.667916,2,3449651.862011
-4.666521,2,3449734.971791
-4.671054,2,3449817.944143
-4.667139,2,3449901.972103
-4.668797,2,3449988.678736
-4.671115,2,3450075.844874
-4.670062,2,3450153.504069
-4.666749,2,3450225.725718
-4.671294,2,3450301.100473
-4.668227,2,3450371.528131
-4.671378,2,3450444.613105
-4.670593,2,3450513.953723
-4.670826,2,3450583.636917
-4.671385,2,3450655.730434
-4.670849,2,3450725.335604
-4.667458,2,3450793.512334
-4.670372,2,3450866.616199
-4.666026,2,3450943.255126
-4.671545,2,3451019.123092
-4.671553,2,3451094.238201
-4.671916,2,3451171.907696
-4.671403,2,3451246.555735
-4.671997,2,3451323.660358
-4.669386,2,3451401.469886
-4.671112,2,3451474.466432
-4.670059,2,3451547.908041
-4.680144,2,3451624.768006
-4.665598,2,3451703.745134
-4.667235,2,3451778.717189
-4.663989,2,3451857.343849
-4.700619,2,3451936.750448
-4.70047,2,3452015.615929
-4.668123,2,3452097.68836
-4.670123,2,3452176.533231
-4.669872,2,3452255.431063
-4.670778,2,3452330.142379
-4.668173,2,3452405.007648
-4.68384,2,3452479.408954
-4.670467,2,3452553.296538
-4.675166,2,3452628.027968
-4.667078,2,3452701.505147
-4.67135,2,3452775.779959
-4.669425,2,3452850.20101
-4.667434,2,3452923.339612
-4.670686,2,3452996.096786
-4.66599,2,3453070.904901
-4.666217,2,3453143.897458
-4.675185,2,3453221.046349
-4.672097,2,3453294.460864
-4.671136,2,3453370.377765
-4.671079,2,3453446.303097
-4.666009,2,3453519.681923
-4.668474,2,3453593.726301
-4.665992,2,3453664.669613
-4.700386,2,3453740.437682
-4.668018,2,3453815.556859
-4.667086,2,3453888.24238
-4.669142,2,3453964.650414
-4.67222,2,3454038.049474
-4.669467,2,3454111.489023
-4.666781,2,3454185.784334
-4.66855,2,3454261.729904
-4.665625,2,3454335.006693
-4.666384,2,3454409.165879
-4.670878,2,3454482.512226
-4.668112,2,3454554.659526
-4.668589,2,3454629.601047
-4.667309,2,3454703.246724
-4.671485,2,3454776.770862
-4.671359,2,3454852.874542
-4.666486,2,3454927.173375
-4.670558,2,3455001.920841
-4.667867,2,3455076.208779
-4.668517,2,3455149.611476
-4.67049,2,3455227.163389
-4.671202,2,3455301.000917
-4.670736,2,3455374.083343
-4.67159,2,3455448.32008
-4.670627,2,3455522.688874
-4.671443,2,3455599.161963
-4.667206,2,3455673.041798
-4.670063,2,3455747.991974
-4.666581,2,3455822.798701
-4.674274,2,3455897.438896
-4.67134,2,3455973.246018
-4.669902,2,3456047.015275
-4.672169,2,3456121.098029
-4.667387,2,3456197.350724
-4.671353,2,3456273.998689
-4.667057,2,3456344.886325
-4.673527,2,3456418.519371
-4.669584,2,3456493.55017
-4.670278,2,3456566.696159
-4.668441,2,3456641.587735
-4.673748,2,3456716.351538
-4.670911,2,3456791.017826
-4.670678,2,3456866.263082
-4.670775,2,3456939.159203
-4.670826,2,3457014.110135
-4.670905,2,3457088.072651
-4.671381,2,3457161.871068
-4.669934,2,3457235.106333
-4.666197,2,3457308.38346
-4.663831,2,3457381.710668
-4.666036,2,3457456.740609
-4.66623,2,3457530.231539
-4.667593,2,3457605.704396
-4.666767,2,3457680.418018
-4.665677,2,3457754.266771
-4.67106,2,3457828.037374
-4.671159,2,3457906.505585
-4.672272,2,3457979.726385
-4.666176,2,3458053.187644
-4.666935,2,3458130.084702
-4.670654,2,3458203.700284
-4.674378,2,3458277.442382
-4.672212,2,3458352.336344
-4.670991,2,3458427.065474
-4.673837,2,3458500.732642
-4.665446,2,3458576.163822
-4.66599,2,3458651.015714
-4.670909,2,3458722.582066
-4.664686,2,3458795.881108
-4.673575,2,3458868.981199
-4.668759,2,3458944.408237
-4.670553,2,3459018.599252
-4.670991,2,3459092.429894
-4.671591,2,3459167.08735
-4.669374,2,3459240.875339
-4.665838,2,3459316.320345
-4.667887,2,3459391.750335
-4.666879,2,3459466.095534
-4.672396,2,3459541.502089
-4.66869,2,3459617.780393
-4.671132,2,3459689.016208
-4.668015,2,3459764.809844
-4.666964,2,3459839.519612
-4.666206,2,3459914.600806
-4.665976,2,3459989.347332
-4.70544,2,3460066.528583
-4.672487,2,3460138.349286
-4.663411,2,3460211.714182
-4.67082,2,3460286.867053
-4.701214,2,3460360.329639
-4.672199,2,3460434.816767
-4.671276,2,3460508.517915
-4.673521,2,3460581.281962
-4.671248,2,3460654.073282
-4.666003,2,3460729.543469
-4.66828,2,3460804.412025
-4.668614,2,3460878.338229
-4.670718,2,3460952.036052
-4.67236,2,3461025.059754
-4.666124,2,3461101.816425
-4.670913,2,3461173.166552
-4.666143,2,3461248.530178
-4.670404,2,3461322.785964
-4.667719,2,3461398.285429
-4.666011,2,3461469.400005
-4.672475,2,3461546.894267
-4.67008,2,3461621.279855
-4.670609,2,3461694.44313
-4.67358,2,3461769.912532
-4.672428,2,3461842.249533
-4.670749,2,3461918.367194
-4.672277,2,3461992.500283
-4.66986,2,3462067.278008
-4.670054,2,3462140.236963
-4.670352,2,3462216.800866
-4.670781,2,3462287.380777
-4.671026,2,3462363.679545
-4.670333,2,3462437.027476
-4.670651,2,3462513.030115
-4.668589,2,3462585.260754
-4.671038,2,3462660.941021
-4.668537,2,3462737.288651
-4.669481,2,3462812.894969
-4.671198,2,3462885.835573
-4.670891,2,3462959.911436
-4.670826,2,3463036.556093
-4.668542,2,3463110.029664
-4.670597,2,3463184.513505
-4.665823,2,3463257.291918
-4.67093,2,3463332.409472
-4.665919,2,3463408.793959
-4.667772,2,3463483.356091
-4.670315,2,3463555.900949
-4.666556,2,3463632.04712
-4.670693,2,3463705.714028
-4.668983,2,3463781.090771
-4.671371,2,3463856.907365
-4.665432,2,3463931.65517
-4.666791,2,3464005.715217
-4.670906,2,3464075.669287
-4.666344,2,3464151.179266
-4.671938,2,3464227.203727
-4.670811,2,3464298.908957
-4.670682,2,3464372.36787
-4.665838,2,3464447.437746
-4.666698,2,3464521.556715
-4.671375,2,3464593.951699
-4.664736,2,3464670.142965
-4.670677,2,3464742.499218
-4.670477,2,3464816.945154
-4.666553,2,3464890.477024
-4.670903,2,3464965.216831
-4.670243,2,3465038.290583
-4.667404,2,3465113.364586
-4.668696,2,3465184.584297
-4.666418,2,3465256.824479
-4.666272,2,3465329.951221
-4.670919,2,3465402.646848
-4.670085,2,3465475.435363
-4.664748,2,3465549.00219
-4.665277,2,3465619.88257
-4.670952,2,3465692.604726
-4.666313,2,3465764.137341
-4.672087,2,3465835.075654
-4.664701,2,3465909.261053
-4.671877,2,3465981.813061
-4.671396,2,3466051.348231
-4.671866,2,3466121.586817
-4.670015,2,3466190.435885
-4.672483,2,3466258.541811
-4.670303,2,3466327.811578
-4.671219,2,3466397.206519
-4.671394,2,3466465.451848
-4.670067,2,3466533.95483
-4.665514,2,3466603.839053
-4.664592,2,3466672.057252
-4.670892,2,3466740.850178
-4.667133,2,3466806.702325
-4.671141,2,3466879.990736
-4.673573,2,3466956.957035
-4.666715,2,3467030.944149
-4.669746,2,3467106.335816
-4.666751,2,3467177.371313
-4.670857,2,3467253.433735
-4.665995,2,3467331.367953
-4.670438,2,3467403.936085
-4.67058,2,3467475.515934
-4.667295,2,3467550.854613
-4.667009,2,3467621.176421
-4.668712,2,3467688.4343
-4.668608,2,3467756.673639
-4.670335,2,3467829.048942
-4.67073,2,3467903.905859
-4.669716,2,3467975.89444
-4.670416,2,3468049.232324
-4.670894,2,3468123.123601
-4.670037,2,3468198.073525
-4.671148,2,3468270.911727
-4.669688,2,3468344.174614
-4.670566,2,3468418.914386
-4.670135,2,3468490.857329
-4.667113,2,3468558.389038
-4.669565,2,3468626.669907
-4.670624,2,3468696.933453
-4.665485,2,3468770.205477
-4.670761,2,3468842.064452
-4.670899,2,3468915.2176
-4.67039,2,3468981.075281
-4.668421,2,3469053.325566
-4.670019,2,3469126.222355
-4.669219,2,3469198.544173
-4.669648,2,3469266.028951
-4.67224,2,3469333.70374
-4.673508,2,3469402.341367
-4.666246,2,3469470.198191
-4.670869,2,3469539.480874
-4.670406,2,3469606.946089
-4.670817,2,3469675.461262
-4.665834,2,3469745.28946
-4.671406,2,3469814.879192
-4.670066,2,3469884.958286
-4.670838,2,3469955.793132
-4.666489,2,3470029.281312
-4.669649,2,3470097.952399
-4.670319,2,3470166.723916
-4.670893,2,3470237.950453
-4.668101,2,3470307.479712
-4.670941,2,3470376.517308
-4.672355,2,3470445.748896
-4.670053,2,3470515.056301
-4.667101,2,3470584.271598
-4.666808,2,3470652.250561
-4.667013,2,3470722.514275
-4.670306,2,3470791.156728
-4.670384,2,3470860.493848
-4.671481,2,3470931.229857
-4.670681,2,3470999.894334
-4.669869,2,3471069.365932
-4.671383,2,3471141.141864
-4.667443,2,3471212.243045
-4.665941,2,3471281.770128
-4.670324,2,3471350.809277
-4.671061,2,3471425.357957
-4.67085,2,3471494.66176
-4.671473,2,3471565.151184
-4.672425,2,3471634.826873
-4.668235,2,3471705.405945
-4.666273,2,3471776.436893
-4.669905,2,3471845.331742
-4.666162,2,3471916.837734
-4.670331,2,3471987.535831
-4.666043,2,3472057.452446
-4.669706,2,3472126.808819
-4.667092,2,3472196.060875
-4.669799,2,3472266.787674
-4.667698,2,3472337.039995
-4.670185,2,3472405.369437
-4.670617,2,3472474.702639
-4.671395,2,3472544.513037
-4.664415,2,3472616.473567
-4.665575,2,3472687.5435
-4.668247,2,3472757.701059
-4.664511,2,3472826.566814
-4.664823,2,3472896.210695
-4.674224,2,3472967.494391
-4.666043,2,3473033.785111
-4.670877,2,3473104.690773
-4.666227,2,3473172.265627
-4.661121,2,3473240.482075
-4.670574,2,3473310.815812
-4.668863,2,3473379.436651
-4.674183,2,3473449.804804
-4.671566,2,3473518.374219
-4.670225,2,3473587.226924
-4.674786,2,3473656.698441
-4.671069,2,3473724.200552
-4.67097,2,3473791.891139
-4.6661,2,3473862.92695
-4.6712,2,3473930.394952
-4.667963,2,3473999.884497
-4.668085,2,3474069.651886
-4.67151,2,3474139.617992
-4.668372,2,3474209.854011
-4.670884,2,3474279.874768
-4.670289,2,3474347.768723
-4.671213,2,3474417.287166
-4.665963,2,3474485.466652
-4.672213,2,3474553.236995
-4.670311,2,3474623.029388
-4.664578,2,3474692.231701
-4.670268,2,3474761.343807
-4.671047,2,3474830.85247
-4.669954,2,3474899.043104
-4.670297,2,3474968.602795
-4.670697,2,3475038.58537
-4.670848,2,3475108.044095
-4.670584,2,3475178.564558
-4.671002,2,3475248.580616
-4.67047,2,3475316.388421
-4.669254,2,3475383.893121
-4.664513,2,3475453.459971
-4.671069,2,3475522.712972
-4.670918,2,3475593.220176
-4.666812,2,3475662.205328
-4.666877,2,3475730.874537
-4.666562,2,3475799.825736
-4.670598,2,3475869.043182
-4.664949,2,3475938.050203
-4.669352,2,3476006.463504
-4.671089,2,3476075.63597
-4.672446,2,3476145.149943
-4.672147,2,3476213.15857
-4.670898,2,3476283.168723
-4.670653,2,3476351.695896
-4.665469,2,3476421.052271
-4.670414,2,3476489.332917
-4.667538,2,3476557.394196
-4.671173,2,3476625.122465
-4.66834,2,3476696.135914
-4.669501,2,3476764.865397
-4.668604,2,3476837.814736
-4.673568,2,3476907.530619
-4.670998,2,3476975.940821
-4.665205,2,3477044.025943
-4.671133,2,3477114.146201
-4.671472,2,3477183.115294
-4.669559,2,3477251.893061
-4.667085,2,3477322.241099
-4.666098,2,3477390.984016
-4.669385,2,3477462.078316
-4.674385,2,3477530.659025
-4.669182,2,3477599.052765
-4.666099,2,3477669.775352
-4.667592,2,3477737.396451
-4.671157,2,3477806.306359
-4.67085,2,3477876.723373
-4.670708,2,3477946.300634
-4.666886,2,3478015.90306
-4.670358,2,3478084.975678
-4.659727,2,3478154.335862
-4.670637,2,3478223.597783
-4.665499,2,3478295.141003
-4.666256,2,3478365.156774
-4.671531,2,3478434.31219
-4.664601,2,3478502.882132
-4.670379,2,3478572.214056
-4.671084,2,3478639.655066
-4.670387,2,3478710.56651
-4.705282,2,3478779.002279
-4.666128,2,3478849.135188
-4.713293,2,3478917.548989
-4.667935,2,3478987.377194
-4.703135,2,3479053.868322
-4.671317,2,3479120.554336
-4.669915,2,3479188.341427
-4.67081,2,3479257.03673
-4.670401,2,3479326.553631
-4.666971,2,3479395.039234
-4.670898,2,3479464.278275
-4.666014,2,3479535.598231
-4.670131,2,3479605.322627
-4.670351,2,3479673.700904
-4.664421,2,3479743.070681
-4.670949,2,3479812.962179
-4.67233,2,3479885.047374
-4.667024,2,3479953.653501
-4.672281,2,3480019.529252
-4.670328,2,3480090.291279
-4.666565,2,3480159.729281
-4.671192,2,3480229.410264
-4.669903,2,3480298.695457
-4.670807,2,3480368.513682
-4.671767,2,3480438.34273
-4.670552,2,3480506.057168
-4.671115,2,3480576.783579
-4.673668,2,3480647.100077
-4.66821,2,3480716.154738
-4.671334,2,3480786.306346
-4.669818,2,3480856.30656
-4.666105,2,3480925.684111
-4.671308,2,3480994.520278
-4.666237,2,3481063.720414
-4.669631,2,3481134.113134
-4.670078,2,3481201.409349
-4.668077,2,3481272.966185
-4.668884,2,3481341.137894
-4.671486,2,3481410.153656
-4.668076,2,3481480.489383
-4.666258,2,3481549.258308
-4.675228,2,3481617.593253
-4.671052,2,3481687.962505
-4.666953,2,3481756.320238
-4.6727,2,3481825.413133
-4.670884,2,3481894.752681
-4.670843,2,3481965.823034
-4.670642,2,3482034.229347
-4.670712,2,3482104.059142
-4.668078,2,3482174.006265
-4.670348,2,3482242.937675
-4.666128,2,3482314.688718
-4.66753,2,3482382.788718
-4.670698,2,3482453.43085
-4.667728,2,3482520.411474
-4.671964,2,3482589.686817
-4.666528,2,3482658.751949
-4.668139,2,3482727.622327
-4.665013,2,3482796.217992
-4.669537,2,3482867.014786
-4.666616,2,3482937.714173
-4.67441,2,3483003.860718
-4.672098,2,3483074.27421
-4.670488,2,3483144.503897
-4.665367,2,3483213.930934
-4.671354,2,3483283.952397
-4.670587,2,3483352.335057
-4.671582,2,3483424.289504
-4.703597,2,3483494.109919
-4.67103,2,3483562.90854
-4.672444,2,3483631.582941
-4.665472,2,3483701.465679
-4.666211,2,3483772.996158
-4.671361,2,3483842.289032
-4.666246,2,3483911.840758
-4.665226,2,3483981.232646
-4.668185,2,3484052.120297
-4.664899,2,3484120.946564
-4.675616,2,3484190.125919
-4.669749,2,3484260.0324
-4.671703,2,3484330.519176
-4.670397,2,3484400.37428
-4.6715,2,3484468.900369
-4.670613,2,3484537.209474
-4.671472,2,3484606.54914
-4.671072,2,3484676.317029
-4.670741,2,3484749.183764
-4.665931,2,3484819.664834
-4.664343,2,3484888.430595
-4.664376,2,3484957.120606
-4.670658,2,3485026.796522
-4.671151,2,3485094.703224
-4.670596,2,3485164.579359
-4.673374,2,3485233.215886
-4.668252,2,3485303.7577
-4.66982,2,3485373.291872
-4.669088,2,3485443.081393
-4.66628,2,3485512.226261
-4.667026,2,3485582.189764
-4.672505,2,3485651.262689
-4.667013,2,3485722.675631
-4.670125,2,3485790.317921
-4.663577,2,3485858.887345
-4.66983,2,3485929.982372
-4.670265,2,3486000.362778
-4.672395,2,3486069.304882
-4.666628,2,3486139.471944
-4.664654,2,3486209.169726
-4.66532,2,3486278.301311
-4.664719,2,3486348.473305
-4.670797,2,3486417.527997
-4.670612,2,3486489.490888
-4.667742,2,3486560.174071
-4.669504,2,3486627.813387
-4.670237,2,3486698.057301
-4.673938,2,3486766.952313
-4.663678,2,3486837.62248
-4.666021,2,3486906.122036
-4.670758,2,3486975.084252
-4.666252,2,3487042.92815
-4.672911,2,3487112.002866
-4.670782,2,3487181.314129
-4.664562,2,3487251.48251
-4.666463,2,3487319.854278
-4.670639,2,3487389.106561
-4.670651,2,3487457.834862
-4.670783,2,3487527.956659
-4.665911,2,3487597.971498
-4.671268,2,3487666.016739
-4.666861,2,3487735.287469
-4.670453,2,3487806.442338
-4.672183,2,3487875.286029
-4.671011,2,3487944.420637
-4.673476,2,3488013.320934
-4.703286,2,3488082.147836
-4.671865,2,3488154.340398
-4.674702,2,3488221.348802
-4.671803,2,3488292.193375
-4.672395,2,3488361.426318
-4.671179,2,3488428.070786
-4.666029,2,3488498.543067
-4.671349,2,3488566.740965
-4.666628,2,3488636.115254
-4.66906,2,3488704.463291
-4.669574,2,3488774.964942
-4.671707,2,3488843.816033
-4.670048,2,3488915.973442
-4.668997,2,3488981.793664
-4.666025,2,3489051.146194
-4.670242,2,3489120.03718
-4.670258,2,3489188.878775
-4.670319,2,3489258.628162
-4.669753,2,3489329.355846
-4.670943,2,3489398.218717
-4.66452,2,3489468.216743
-4.666524,2,3489538.068385
-4.66741,2,3489606.832381
-4.670272,2,3489678.040001
-4.670355,2,3489745.283606
-4.670762,2,3489814.796852
-4.671969,2,3489884.695638
-4.670223,2,3489954.140954
-4.67008,2,3490022.850352
-4.67114,2,3490090.534921
-4.666807,2,3490158.411081
-4.673577,2,3490229.652689
-4.666149,2,3490298.941701
-4.672416,2,3490369.348373
-4.665994,2,3490437.30465
-4.665344,2,3490506.704265
-4.671918,2,3490575.793808
-4.670307,2,3490644.672378
-4.665958,2,3490718.984967
-4.672496,2,3490788.758346
-4.670693,2,3490858.288682
-4.670686,2,3490927.691358
-4.671039,2,3490996.845509
-4.667854,2,3491067.371996
-4.668984,2,3491135.971974
-4.665946,2,3491205.141703
-4.670002,2,3491274.035135
-4.670969,2,3491342.68706
-4.671924,2,3491413.509801
-4.667334,2,3491483.121378
-4.701701,2,3491551.829221
-4.671375,2,3491617.802971
-4.667008,2,3491688.670775
-4.673648,2,3491760.068594
-4.708174,2,3491829.315395
-4.665008,2,3491896.804322
-4.667046,2,3491966.599048
-4.671103,2,3492035.097719
-4.670853,2,3492105.030625
-4.670593,2,3492175.410394
-4.670122,2,3492244.635793
-4.667145,2,3492312.943988
-4.664976,2,3492381.707727
-4.668479,2,3492450.883868
-4.670888,2,3492521.018895
-4.669494,2,3492590.982691
-4.672991,2,3492663.150279
-4.670952,2,3492729.504933
-4.672305,2,3492799.450104
-4.670451,2,3492868.545475
-4.672104,2,3492937.581499
-4.667435,2,3493005.12876
-4.666958,2,3493075.165113
-4.670108,2,3493143.303635
-4.670402,2,3493211.882965
-4.66572,2,3493280.749116
-4.703332,2,3493349.668347
-4.671457,2,3493417.917532
-4.671322,2,3493487.134938
-4.670428,2,3493554.558609
-4.66493,2,3493623.957746
-4.670412,2,3493693.121017
-4.66711,2,3493763.416876
-4.674199,2,3493833.083553
-4.670231,2,3493901.048414
-4.670857,2,3493971.765829
-4.66894,2,3494039.410172
-4.666278,2,3494109.523356
-4.67111,2,3494177.173929
-4.667762,2,3494247.090238
-4.669395,2,3494315.5943
-4.668252,2,3494384.445014
-4.676014,2,3494453.690298
-4.667351,2,3494524.963081
-4.670343,2,3494591.821621
-4.668192,2,3494662.017484
-4.664915,2,3494731.012376
-4.671423,2,3494800.132163
-4.663082,2,3494870.981016
-4.666811,2,3494939.6354
-4.67233,2,3495009.661178
-4.665321,2,3495078.386935
-4.67065,2,3495149.562478
-4.670693,2,3495217.863
-4.665902,2,3495287.962529
-4.666951,2,3495356.986419
-4.666082,2,3495425.288418
-4.670486,2,3495495.048937
-4.666438,2,3495565.414806
-4.669295,2,3495633.697456
-4.670397,2,3495703.854973
-4.673768,2,3495773.617531
-4.671308,2,3495843.09864
-4.672,2,3495913.324939
-4.667696,2,3495980.723681
-4.671996,2,3496049.162277
-4.670817,2,3496118.408364
-4.670158,2,3496187.473785
-4.669216,2,3496255.803986
-4.669232,2,3496327.533952
-4.667213,2,3496395.889784
-4.67052,2,3496465.477945
-4.67151,2,3496534.743256
-4.669425,2,3496603.370847
-4.672185,2,3496673.98478
-4.667665,2,3496742.259682
-4.67222,2,3496811.190152
-4.670516,2,3496879.340875
-4.670316,2,3496950.287758
-4.670354,2,3497019.503429
-4.665509,2,3497090.753827
-4.671086,2,3497159.612181
-4.667066,2,3497229.469925
-4.670878,2,3497299.446207
-4.667925,2,3497368.876095
-4.667747,2,3497436.914148
-4.664948,2,3497505.909512
-4.670916,2,3497573.798852
-4.67027,2,3497647.907211
-4.670416,2,3497717.639802
-4.665142,2,3497784.08338
-4.670833,2,3497852.668203
-4.670778,2,3497925.597684
-4.669937,2,3497993.225727
-4.666238,2,3498061.781178
-4.671699,2,3498129.515838
-4.670592,2,3498199.755329
-4.672641,2,3498269.03531
-4.670838,2,3498335.337853
-4.666099,2,3498406.080623
-4.66586,2,3498475.168782
-4.668135,2,3498545.307503
-4.671215,2,3498612.19987
-4.666267,2,3498683.000186
-4.695351,2,3498751.827901
-4.672643,2,3498821.9692
-4.66725,2,3498893.503355
-4.666926,2,3498960.643749
-4.67419,2,3499027.929301
-4.675422,2,3499097.129541
-4.6698,2,3499165.661212
-4.667615,2,3499234.193185
-4.672097,2,3499304.974907
-4.671596,2,3499372.98691
-4.671317,2,3499440.171341
-4.66604,2,3499506.347009
-4.66707,2,3499572.21224
-4.668336,2,3499637.991936
-4.67214,2,3499703.778179
-4.666775,2,3499770.157921
-4.671914,2,3499835.191094
-4.665439,2,3499900.496264
-4.667418,2,3499965.778171
-4.669202,2,3500032.053673
-4.669801,2,3500098.212334
-4.665835,2,3500163.000133
-4.670648,2,3500229.193982
-4.665974,2,3500294.293423
-4.667791,2,3500361.197471
-4.668295,2,3500431.737694
-4.67249,2,3500500.070337
-4.67076,2,3500570.921227
-4.670618,2,3500641.946072
-4.670905,2,3500714.866874
-4.665292,2,3500782.969795
-4.66715,2,3500852.498668
-4.671564,2,3500922.922929
-4.665289,2,3500991.454473
-4.670415,2,3501058.605389
-4.671245,2,3501124.769097
-4.670886,2,3501193.524408
-4.670502,2,3501259.61105
-4.664465,2,3501329.123805
-4.668747,2,3501396.667475
-4.675271,2,3501465.825521
-4.6662,2,3501533.042476
-4.671979,2,3501603.89047
-4.667536,2,3501671.03411
-4.670305,2,3501741.492451
-4.666053,2,3501809.885169
-4.666116,2,3501878.6758
-4.673349,2,3501946.651639
-4.670901,2,3502018.317407
-4.670362,2,3502087.45484
-4.668781,2,3502157.308855
-4.671146,2,3502226.386464
-4.670005,2,3502296.950698
-4.670087,2,3502365.190835
-4.670263,2,3502434.352095
-4.667464,2,3502502.921181
-4.670803,2,3502572.334973
-4.665994,2,3502641.987312
-4.66632,2,3502712.114305
-4.670252,2,3502779.349779
-4.665735,2,3502849.504417
-4.670514,2,3502917.818794
-4.671223,2,3502987.796579
-4.666131,2,3503057.211798
-4.6709,2,3503126.887738
-4.666315,2,3503195.913541
-4.674291,2,3503265.212327
-4.671046,2,3503333.313688
-4.670543,2,3503404.064532
-4.665169,2,3503472.729919
-4.66896,2,3503543.121826
-4.665026,2,3503611.52232
-4.681349,2,3503680.478499
-4.666007,2,3503749.864746
-4.667831,2,3503819.569024
-4.667685,2,3503885.962262
-4.67082,2,3503950.50545
-4.671133,2,3504020.075575
-4.67101,2,3504089.59176
-4.670669,2,3504158.55365
-4.670794,2,3504226.601177
-4.670979,2,3504295.925468
-4.672028,2,3504366.471469
-4.664654,2,3504434.812943
-4.665423,2,3504507.089484
-4.670908,2,3504575.579062
-4.672057,2,3504646.353544
-4.669246,2,3504715.380038
-4.669927,2,3504783.698979
-4.671063,2,3504853.481907
-4.66625,2,3504924.032518
-4.671524,2,3504992.533652
-4.671115,2,3505059.462466
-4.668787,2,3505128.795364
-4.67201,2,3505198.196638
-4.671519,2,3505269.22703
-4.703116,2,3505339.571794
-4.67043,2,3505406.730597
-4.671212,2,3505475.620688
-4.665741,2,3505543.964752
-4.671966,2,3505613.407882
-4.670689,2,3505682.934642
-4.671732,2,3505752.041431
-4.665577,2,3505821.049778
-4.703161,2,3505889.669023
-4.667011,2,3505959.330144
-4.669741,2,3506028.84605
-4.67069,2,3506097.936566
-4.668857,2,3506169.023096
-4.671609,2,3506237.302321
-4.667536,2,3506306.245661
-4.670836,2,3506375.462239
-4.672655,2,3506444.201442
-4.670653,2,3506513.476672
-4.672496,2,3506582.169932
-4.667571,2,3506652.364897
-4.66488,2,3506723.441669
-4.667671,2,3506790.869136
-4.671899,2,3506858.948328
-4.6709,2,3506929.621545
-4.671672,2,3507000.197989
-4.671474,2,3507069.636415
-4.666164,2,3507138.583907
-4.667007,2,3507207.886509
-4.671296,2,3507274.33254
-4.675594,2,3507344.959444
-4.672255,2,3507413.924668
-4.670956,2,3507485.727082
-4.675376,2,3507555.057629
-4.671113,2,3507622.963772
-4.668098,2,3507692.723771
-4.66969,2,3507762.173265
-4.666092,2,3507831.698916
-4.670888,2,3507902.463329
-4.668819,2,3507971.444438
-4.66667,2,3508041.33574
-4.675598,2,3508110.536492
-4.671963,2,3508180.515474
-4.66858,2,3508251.415335
-4.670487,2,3508320.987493
-4.66908,2,3508390.782383
-4.670393,2,3508459.72173
-4.670888,2,3508530.500407
-4.667383,2,3508598.422357
-4.670704,2,3508667.782003
-4.670866,2,3508736.891654
-4.673639,2,3508807.12815
-4.666263,2,3508876.500946
-4.668775,2,3508945.499253
-4.668037,2,3509016.200428
-4.666173,2,3509085.316541
-4.670274,2,3509154.595214
-4.670222,2,3509223.862274
-4.67152,2,3509292.428602
-4.668105,2,3509363.757364
-4.666144,2,3509432.217031
-4.670688,2,3509501.601486
-4.666114,2,3509570.539982
-4.666055,2,3509639.477808
-4.66832,2,3509708.306753
-4.674258,2,3509778.913331
-4.667035,2,3509847.482109
-4.667862,2,3509916.571
-4.670404,2,3509983.485976
-4.668175,2,3510053.631973
-4.669299,2,3510123.759408
-4.669664,2,3510192.690137
-4.668781,2,3510262.166598
-4.66769,2,3510330.831401
-4.672022,2,3510400.715029
-4.671157,2,3510468.237321
-4.66869,2,3510540.131896
-4.672573,2,3510609.349223
-4.670384,2,3510680.639302
-4.669128,2,3510748.466289
-4.671249,2,3510819.030582
-4.666344,2,3510889.883753
-4.666091,2,3510960.867936
-4.672155,2,3511028.016556
-4.672354,2,3511097.816206
-4.666389,2,3511169.344452
-4.667046,2,3511239.402747
-4.666116,2,3511309.253145
-4.670776,2,3511379.434372
-4.665971,2,3511450.025105
-4.670927,2,3511519.087945
-4.673802,2,3511590.565119
-4.666992,2,3511659.811999
-4.670992,2,3511729.648138
-4.670948,2,3511799.742881
-4.670362,2,3511869.538907
-4.666729,2,3511938.870558
-4.670582,2,3512008.421172
-4.66661,2,3512076.986818
-4.670287,2,3512146.418854
-4.670185,2,3512215.173895
-4.665583,2,3512284.856247
-4.670667,2,3512354.707049
-4.670911,2,3512422.239446
-4.666337,2,3512492.124015
-4.670951,2,3512564.189468
-4.668723,2,3512631.041549
-4.670974,2,3512701.421335
-4.666014,2,3512771.794293
-4.672544,2,3512839.905427
-4.670855,2,3512910.018913
-4.67177,2,3512977.956997
-4.663944,2,3513046.762176
-4.669062,2,3513115.834919
-4.666007,2,3513182.843949
-4.672377,2,3513254.5633
-4.6707,2,3513324.084008
-4.6699,2,3513393.924711
-4.665958,2,3513461.768252
-4.670448,2,3513528.966508
-4.667035,2,3513599.220194
-4.672177,2,3513667.155015
-4.670703,2,3513737.362659
-4.671253,2,3513805.26039
-4.671254,2,3513875.459702
-4.671467,2,3513945.538949
-4.66823,2,3514013.901011
-4.671192,2,3514084.016262
-4.672375,2,3514153.883565
-4.673783,2,3514222.381731
-4.667231,2,3514290.675139
-4.671392,2,3514359.613788
-4.668476,2,3514430.331894
-4.670992,2,3514499.641614
-4.672164,2,3514568.229691
-4.67069,2,3514638.033951
-4.667342,2,3514708.416313
-4.67143,2,3514778.170577
-4.671057,2,3514846.735711
-4.670823,2,3514916.55583
-4.66951,2,3514986.780159
-4.665167,2,3515057.130029
-4.669425,2,3515123.100255
-4.669152,2,3515192.720409
-4.671464,2,3515260.422918
-4.670882,2,3515331.70017
-4.666042,2,3515399.093843
-4.673539,2,3515468.150673
-4.672841,2,3515538.365164
-4.667324,2,3515606.250304
-4.66985,2,3515674.985336
-4.667312,2,3515743.586931
-4.671192,2,3515814.480772
-4.665096,2,3515884.676161
-4.67115,2,3515952.307621
-4.673752,2,3516020.262643
-4.66983,2,3516090.227115
-4.667474,2,3516160.95734
-4.670903,2,3516232.168211
-4.666037,2,3516298.958794
-4.671118,2,3516367.144449
-4.670854,2,3516437.582196
-4.675151,2,3516505.502623
-4.669008,2,3516574.629878
-4.666272,2,3516644.067424
-4.666861,2,3516713.449203
-4.671093,2,3516782.595995
-4.666707,2,3516851.491292
-4.670765,2,3516920.511643
-4.668516,2,3516991.021092
-4.666214,2,3517059.090519
-4.671099,2,3517127.317565
-4.67072,2,3517197.803553
-4.667744,2,3517268.821588
-4.669617,2,3517337.599798
-4.669813,2,3517407.716937
-4.668968,2,3517475.488144
-4.670615,2,3517543.989886
-4.673678,2,3517614.963184
-4.670306,2,3517685.197574
-4.672054,2,3517753.199119
-4.670738,2,3517822.63105
-4.665804,2,3517892.568846
-4.671218,2,3517961.528539
-4.671226,2,3518031.776018
-4.665963,2,3518101.841587
-4.666348,2,3518172.263178
-4.671536,2,3518240.761214
-4.671061,2,3518306.268425
-4.665836,2,3518375.187284
-4.67097,2,3518439.888187
-4.669644,2,3518507.4051
-4.666616,2,3518572.55233
-4.670591,2,3518638.96952
-4.670975,2,3518704.138132
-4.6686,2,3518770.797991
-4.665986,2,3518835.124794
-4.672304,2,3518900.608003
-4.670149,2,3518966.698545
-4.670713,2,3519031.334739
-4.66513,2,3519097.00227
-4.664414,2,3519162.702645
-4.670365,2,3519230.161353
-4.665377,2,3519295.226268
-4.668123,2,3519360.685683
-4.666451,2,3519426.280534
-4.667252,2,3519489.323527
-4.665264,2,3519552.38612
-4.670512,2,3519617.849873
-4.66648,2,3519681.481833
-4.671299,2,3519745.592865
-4.671711,2,3519810.299664
-4.66732,2,3519878.374687
-4.670775,2,3519944.130579
-4.667674,2,3520010.277687
-4.671011,2,3520077.656164
-4.667254,2,3520141.282826
-4.67055,2,3520202.472532
-4.669776,2,3520267.825045
-4.67128,2,3520330.616504
-4.670839,2,3520396.18411
-4.668958,2,3520459.259203
-4.668099,2,3520523.970042
-4.670381,2,3520587.71954
-4.671076,2,3520651.840018
-4.671888,2,3520716.597541
-4.672759,2,3520780.963593
-4.671373,2,3520844.985001
-4.666825,2,3520909.282946
-4.670527,2,3520974.246861
-4.669734,2,3521034.760475
-4.666678,2,3521103.609904
-4.670357,2,3521168.412301
-4.667112,2,3521233.153492
-4.67056,2,3521300.085045
-4.664583,2,3521366.445697
-4.671484,2,3521433.384652
-4.666697,2,3521498.684485
-4.667215,2,3521566.151453
-4.670725,2,3521631.465963
-4.669193,2,3521698.90644
-4.67413,2,3521766.438779
-4.667694,2,3521830.639559
-4.670316,2,3521896.283905
-4.669003,2,3521962.704723
-4.668324,2,3522028.415924
-4.667284,2,3522095.903548
-4.670048,2,3522160.007392
-4.666845,2,3522226.469029
-4.666029,2,3522291.755122
-4.66683,2,3522358.065702
-4.670609,2,3522423.356026
-4.670259,2,3522489.153552
-4.666859,2,3522555.325821
-4.671291,2,3522621.471847
-4.670316,2,3522686.202089
-4.668586,2,3522751.988989
-4.671034,2,3522818.390399
-4.67033,2,3522884.416155
-4.67082,2,3522950.073534
-4.671133,2,3523016.615874
-4.668252,2,3523082.793021
-4.670673,2,3523148.817669
-4.671974,2,3523214.383582
-4.666162,2,3523281.674886
-4.6676,2,3523349.061934
-4.671439,2,3523412.371181
-4.671194,2,3523479.632537
-4.664608,2,3523546.651192
-4.670656,2,3523611.751687
-4.671118,2,3523677.8845
-4.670542,2,3523743.002589
-4.672027,2,3523808.731348
-4.668761,2,3523875.872363
-4.668817,2,3523940.93735
-4.670329,2,3524007.423682
-4.667565,2,3524075.048508
-4.670806,2,3524139.315235
-4.667324,2,3524205.687634
-4.668792,2,3524271.635682
-4.671005,2,3524337.475564
-4.666037,2,3524404.097454
-4.670394,2,3524468.864038
-4.669937,2,3524535.174361
-4.671044,2,3524602.313014
-4.666248,2,3524667.557699
-4.67067,2,3524732.671522
-4.672103,2,3524798.188513
-4.670138,2,3524864.763365
-4.669036,2,3524934.568864
-4.670528,2,3525000.679011
-4.671011,2,3525067.260408
-4.671371,2,3525130.674052
-4.671141,2,3525196.159847
-4.670782,2,3525258.543616
-4.666521,2,3525322.79416
-4.667468,2,3525387.84835
-4.670647,2,3525454.963776
-4.670843,2,3525518.922161
-4.670923,2,3525583.303517
-4.670352,2,3525643.847744
-4.674261,2,3525707.765797
-4.668653,2,3525772.236614
-4.670162,2,3525835.461889
-4.670325,2,3525899.249021
-4.670705,2,3525963.817356
-4.670402,2,3526027.329005
-4.672213,2,3526092.717303
-4.670689,2,3526153.927816
-4.671128,2,3526213.371904
-4.668195,2,3526275.293715
-4.671269,2,3526336.520039
-4.670222,2,3526394.586492
-4.671497,2,3526457.195794
-4.666014,2,3526517.071833
-4.670595,2,3526577.707382
-4.670237,2,3526639.515496
-4.665971,2,3526698.572465
-4.670611,2,3526757.845907
-4.670393,2,3526819.897196
-4.666049,2,3526878.944228
-4.672209,2,3526938.665363
-4.670927,2,3527000.398451
-4.66475,2,3527060.03897
-4.670896,2,3527122.916654
-4.670347,2,3527183.875894
-4.67173,2,3527244.316924
-4.666654,2,3527309.605678
-4.670922,2,3527369.12224
-4.66467,2,3527432.707568
-4.670663,2,3527494.036909
-4.681733,2,3527553.990852
-4.671408,2,3527617.116952
-4.670253,2,3527680.475673
-4.670649,2,3527740.222659
-4.669734,2,3527802.223588
-4.670933,2,3527865.151128
-4.671465,2,3527924.401586
-4.667502,2,3527987.441686
-4.671203,2,3528048.809851
-4.670842,2,3528109.299143
-4.670878,2,3528170.185127
-4.672384,2,3528233.248181
-4.670741,2,3528292.240781
-4.672746,2,3528348.709594
-4.676466,2,3528414.63713
-4.666276,2,3528483.597303
-4.670892,2,3528553.285833
-4.666724,2,3528624.033047
-4.670506,2,3528696.219374
-4.670251,2,3528769.521082
-4.666696,2,3528845.437758
-4.666079,2,3528913.399233
-4.671186,2,3528982.861439
-4.669847,2,3529056.376717
-4.671312,2,3529129.866749
-4.670162,2,3529201.27999
-4.666793,2,3529274.925017
-4.671385,2,3529348.34793
-4.671126,2,3529422.056822
-4.670719,2,3529495.095866
-4.666057,2,3529563.35052
-4.667031,2,3529629.124897
-4.670324,2,3529701.291491
-4.667649,2,3529775.076169
-4.671116,2,3529848.416349
-4.670487,2,3529923.480002
-4.670087,2,3529996.900332
-4.671941,2,3530070.07495
-4.669705,2,3530141.934602
-4.670726,2,3530207.952526
-4.669661,2,3530278.614908
-4.672237,2,3530351.365205
-4.67261,2,3530425.030295
-4.666164,2,3530497.831701
-4.670407,2,3530573.407021
-4.667713,2,3530645.637793
-4.670279,2,3530713.204337
-4.66615,2,3530784.769396
-4.665558,2,3530858.692677
-4.671039,2,3530932.980539
-4.671192,2,3531004.670844
-4.668987,2,3531077.946425
-4.671109,2,3531152.471663
-4.670442,2,3531224.513715
-4.670844,2,3531294.818031
-4.670282,2,3531359.592219
-4.670762,2,3531428.153887
-4.668407,2,3531497.492778
-4.670263,2,3531570.491427
-4.666421,2,3531643.008768
-4.670472,2,3531713.210359
-4.671076,2,3531781.423969
-4.670126,2,3531852.33878
-4.666358,2,3531924.231026
-4.670635,2,3531993.80255
-4.667728,2,3532064.72797
-4.671268,2,3532134.213298
-4.667709,2,3532205.831055
-4.670263,2,3532277.220305
-4.671039,2,3532347.349843
-4.671984,2,3532421.032612
-4.668613,2,3532489.86586
-4.672444,2,3532562.507424
-4.670385,2,3532631.435258
-4.670708,2,3532703.670363
-4.671235,2,3532774.142473
-4.670555,2,3532844.779806
-4.668585,2,3532914.289304
-4.670417,2,3532984.496711
-4.666632,2,3533055.79319
-4.670756,2,3533127.647593
-4.671143,2,3533196.703931
-4.667217,2,3533266.830143
-4.667048,2,3533338.258911
-4.666241,2,3533408.79458
-4.663663,2,3533481.472095
-4.670929,2,3533550.263514
-4.673745,2,3533621.487407
-4.670757,2,3533691.451915
-4.671611,2,3533761.671693
-4.670311,2,3533832.50422
-4.670598,2,3533902.740177
-4.670849,2,3533974.650824
-4.67086,2,3534044.232512
-4.672053,2,3534115.367211
-4.670985,2,3534184.219613
-4.674601,2,3534254.714722
-4.670531,2,3534324.832838
-4.670901,2,3534395.178909
-4.666958,2,3534465.028166
-4.669756,2,3534534.805508
-4.667751,2,3534605.289237
-4.670592,2,3534674.451482
-4.6707,2,3534744.692384
-4.67111,2,3534815.347599
-4.670634,2,3534886.428225
-4.68059,2,3534956.84928
-4.670752,2,3535028.360264
-4.673773,2,3535097.838178
-4.668167,2,3535168.844303
-4.671032,2,3535238.328813
-4.670369,2,3535311.121782
-4.666326,2,3535381.854611
-4.669958,2,3535453.283733
-4.670511,2,3535522.834649
-4.670569,2,3535592.549634
-4.669845,2,3535663.174242
-4.671321,2,3535732.735693
-4.670266,2,3535803.107177
-4.671879,2,3535872.651258
-4.669742,2,3535942.797663
-4.670078,2,3536014.523973
-4.672338,2,3536084.431821
-4.667452,2,3536155.34173
-4.670768,2,3536224.380816
-4.668677,2,3536296.566504
-4.66377,2,3536365.311116
-4.667867,2,3536435.919166
-4.667653,2,3536505.827081
-4.670254,2,3536575.702367
-4.667148,2,3536648.426246
-4.671509,2,3536718.833133
-4.666903,2,3536789.158997
-4.667737,2,3536860.540393
-4.665298,2,3536931.283011
-4.670642,2,3537002.811649
-4.671326,2,3537073.844618
-4.670717,2,3537144.949146
-4.670561,2,3537210.497254
-4.670675,2,3537280.323583
-4.676458,2,3537349.269213
-4.672325,2,3537418.706998
-4.671085,2,3537492.359668
-4.671592,2,3537563.515379
-4.666115,2,3537632.777096
-4.668313,2,3537703.358598
-4.669818,2,3537774.14289
-4.670639,2,3537845.148595
-4.67027,2,3537915.638647
-4.668584,2,3537985.893481
-4.670711,2,3538055.590007
-4.669933,2,3538125.938329
-4.669759,2,3538194.467896
-4.669582,2,3538265.812988
-4.67117,2,3538335.263433
-4.668377,2,3538406.312047
-4.666225,2,3538477.478045
-4.671977,2,3538546.712454
-4.670365,2,3538622.205969
-4.670545,2,3538690.433661
-4.666623,2,3538761.165432
-4.66664,2,3538831.41358
-4.670958,2,3538900.940816
-4.667098,2,3538973.439837
-4.665728,2,3539044.248062
-4.673545,2,3539115.516779
-4.670312,2,3539185.246068
-4.666279,2,3539257.033849
-4.669315,2,3539327.663243
-4.67169,2,3539397.864092
-4.670737,2,3539468.095247
-4.670395,2,3539539.497745
-4.670883,2,3539609.067443
-4.670415,2,3539680.273275
-4.667305,2,3539749.800992
-4.670846,2,3539819.889927
-4.672217,2,3539891.708727
-4.666066,2,3539962.951326
-4.670242,2,3540034.288731
-4.671224,2,3540105.314603
-4.667633,2,3540175.937007
-4.672131,2,3540245.248329
-4.670608,2,3540315.203721
-4.666332,2,3540386.597628
-4.670121,2,3540455.077208
-4.672391,2,3540525.646673
-4.670731,2,3540594.81938
-4.666158,2,3540667.418543
-4.666605,2,3540737.319764
-4.672333,2,3540806.314323
-4.66602,2,3540878.145618
-4.670305,2,3540948.212909
-4.664735,2,3541019.005066
-4.666157,2,3541090.890451
-4.671253,2,3541161.638906
-4.671205,2,3541232.22355
-4.67212,2,3541303.324003
-4.669028,2,3541372.933718
-4.666991,2,3541443.762816
-4.672021,2,3541513.671602
-4.669661,2,3541586.035125
-4.670929,2,3541656.93127
-4.667042,2,3541727.827846
-4.670284,2,3541798.005988
-4.670353,2,3541870.809938
-4.666057,2,3541940.272783
-4.665789,2,3542006.603387
-4.671132,2,3542073.833472
-4.664457,2,3542138.087557
-4.67212,2,3542206.518947
-4.666909,2,3542279.182035
-4.67115,2,3542348.572761
-4.665237,2,3542419.431495
-4.669092,2,3542490.70416
-4.670733,2,3542559.954683
-4.666571,2,3542631.140803
-4.668016,2,3542702.844294
-4.668907,2,3542773.76567
-4.669795,2,3542845.502476
-4.670637,2,3542916.050489
-4.670627,2,3542987.552276
-4.671072,2,3543057.326877
-4.670598,2,3543129.56449
-4.669187,2,3543201.936114
-4.670748,2,3543272.380036
-4.670546,2,3543345.368056
-4.670735,2,3543413.378769
-4.670713,2,3543485.121961
-4.669673,2,3543558.083997
-4.667044,2,3543629.225323
-4.67008,2,3543699.908889
-4.67129,2,3543770.06172
-4.670657,2,3543839.046325
-4.662146,2,3543908.627735
-4.666942,2,3543979.547214
-4.669161,2,3544050.767785
-4.669809,2,3544121.929691
-4.67053,2,3544193.882854
-4.669695,2,3544264.056055
-4.666632,2,3544334.929108
-4.669467,2,3544405.349771
-4.666459,2,3544477.186252
-4.671188,2,3544548.369617
-4.670594,2,3544621.158432
-4.670432,2,3544690.709499
-4.66627,2,3544761.5796
-4.67232,2,3544831.499417
-4.667256,2,3544903.930569
-4.664022,2,3544973.653264
-4.670229,2,3545045.822762
-4.667522,2,3545116.652358
-4.669588,2,3545185.378505
-4.667465,2,3545258.380453
-4.674106,2,3545329.823359
-4.670942,2,3545399.000933
-4.677023,2,3545467.50739
-4.663966,2,3545539.941552
-4.669623,2,3545610.09995
-4.66939,2,3545682.752324
-4.670215,2,3545754.819626
-4.673562,2,3545825.687721
-4.671462,2,3545893.580631
-4.671156,2,3545962.19205
-4.666742,2,3546034.310434
-4.67051,2,3546105.069715
-4.66732,2,3546176.58389
-4.67025,2,3546247.056779
-4.66617,2,3546320.209129
-4.6707,2,3546390.834207
-4.666141,2,3546460.393414
-4.671036,2,3546529.244369
-4.670537,2,3546600.403239
-4.671156,2,3546670.667524
-4.671453,2,3546741.194868
-4.671103,2,3546811.935383
-4.667768,2,3546883.103908
-4.670406,2,3546952.953294
-4.669195,2,3547023.439694
-4.668553,2,3547093.900893
-4.670815,2,3547162.746983
-4.667019,2,3547228.426389
-4.666805,2,3547290.923489
-4.67173,2,3547356.515221
-4.666414,2,3547422.609081
-4.67102,2,3547487.999634
-4.670343,2,3547552.932843
-4.670085,2,3547618.877023
-4.66637,2,3547683.258736
-4.672192,2,3547749.327701
-4.669439,2,3547815.397532
-4.666058,2,3547878.909503
-4.671086,2,3547944.887098
-4.671428,2,3548010.77663
-4.670336,2,3548077.997782
-4.671009,2,3548141.507392
-4.671748,2,3548207.341258
-4.675155,2,3548273.170003
-4.671269,2,3548340.28656
-4.667089,2,3548406.004123
-4.670355,2,3548472.262371
-4.666019,2,3548536.94129
-4.666605,2,3548601.894659
-4.665619,2,3548667.178444
-4.670613,2,3548733.555824
-4.670373,2,3548798.033649
-4.664434,2,3548863.62002
-4.671631,2,3548930.542046
-4.671295,2,3548994.552051
-4.670323,2,3549062.826965
-4.671434,2,3549126.65738
-4.668849,2,3549192.404627
-4.671156,2,3549258.234438
-4.667688,2,3549324.668401
-4.666365,2,3549390.76606
-4.671189,2,3549455.123593
-4.66587,2,3549520.047956
-4.667659,2,3549583.317237
-4.666069,2,3549649.462597
-4.671931,2,3549713.631215
-4.671207,2,3549780.2951
-4.704416,2,3549846.767713
-4.665298,2,3549911.242463
-4.67248,2,3549976.984331
-4.666427,2,3550042.176326
-4.673685,2,3550107.741222
-4.669504,2,3550173.506259
-4.672225,2,3550237.927924
-4.669751,2,3550304.271236
-4.670722,2,3550369.462326
-4.672637,2,3550435.60039
-4.666035,2,3550501.569751
-4.670835,2,3550566.695632
-4.672559,2,3550631.798315
-4.666636,2,3550697.585977
-4.672482,2,3550763.413014
-4.670536,2,3550829.551971
-4.666907,2,3550894.422527
-4.671566,2,3550959.947577
-4.672643,2,3551024.690267
-4.670382,2,3551090.238251
-4.671213,2,3551157.77752
-4.670981,2,3551222.892373
-4.665559,2,3551288.123595
-4.670381,2,3551354.485839
-4.670868,2,3551419.565997
-4.665385,2,3551483.173746
-4.670609,2,3551548.589535
-4.670719,2,3551614.88839
-4.670502,2,3551681.582354
-4.671424,2,3551745.697296
-4.669964,2,3551809.618022
-4.667769,2,3551875.984805
-4.668795,2,3551940.185429
-4.670457,2,3552005.177989
-4.67061,2,3552071.848868
-4.670407,2,3552137.121767
-4.671401,2,3552202.290891
-4.672271,2,3552268.658444
-4.671149,2,3552338.133767
-4.670117,2,3552403.022211
-4.672561,2,3552469.338913
-4.671337,2,3552536.511421
-4.671303,2,3552600.207581
-4.670099,2,3552663.94752
-4.670501,2,3552731.857292
-4.671149,2,3552798.903189
-4.670718,2,3552863.750423
-4.670897,2,3552929.406246
-4.666787,2,3552995.226095
-4.665872,2,3553059.662412
-4.67042,2,3553124.707102
-4.668451,2,3553191.357176
-4.665863,2,3553255.569222
-4.67034,2,3553322.649364
-4.665623,2,3553387.621447
-4.672541,2,3553454.9771
-4.670817,2,3553520.245034
-4.670391,2,3553584.691849
-4.674318,2,3553652.17783
-4.668954,2,3553717.202773
-4.670884,2,3553782.940194
-4.667128,2,3553849.417824
-4.670626,2,3553914.079555
-4.666771,2,3553980.087785
-4.671016,2,3554046.171634
-4.671283,2,3554110.250471
-4.670246,2,3554175.302551
-4.671033,2,3554241.455142
-4.670907,2,3554306.659737
-4.66812,2,3554372.076133
-4.671007,2,3554437.9038
-4.671083,2,3554501.890126
-4.671944,2,3554566.683375
-4.670857,2,3554630.761343
-4.672337,2,3554697.082917
-4.670631,2,3554761.296018
-4.672273,2,3554827.053531
-4.670386,2,3554892.439291
-4.671121,2,3554957.844823
-4.665132,2,3555023.052218
-4.669941,2,3555087.70002
-4.666457,2,3555153.158461
-4.66706,2,3555219.310959
-4.668588,2,3555284.899052
-4.666409,2,3555350.82492
-4.670079,2,3555414.707999
-4.670229,2,3555481.418412
-4.671064,2,3555545.766862
-4.670526,2,3555612.717924
-4.672277,2,3555679.44399
-4.670789,2,3555743.902503
-4.68007,2,3555810.282828
-4.669903,2,3555876.179086
-4.666648,2,3555942.220011
-4.670969,2,3556006.619088
-4.665874,2,3556072.072149
-4.666329,2,3556137.091464
-4.6704,2,3556202.011397
-4.666536,2,3556266.958758
-4.671157,2,3556332.173692
-4.670221,2,3556398.585015
-4.670597,2,3556463.072051
-4.666027,2,3556528.070778
-4.671369,2,3556592.846277
-4.671354,2,3556659.502268
-4.670467,2,3556723.854409
-4.665858,2,3556791.046643
-4.66651,2,3556857.230037
-4.663435,2,3556923.355179
-4.664441,2,3556987.780133
-4.665968,2,3557054.315778
-4.665621,2,3557118.897
-4.670825,2,3557185.743606
-4.666176,2,3557251.71683
-4.670711,2,3557315.785395
-4.670759,2,3557382.880722
-4.670385,2,3557447.217403
-4.670287,2,3557513.806515
-4.671217,2,3557578.934113
-4.668176,2,3557643.459285
-4.67083,2,3557709.426702
-4.671028,2,3557774.50414
-4.670984,2,3557839.644801
-4.672113,2,3557906.295885
-4.667289,2,3557971.099824
-4.671782,2,3558036.866448
-4.673555,2,3558103.466901
-4.667265,2,3558168.794222
-4.667756,2,3558234.193192
-4.666253,2,3558300.565739
-4.67046,2,3558365.409727
-4.666875,2,3558431.161035
-4.667047,2,3558496.371932
-4.667574,2,3558561.904408
-4.665829,2,3558626.934171
-4.665312,2,3558691.236627
-4.670845,2,3558757.491378
-4.670984,2,3558823.025961
-4.67237,2,3558891.804218
-4.671545,2,3558958.305827
-4.665112,2,3559021.946112
-4.671088,2,3559088.295225
-4.670841,2,3559152.921927
-4.670573,2,3559219.852395
-4.66976,2,3559286.262993
-4.667,2,3559351.347892
-4.67187,2,3559416.476609
-4.6707,2,3559482.477961
-4.670724,2,3559547.976865
-4.6676,2,3559613.220303
-4.664252,2,3559676.828378
-4.670829,2,3559743.050336
-4.666973,2,3559808.010778
-4.67046,2,3559874.091557
-4.671477,2,3559939.515067
-4.66998,2,3560005.046883
-4.671244,2,3560071.040894
-4.670657,2,3560135.016533
-4.666707,2,3560201.227773
-4.671128,2,3560267.567284
-4.675752,2,3560332.251862
-4.664459,2,3560397.836756
-4.670612,2,3560463.7901
-4.672467,2,3560529.889171
-4.666309,2,3560593.308102
-4.6712,2,3560660.764304
-4.663852,2,3560726.773513
-4.670668,2,3560792.738954
-4.669713,2,3560856.796198
-4.669562,2,3560923.130258
-4.670699,2,3560988.418776
-4.670517,2,3561054.480755
-4.665922,2,3561118.639257
-4.671513,2,3561185.994097
-4.663447,2,3561251.177479
-4.666588,2,3561315.301686
-4.671126,2,3561381.829177
-4.666456,2,3561447.922878
-4.666963,2,3561512.085137
-4.670088,2,3561576.681861
-4.671125,2,3561642.214736
-4.672503,2,3561709.007938
-4.67102,2,3561774.13591
-4.67031,2,3561840.037313
-4.667605,2,3561904.714987
-4.667919,2,3561971.896199
-4.665305,2,3562037.172975
-4.668489,2,3562102.21547
-4.672329,2,3562169.441801
-4.66697,2,3562233.810561
-4.670868,2,3562299.359554
-4.670645,2,3562364.02434
-4.670265,2,3562429.879052
-4.664306,2,3562495.238755
-4.6714,2,3562561.271485
-4.666237,2,3562626.73868
-4.668523,2,3562691.611157
-4.668624,2,3562757.273193
-4.668634,2,3562821.902466
-4.668019,2,3562888.267401
-4.669437,2,3562954.198111
-4.668475,2,3563018.632387
-4.67004,2,3563082.957154
-4.670588,2,3563148.311433
-4.670876,2,3563214.71542
-4.666143,2,3563280.567889
-4.667779,2,3563346.328915
-4.672449,2,3563411.655272
-4.671005,2,3563475.935991
-4.672268,2,3563540.92568
-4.67014,2,3563607.682572
-4.669796,2,3563673.618419
-4.67158,2,3563737.516673
-4.668499,2,3563803.036641
-4.670609,2,3563869.231447
-4.670196,2,3563933.637162
-4.672012,2,3563998.697975
-4.666734,2,3564064.066518
-4.666541,2,3564131.466278
-4.67236,2,3564196.248057
-4.671222,2,3564262.110214
-4.670588,2,3564327.437124
-4.670665,2,3564390.890537
-4.667542,2,3564456.89581
-4.667739,2,3564521.545673
-4.667869,2,3564588.173512
-4.670825,2,3564654.021781
-4.670717,2,3564719.646967
-4.668197,2,3564784.904986
-4.67036,2,3564849.859965
-4.668651,2,3564915.758225
-4.673712,2,3564980.717656
-4.668356,2,3565046.770944
-4.670658,2,3565110.808131
-4.668473,2,3565177.256107
-4.670854,2,3565241.76362
-4.6685,2,3565308.520856
-4.670831,2,3565375.348752
-4.670593,2,3565444.003206
-4.670613,2,3565507.657788
-4.661695,2,3565573.0324
-4.666191,2,3565639.355302
-4.666563,2,3565703.91772
-4.666608,2,3565768.484947
-4.664454,2,3565834.969906
-4.66813,2,3565899.671133
-4.670048,2,3565964.404227
-4.671008,2,3566029.386659
-4.669973,2,3566094.227142
-4.670915,2,3566159.347715
-4.671175,2,3566224.258605
-4.670986,2,3566291.390367
-4.666124,2,3566355.965617
-4.66981,2,3566422.223881
-4.667044,2,3566487.060537
-4.67034,2,3566551.853424
-4.666339,2,3566617.143639
-4.671143,2,3566682.253552
-4.669967,2,3566747.57942
-4.671129,2,3566812.683289
-4.670401,2,3566878.339858
-4.670302,2,3566944.731747
-4.665709,2,3567009.148342
-4.670898,2,3567074.764222
-4.670241,2,3567140.293381
-4.67108,2,3567205.130661
-4.670296,2,3567270.856881
-4.669889,2,3567335.233287
-4.67049,2,3567401.645438
-4.672698,2,3567467.086913
-4.669379,2,3567533.599016
-4.670583,2,3567599.254121
-4.667679,2,3567665.909974
-4.670385,2,3567729.544465
-4.672054,2,3567792.410469
-4.669025,2,3567859.65462
-4.668526,2,3567926.924681
-4.672417,2,3567992.83996
-4.671056,2,3568057.97858
-4.668728,2,3568124.011293
-4.667016,2,3568189.386768
-4.665894,2,3568254.846317
-4.667831,2,3568320.027022
-4.670868,2,3568386.702647
-4.665833,2,3568452.5207
-4.670532,2,3568517.12838
-4.672136,2,3568582.989115
-4.666701,2,3568649.009775
-4.665815,2,3568714.551173
-4.667483,2,3568777.925587
-4.670573,2,3568844.178135
-4.670104,2,3568909.144525
-4.671234,2,3568976.209813
-4.670858,2,3569041.227773
-4.671403,2,3569106.733987
-4.670474,2,3569171.206443
-4.670392,2,3569237.677833
-4.670774,2,3569303.97598
-4.670752,2,3569368.92203
-4.670834,2,3569433.152049
-4.6672,2,3569498.057415
-4.671556,2,3569563.314317
-4.667137,2,3569627.595312
-4.666299,2,3569695.059515
-4.671201,2,3569759.829158
-4.670867,2,3569824.685634
-4.670245,2,3569890.412289
-4.671498,2,3569955.306897
-4.667572,2,3570019.945019
-4.67144,2,3570083.075043
-4.671219,2,3570145.738353
-4.67056,2,3570211.555309
-4.670834,2,3570276.208086
-4.670532,2,3570342.694828
-4.668612,2,3570409.209135
-4.670427,2,3570472.095442
-4.671877,2,3570537.358008
-4.672162,2,3570602.975246
-4.67083,2,3570667.3118
-4.672703,2,3570732.477519
-4.666233,2,3570798.038712
-4.666028,2,3570863.369267
-4.667341,2,3570927.954022
-4.671434,2,3570994.225017
-4.671089,2,3571058.82633
-4.668117,2,3571123.713216
-4.670304,2,3571188.383277
-4.671349,2,3571252.689673
-4.671204,2,3571318.688461
-4.670114,2,3571384.560957
-4.668879,2,3571449.317846
-4.668129,2,3571514.539628
-4.671469,2,3571580.38459
-4.667034,2,3571644.952104
-4.667536,2,3571709.700877
-4.670684,2,3571776.353411
-4.670168,2,3571843.174271
-4.671212,2,3571908.42661
-4.666198,2,3571976.047823
-4.70361,2,3572041.576522
-4.671417,2,3572107.155656
-4.669892,2,3572173.759052
-4.666347,2,3572239.743146
-4.666118,2,3572305.124974
-4.66661,2,3572369.704235
-4.671375,2,3572437.545792
-4.66711,2,3572501.846951
-4.67373,2,3572566.668056
-4.667797,2,3572633.931941
-4.664955,2,3572698.440321
-4.669799,2,3572763.758944
-4.668826,2,3572829.227396
-4.671125,2,3572894.556235
-4.670162,2,3572961.822599
-4.668606,2,3573026.852314
-4.666664,2,3573091.802053
-4.669004,2,3573156.781739
-4.671567,2,3573222.897583
-4.670586,2,3573289.839464
-4.667384,2,3573354.064923
-4.670723,2,3573420.781651
-4.667796,2,3573486.143694
-4.670456,2,3573551.621834
-4.666004,2,3573616.595482
-4.670146,2,3573682.501604
-4.670612,2,3573748.343905
-4.669949,2,3573813.870606
-4.670671,2,3573877.572305
-4.671248,2,3573941.688677
-4.666271,2,3574003.689485
-4.665721,2,3574067.069656
-4.670148,2,3574128.852016
-4.670593,2,3574192.117821
-4.669895,2,3574256.303189
-4.669509,2,3574318.87276
-4.670473,2,3574382.112434
-4.673625,2,3574443.109689
-4.66619,2,3574503.864185
-4.670328,2,3574568.08811
-4.671148,2,3574631.031486
-4.668464,2,3574694.270902
-4.673693,2,3574755.34735
-4.666227,2,3574815.821668
-4.67056,2,3574879.526736
-4.670931,2,3574944.956877
-4.668663,2,3575007.273203
-4.663047,2,3575071.138006
-4.670313,2,3575132.851593
-4.670939,2,3575196.213217
-4.672314,2,3575259.968239
-4.671341,2,3575324.206432
-4.666026,2,3575387.47421
-4.670554,2,3575448.839861
-4.667143,2,3575510.406702
-4.669076,2,3575570.438226
-4.67155,2,3575633.540385
-4.668508,2,3575697.679135
-4.666061,2,3575759.634091
-4.670414,2,3575823.128749
-4.671029,2,3575884.115799
-4.67009,2,3575946.925694
-4.665009,2,3576012.105911
-4.668845,2,3576072.978763
-4.667456,2,3576136.152789
-4.703355,2,3576199.898697
-4.669484,2,3576263.881405
-4.67237,2,3576324.73318
-4.666751,2,3576386.690908
-4.67133,2,3576450.195215
-4.670972,2,3576514.300873
-4.671592,2,3576577.468406
-4.670979,2,3576639.959841
-4.666191,2,3576702.315335
-4.671211,2,3576766.52255
-4.668924,2,3576829.359809
-4.668098,2,3576889.326504
-4.672542,2,3576953.672838
-4.66968,2,3577016.560673
-4.666569,2,3577080.432029
-4.670105,2,3577142.786068
-4.666191,2,3577204.763294
-4.666757,2,3577267.713345
-4.673577,2,3577331.749808
-4.671181,2,3577393.33172
-4.670726,2,3577457.476415
-4.665769,2,3577520.676674
-4.670686,2,3577583.863316
-4.670391,2,3577647.815846
-4.671417,2,3577709.7997
-4.670898,2,3577773.735792
-4.672395,2,3577837.821206
-4.670817,2,3577899.671246
-4.671098,2,3577962.723633
-4.665765,2,3578027.44812
-4.671202,2,3578089.463529
-4.666085,2,3578151.971168
-4.666495,2,3578216.039559
-4.670678,2,3578277.37707
-4.671921,2,3578342.961484
-4.670537,2,3578406.065013
-4.672319,2,3578470.669943
-4.670841,2,3578532.387718
-4.670841,2,3578593.966582
-4.666963,2,3578658.12036
-4.670859,2,3578720.31478
-4.672242,2,3578783.827712
-4.673524,2,3578846.712477
-4.671507,2,3578910.952725
-4.666569,2,3578974.096178
-4.665941,2,3579037.431411
-4.67081,2,3579099.521442
-4.671463,2,3579163.91084
-4.672749,2,3579225.423725
-4.666234,2,3579288.438222
-4.667317,2,3579352.524667
-4.668056,2,3579414.705659
-4.670396,2,3579477.4694
-4.669481,2,3579542.212462
-4.671263,2,3579603.860256
-4.671055,2,3579666.94922
-4.665161,2,3579730.914266
-4.670843,2,3579794.593632
-4.666074,2,3579855.210645
-4.670701,2,3579918.987867
-4.669381,2,3579982.668283
-4.671466,2,3580044.774276
-4.670388,2,3580109.299747
-4.670659,2,3580173.143494
-4.669812,2,3580235.164266
-4.670073,2,3580300.873501
-4.681556,2,3580362.802066
-4.668607,2,3580424.697441
-4.672533,2,3580487.080957
-4.663837,2,3580551.574026
-4.670625,2,3580613.334417
-4.670672,2,3580676.286914
-4.667627,2,3580739.595337
-4.667197,2,3580804.360114
-4.669801,2,3580867.901764
-4.670011,2,3580933.816103
-4.666864,2,3580994.818728
-4.671229,2,3581057.813095
-4.667075,2,3581122.989012
-4.671051,2,3581183.063005
-4.670346,2,3581247.082611
-4.67245,2,3581308.714391
-4.672629,2,3581372.024093
-4.669065,2,3581435.731451
-4.66608,2,3581498.903809
-4.667958,2,3581561.703321
-4.670593,2,3581625.249936
-4.669853,2,3581687.454168
-4.670925,2,3581749.900721
-4.668238,2,3581814.356955
-4.671426,2,3581877.252903
-4.669749,2,3581940.687398
-4.671111,2,3582002.51598
-4.668127,2,3582068.246138
-4.666616,2,3582131.651542
-4.670373,2,3582193.614943
-4.667418,2,3582257.533729
-4.666642,2,3582320.280496
-4.670598,2,3582381.252916
-4.670558,2,3582445.022967
-4.6707,2,3582506.910308
-4.669882,2,3582570.289492
-4.670939,2,3582632.762112
-4.670857,2,3582696.142727
-4.670883,2,3582760.314097
-4.666955,2,3582823.838751
-4.671039,2,3582887.307703
-4.670717,2,3582950.023231
-4.673774,2,3583013.409263
-4.673056,2,3583078.793332
-4.670392,2,3583140.726318
-4.668381,2,3583203.366625
-4.667708,2,3583265.959005
-4.671282,2,3583329.453079
-4.673075,2,3583391.895688
-4.670572,2,3583455.481983
-4.66844,2,3583519.114855
-4.666929,2,3583581.285212
-4.672609,2,3583643.494663
-4.667848,2,3583708.152955
-4.671417,2,3583769.779729
-4.671573,2,3583831.741235
-4.670376,2,3583895.470237
-4.669861,2,3583958.462659
-4.665519,2,3584020.6005
-4.670355,2,3584084.586871
-4.672239,2,3584147.035559
-4.666658,2,3584209.994426
-4.670583,2,3584273.511772
-4.6702,2,3584335.634018
-4.672535,2,3584399.491095
-4.671183,2,3584462.66231
-4.669915,2,3584525.954045
-4.670558,2,3584589.221916
-4.671089,2,3584654.915619
-4.669884,2,3584718.624124
-4.666576,2,3584779.705619
-4.672308,2,3584842.603684
-4.672476,2,3584907.114535
-4.666253,2,3584969.083599
-4.668013,2,3585031.590687
-4.671467,2,3585095.160547
-4.670652,2,3585159.064087
-4.673218,2,3585222.077597
-4.666416,2,3585286.55985
-4.667749,2,3585349.990921
-4.668794,2,3585411.114853
-4.663578,2,3585473.917063
-4.667548,2,3585537.051441
-4.669452,2,3585600.560928
-4.67108,2,3585663.68024
-4.67108,2,3585726.968539
-4.665023,2,3585789.706967
-4.670266,2,3585853.034059
-4.670067,2,3585916.488676
-4.667759,2,3585980.790217
-4.671131,2,3586042.432463
-4.666208,2,3586107.085482
-4.670933,2,3586168.472371
-4.670974,2,3586232.852376
-4.668744,2,3586297.287672
-5.627013,2,3586361.034352
-4.667309,2,3586423.292572
-4.670165,2,3586485.664237
-4.670754,2,3586549.317617
-4.667177,2,3586611.938386
-4.667964,2,3586676.720484
-4.666756,2,3586738.581743
-4.667006,2,3586801.738024
-4.668647,2,3586866.069035
-4.670899,2,3586929.359008
-4.669771,2,3586992.035359
-4.672573,2,3587056.523034
-4.675176,2,3587120.634957
-4.670898,2,3587181.897876
-4.666048,2,3587246.069533
-4.670956,2,3587308.12266
-4.67141,2,3587372.874146
-4.670425,2,3587437.100835
-4.670703,2,3587498.375505
-4.672242,2,3587562.976818
-4.67376,2,3587628.724468
-4.669852,2,3587694.923514
-4.671111,2,3587758.241364
-4.666191,2,3587820.203782
-4.666124,2,3587885.583726
-4.670676,2,3587947.420451
-4.66888,2,3588009.468872
-4.671711,2,3588072.535167
-4.669247,2,3588135.173991
-4.669171,2,3588196.577787
-4.670741,2,3588260.654652
-4.671192,2,3588324.131745
-4.671175,2,3588387.125993
-4.670642,2,3588451.4097
-4.665165,2,3588514.693909
-4.668562,2,3588576.4356
-4.672067,2,3588641.532547
-4.665335,2,3588704.612609
-4.670392,2,3588767.822853
-4.674906,2,3588829.454066
-4.670859,2,3588892.627824
-4.669572,2,3588958.0976
-4.667042,2,3589021.159846
-4.670863,2,3589084.023323
-4.670613,2,3589148.513831
-4.667765,2,3589209.301325
-4.671382,2,3589273.52358
-4.668191,2,3589338.680431
-4.670473,2,3589400.796022
-4.670994,2,3589464.662638
-4.666542,2,3589526.918966
-4.671409,2,3589588.946605
-4.670915,2,3589652.449819
-4.670656,2,3589715.972838
-4.67308,2,3589778.240142
-4.670805,2,3589841.319497
-4.670633,2,3589904.517824
-4.670476,2,3589969.43551
-4.666141,2,3590031.470888
-4.671218,2,3590094.985231
-4.669529,2,3590157.358147
-4.672443,2,3590219.74513
-4.671182,2,3590284.07743
-4.670612,2,3590348.560845
-4.671162,2,3590411.239237
-4.670352,2,3590473.85965
-4.671392,2,3590535.276785
-4.669978,2,3590599.950658
-4.671189,2,3590662.806794
-4.672634,2,3590727.482902
-4.666119,2,3590790.156359
-4.671249,2,3590853.384843
-4.670718,2,3590915.478303
-4.667135,2,3590981.388198
-4.670648,2,3591045.283686
-4.669873,2,3591109.209921
-4.669716,2,3591171.0154
-4.666278,2,3591235.732253
-4.666324,2,3591297.801152
-4.66922,2,3591360.381274
-4.673749,2,3591425.421646
-4.667536,2,3591487.203739
-4.669993,2,3591551.007037
-4.670362,2,3591616.624314
-4.671498,2,3591684.436115
-4.666971,2,3591750.019096
-4.67057,2,3591815.561063
-4.671356,2,3591880.606701
-4.666885,2,3591945.977852
-4.670477,2,3592011.647503
-4.671897,2,3592077.519239
-4.664627,2,3592142.443063
-4.667239,2,3592207.82567
-4.670869,2,3592273.232206
-4.671053,2,3592338.743153
-4.665442,2,3592403.197081
-4.669755,2,3592469.817794
-4.670681,2,3592534.414184
-4.668207,2,3592600.111298
-4.667339,2,3592664.900608
-4.67085,2,3592732.078367
-4.670577,2,3592797.273759
-4.670302,2,3592864.689127
-4.672066,2,3592928.87957
-4.670398,2,3592995.362441
-4.670348,2,3593059.94537
-4.670518,2,3593124.458383
-4.670862,2,3593190.791882
-4.66699,2,3593256.622274
-4.671138,2,3593321.315658
-4.670981,2,3593386.894301
-4.671252,2,3593451.352246
-4.66847,2,3593518.589495
-4.670165,2,3593582.669249
-4.670255,2,3593649.821539
-4.671649,2,3593715.7323
-4.671267,2,3593781.023547
-4.667071,2,3593846.682326
-4.669535,2,3593913.295844
-4.66597,2,3593979.59799
-4.672345,2,3594044.47141
-4.670117,2,3594108.921182
-4.669459,2,3594176.044218
-4.670679,2,3594241.115688
-4.67094,2,3594305.92973
-4.672019,2,3594370.177512
-4.67083,2,3594432.340595
-4.670548,2,3594496.305661
-4.671087,2,3594559.538915
-4.667262,2,3594625.638924
-4.671045,2,3594690.021048
-4.667213,2,3594755.798548
-4.666318,2,3594822.063362
-4.665728,2,3594888.530417
-4.670303,2,3594952.563224
-4.670232,2,3595019.543988
-4.670484,2,3595084.159696
-4.665964,2,3595149.457443
-4.669974,2,3595215.053524
-4.670634,2,3595280.289213
-4.667073,2,3595347.107374
-4.671143,2,3595412.091515
-4.670716,2,3595477.662274
-4.669409,2,3595542.570665
-4.666719,2,3595609.125515
-4.671235,2,3595672.585121
-4.673613,2,3595739.343252
-4.670028,2,3595804.747032
-4.668294,2,3595872.322668
-4.670286,2,3595936.733357
-4.670601,2,3596002.561499
-4.666285,2,3596067.900481
-4.659771,2,3596133.704688
-4.668206,2,3596198.040797
-4.670021,2,3596263.259465
-4.670861,2,3596328.553901
-4.832109,2,3596393.359906
-4.666911,2,3596458.898182
-4.666303,2,3596522.7242
-4.668589,2,3596588.806657
-4.670431,2,3596652.425218
-4.670364,2,3596717.611242
-4.666396,2,3596783.824786
-4.67418,2,3596850.473217
-4.665358,2,3596915.158694
-4.671193,2,3596980.753779
-4.670457,2,3597044.339507
-4.666226,2,3597111.892687
-4.671318,2,3597175.38189
-4.670791,2,3597241.578213
-4.670697,2,3597308.861784
-4.671581,2,3597374.754012
-4.670932,2,3597439.454531
-4.665597,2,3597508.942771
-4.665639,2,3597574.294607
-4.666658,2,3597640.842305
-4.666659,2,3597705.026394
-4.672577,2,3597768.949399
-4.666024,2,3597831.070109
-4.671214,2,3597894.86374
-4.670712,2,3597959.394799
-4.671442,2,3598022.67438
-4.671363,2,3598087.095686
-4.664819,2,3598150.649176
-4.670893,2,3598213.747864
-4.675155,2,3598276.29121
-4.672267,2,3598339.833453
-4.67416,2,3598403.138161
-4.668563,2,3598467.55997
-4.668252,2,3598529.969142
-4.665894,2,3598594.191371
-4.67417,2,3598658.164892
-4.671398,2,3598724.676073
-4.666194,2,3598788.59681
-4.670621,2,3598854.481813
-4.680078,2,3598920.637036
-4.670238,2,3598986.024757
-4.66781,2,3599051.403428
-4.670262,2,3599116.46168
-4.669067,2,3599182.697538
-4.670416,2,3599247.697388
-4.669666,2,3599312.891405
-4.66662,2,3599379.643418
-4.67049,2,3599444.434976
-4.673938,2,3599509.498422
-4.666191,2,3599574.870569
-4.668622,2,3599640.488021
-4.668824,2,3599705.472952
-4.665133,2,3599770.0724
-4.67201,2,3599837.136823
-4.670424,2,3599902.959241
-4.670811,2,3599969.424175
-4.666028,2,3600034.013752
-4.672442,2,3600099.033393
-4.667486,2,3600165.171653
-4.671402,2,3600230.006293
-4.672853,2,3600295.027737
-4.671105,2,3600361.489101
-4.665688,2,3600427.163925
-4.669914,2,3600491.722018
-4.670008,2,3600557.559058
-4.671232,2,3600622.498067
-4.670832,2,3600687.52506
-4.66604,2,3600753.423494
-4.670738,2,3600818.255493
-4.66628,2,3600884.691882
-4.666215,2,3600950.308645
-4.666112,2,3601014.878104
-4.670351,2,3601081.996823
-4.670471,2,3601146.442416
-4.670643,2,3601212.121875
-4.671022,2,3601278.3216
-4.670816,2,3601344.952393
-4.670682,2,3601409.445029
-4.667098,2,3601474.858884
-4.667422,2,3601539.826829
-4.665459,2,3601605.437466
-4.664931,2,3601671.707263
-4.67149,2,3601737.355104
-4.668538,2,3601802.983527
-4.666646,2,3601868.331737
-4.670888,2,3601936.107172
-4.666004,2,3602001.015905
-4.670126,2,3602066.016483
-4.670854,2,3602131.716052
-4.699604,2,3602198.649086
-4.666352,2,3602264.998152
-4.670714,2,3602329.436343
-4.666269,2,3602394.929523
-4.665176,2,3602459.947343
-4.670341,2,3602525.021803
-4.666918,2,3602591.533579
-4.664712,2,3602657.699244
-4.670883,2,3602722.656146
-4.66606,2,3602787.117535
-4.669822,2,3602853.934285
-4.668479,2,3602918.848488
-4.670397,2,3602983.40787
-4.671471,2,3603048.999723
-4.665869,2,3603114.940905
-4.671173,2,3603181.355328
-4.670773,2,3603246.52934
-4.671009,2,3603311.135759
-4.66628,2,3603378.467005
-4.670557,2,3603443.008873
-4.670503,2,3603508.108883
-4.666095,2,3603575.17241
-4.671441,2,3603640.52682
-4.670919,2,3603707.011455
-4.66612,2,3603771.889039
-4.670967,2,3603836.558041
-4.671369,2,3603901.96965
-4.671105,2,3603966.890541
-4.67049,2,3604033.621342
-4.67106,2,3604099.960069
-4.670899,2,3604165.785115
-4.66844,2,3604230.520154
-4.670377,2,3604295.836383
-4.667832,2,3604361.946572
-4.676043,2,3604427.409596
-4.67079,2,3604491.789679
-4.666966,2,3604557.030562
-4.674997,2,3604623.146203
-4.669891,2,3604688.631226
-4.67161,2,3604754.571408
-4.671383,2,3604819.876645
-4.669177,2,3604884.845081
-4.670067,2,3604950.851829
-4.666315,2,3605016.928519
-4.668478,2,3605082.815373
-4.672651,2,3605147.786055
-4.669449,2,3605213.693287
-4.664183,2,3605280.35137
-4.668517,2,3605344.840063
-4.66758,2,3605409.352329
-4.672311,2,3605474.008428
-4.671801,2,3605541.207608
-4.664454,2,3605606.326921
-4.670483,2,3605671.160185
-4.667907,2,3605736.376631
-4.668182,2,3605802.002821
-4.671145,2,3605868.311204
-4.66615,2,3605933.872311
-4.671966,2,3605999.153594
-4.668848,2,3606064.654338
-4.671097,2,3606130.287012
-4.670329,2,3606197.429617
-4.670644,2,3606262.045628
-4.669936,2,3606329.072668
-4.670333,2,3606394.600842
-4.669903,2,3606460.650434
-4.670762,2,3606524.699036
-4.67046,2,3606590.394406
-4.671044,2,3606655.960132
-4.674354,2,3606721.028575
-4.669572,2,3606786.132261
-4.672304,2,3606853.478019
-4.66543,2,3606918.843325
-4.673184,2,3606984.241696
-4.672384,2,3607049.603409
-4.670826,2,3607114.933535
-4.670353,2,3607181.152546
-4.671181,2,3607246.816013
-4.672421,2,3607312.99614
-4.666112,2,3607378.416582
-4.671246,2,3607444.656146
-4.666975,2,3607510.595685
-4.665919,2,3607575.425501
-4.668267,2,3607642.098629
-4.669908,2,3607706.830953
-4.670337,2,3607771.839029
-4.667035,2,3607837.586122
-4.670588,2,3607903.155388
-4.666036,2,3607968.597893
-4.670778,2,3608034.99834
-4.665052,2,3608099.852155
-4.671361,2,3608164.966271
-4.671521,2,3608230.96858
-4.665004,2,3608296.29697
-4.668643,2,3608363.689539
-4.670671,2,3608428.377317
-4.665917,2,3608495.18323
-4.667552,2,3608561.875345
-4.670711,2,3608627.753211
-4.668471,2,3608692.3624
-4.671241,2,3608757.945756
-4.670803,2,3608823.430422
-4.666258,2,3608888.08558
-4.666388,2,3608953.690691
-4.66794,2,3609020.337758
-4.666002,2,3609086.725824
-4.668906,2,3609151.551832
-4.670562,2,3609214.994281
-4.670858,2,3609281.071207
-4.670075,2,3609346.437882
-4.670325,2,3609412.212307
-4.668567,2,3609478.15071
-4.672419,2,3609541.321293
-4.670774,2,3609609.016291
-4.671124,2,3609675.757238
-4.671373,2,3609741.151042
-4.670152,2,3609808.208953
-4.667337,2,3609872.643215
-4.670959,2,3609938.715656
-4.670328,2,3610005.07164
-4.665698,2,3610071.469824
-4.671186,2,3610137.177072
-4.6707,2,3610201.494629
-4.667499,2,3610266.825348
-4.667327,2,3610332.787541
-4.6659,2,3610397.684994
-4.671004,2,3610463.064273
-4.664937,2,3610528.176414
-4.67082,2,3610595.884325
-4.671338,2,3610662.098764
-4.670972,2,3610728.791692
-4.666079,2,3610793.620913
-4.671186,2,3610859.862152
-4.667639,2,3610924.710203
-4.669892,2,3610990.906121
-4.666368,2,3611056.483193
-4.666621,2,3611122.782907
-4.670927,2,3611188.217496
-4.670849,2,3611252.59724
-4.669237,2,3611318.976593
-4.669914,2,3611383.853162
-4.669819,2,3611449.325046
-4.670281,2,3611515.938729
-4.668378,2,3611581.089329
-4.670226,2,3611646.170661
-4.669374,2,3611712.116992
-4.670542,2,3611777.598889
-4.670394,2,3611842.45834
-4.670552,2,3611909.384978
-4.670704,2,3611973.531086
-4.66773,2,3612040.295282
-4.666593,2,3612104.544394
-4.672176,2,3612169.694343
-4.663779,2,3612234.668772
-4.668549,2,3612301.888377
-4.667981,2,3612366.45618
-4.671099,2,3612432.152174
-4.670847,2,3612498.037683
-4.670751,2,3612564.693805
-4.667325,2,3612629.728984
-4.665051,2,3612694.836761
-4.665938,2,3612760.162974
-4.670964,2,3612825.903725
-4.671386,2,3612890.820079
-4.670807,2,3612956.148053
-4.665932,2,3613022.173773
-4.670405,2,3613087.941333
-4.667075,2,3613153.336719
-4.668241,2,3613218.693496
-4.666196,2,3613284.642189
-4.667745,2,3613349.513666
-4.670103,2,3613415.671201
-4.668232,2,3613483.046677
-4.670579,2,3613548.396623
-4.667077,2,3613612.426939
-4.669955,2,3613678.917314
-4.670979,2,3613743.350224
-4.670356,2,3613808.706901
-4.671216,2,3613873.868105
-4.670542,2,3613941.162311
-4.671106,2,3614005.755501
-4.670867,2,3614071.137516
-4.671139,2,3614137.031976
-4.669958,2,3614203.466279
-4.6699,2,3614269.005766
-4.669939,2,3614335.227302
-4.671087,2,3614400.961406
-4.670406,2,3614467.066612
-4.666077,2,3614530.981411
-4.665697,2,3614597.533627
-4.670845,2,3614662.073425
-4.66838,2,3614726.632364
-4.67116,2,3614794.113352
-4.671351,2,3614860.022546
-4.672247,2,3614925.242793
-4.670914,2,3614990.044358
-4.671479,2,3615054.909724
-4.667318,2,3615120.813324
-4.665692,2,3615186.889517
-4.670943,2,3615253.613026
-4.666137,2,3615320.044373
-4.670446,2,3615386.14734
-4.666572,2,3615452.100615
-4.670914,2,3615516.818167
-4.671139,2,3615581.657641
-4.670794,2,3615648.858298
-4.671323,2,3615714.294691
-4.670345,2,3615781.117693
-4.669326,2,3615845.917302
-4.670502,2,3615910.547907
-4.667645,2,3615976.931464
-4.668586,2,3616041.108089
-4.665251,2,3616102.890129
-4.6686,2,3616168.078377
-4.670266,2,3616231.880134
-4.670686,2,3616295.749445
-4.703317,2,3616360.235912
-4.67111,2,3616424.097174
-4.67114,2,3616487.248985
-4.670518,2,3616552.75048
-4.670652,2,3616617.404402
-4.670038,2,3616681.605976
-4.668563,2,3616747.369311
-4.670885,2,3616810.7017
-4.670592,2,3616873.726331
-4.670474,2,3616939.785935
-4.67025,2,3617000.679984
-4.6672,2,3617065.125271
-4.670979,2,3617130.335277
-4.666195,2,3617193.806344
-4.665624,2,3617255.398489
-4.672544,2,3617318.060954
-4.665971,2,3617384.730138
-4.668996,2,3617446.833034
-4.670849,2,3617509.077517
-4.671093,2,3617573.514807
-4.666248,2,3617636.580792
-4.670244,2,3617699.232114
-4.668839,2,3617761.68252
-4.668318,2,3617824.674817
-4.666031,2,3617887.46878
-4.670126,2,3617951.420315
-4.672429,2,3618014.605324
-4.666161,2,3618076.122512
-4.670406,2,3618138.988039
-4.66608,2,3618201.326329
-4.6714,2,3618263.918983
-4.670125,2,3618326.657114
-4.671375,2,3618388.363525
-4.671182,2,3618452.957018
-4.671168,2,3618515.662774
-4.671923,2,3618577.21377
-4.668462,2,3618639.740423
-4.67053,2,3618702.898358
-4.665629,2,3618766.774124
-4.670696,2,3618827.578854
-4.670829,2,3618891.470221
-4.667755,2,3618954.175821
-4.666021,2,3619018.663427
-4.673757,2,3619080.621334
-4.665497,2,3619144.385767
-4.667944,2,3619207.05434
-4.666139,2,3619272.052989
-4.667356,2,3619334.322284
-4.669109,2,3619398.034023
-4.666646,2,3619459.487527
-4.669289,2,3619522.15404
-4.670323,2,3619585.597994
-4.672603,2,3619648.232214
-4.668645,2,3619711.224433
-4.673536,2,3619776.700023
-4.67071,2,3619838.548161
-4.669347,2,3619901.783493
-4.671214,2,3619965.745554
-4.670019,2,3620025.791366
-4.672589,2,3620089.984949
-4.671413,2,3620154.833906
-4.670512,2,3620216.626302
-4.674495,2,3620279.322693
-4.671361,2,3620341.336221
-4.672709,2,3620404.576176
-4.671654,2,3620469.942992
-4.667721,2,3620531.968344
-4.666182,2,3620594.297232
-4.670298,2,3620656.882815
-4.669934,2,3620720.938654
-4.670626,2,3620782.815
-4.664702,2,3620846.99658
-4.670825,2,3620908.567485
-4.67103,2,3620972.086794
-4.66609,2,3621033.779657
-4.665959,2,3621097.160593
-4.673409,2,3621160.659835
-4.666521,2,3621223.933788
-4.671058,2,3621288.218904
-4.671156,2,3621349.447885
-4.670656,2,3621412.620985
-4.670296,2,3621475.481862
-4.669511,2,3621538.414245
-4.671026,2,3621602.135836
-4.671238,2,3621666.479743
-4.667676,2,3621727.77081
-4.66815,2,3621791.676673
-4.670777,2,3621853.560434
-4.666001,2,3621918.243734
-4.670677,2,3621978.931408
-4.671077,2,3622043.633053
-4.667553,2,3622106.030509
-4.670623,2,3622169.522398
-4.670796,2,3622233.616269
-4.666075,2,3622297.929237
-4.670856,2,3622361.324003
-4.664413,2,3622424.248603
-4.671097,2,3622487.42413
-4.665315,2,3622550.139939
-4.668206,2,3622613.050948
-4.669468,2,3622676.71672
-4.665487,2,3622738.938139
-4.670392,2,3622799.997462
-4.672622,2,3622863.117278
-4.671962,2,3622925.937617
-4.670352,2,3622988.007504
-4.671172,2,3623052.884524
-4.66923,2,3623117.365696
-4.670426,2,3623180.730889
-4.671222,2,3623243.173303
-4.670476,2,3623304.822811
-4.665988,2,3623368.342013
-4.666788,2,3623432.863375
-4.663882,2,3623496.493421
-4.668777,2,3623560.102495
-4.670528,2,3623623.942461
-4.669088,2,3623688.379898
-4.671046,2,3623749.988089
-4.668889,2,3623814.249266
-4.671263,2,3623875.215524
-4.666076,2,3623938.83293
-4.672249,2,3624002.419563
-4.670673,2,3624065.208746
-4.670609,2,3624128.202894
-4.667597,2,3624190.575211
-4.669718,2,3624253.593012
-4.671219,2,3624318.066586
-4.670086,2,3624380.466664
-4.668278,2,3624444.113971
-4.670591,2,3624506.934431
-4.67071,2,3624570.097555
-4.669048,2,3624631.868599
-4.670463,2,3624697.026641
-4.670757,2,3624760.379585
-4.664876,2,3624822.629945
-4.67005,2,3624884.996365
-4.671081,2,3624947.137627
-4.672238,2,3625009.941311
-4.670758,2,3625074.452002
-4.665917,2,3625136.684517
-4.666265,2,3625201.319283
-4.66693,2,3625266.36166
-4.665857,2,3625328.372463
-4.668515,2,3625391.939092
-4.670414,2,3625453.400009
-4.668629,2,3625517.561642
-4.666392,2,3625581.836893
-4.67294,2,3625646.014234
-4.671051,2,3625707.18134
-4.671053,2,3625771.474398
-4.67098,2,3625833.62294
-4.672221,2,3625898.653165
-4.666297,2,3625961.230314
-4.671106,2,3626022.889589
-4.669633,2,3626085.664983
-4.670917,2,3626149.295331
-4.666068,2,3626211.839756
-4.671756,2,3626276.394624
-4.674302,2,3626339.156807
-4.670019,2,3626402.212247
-4.672369,2,3626465.131028
-4.66759,2,3626527.217538
-4.674215,2,3626591.300226
-4.671476,2,3626653.879381
-4.670788,2,3626716.668552
-4.67222,2,3626780.334692
-4.671193,2,3626843.797205
-4.671055,2,3626906.561713
-4.678899,2,3626969.657218
-4.670681,2,3627031.570779
-4.664446,2,3627093.907951
-4.669486,2,3627156.417495
-4.668362,2,3627218.992157
-4.670589,2,3627283.632028
-4.666554,2,3627345.788872
-4.663141,2,3627408.433342
-4.670906,2,3627472.953736
-4.671125,2,3627534.261308
-4.665079,2,3627597.604275
-4.671126,2,3627662.036965
-4.672247,2,3627722.943898
-4.667046,2,3627787.098232
-4.665178,2,3627849.555991
-4.670526,2,3627911.113616
-4.671496,2,3627975.466146
-4.66848,2,3628037.569244
-4.669916,2,3628100.921017
-4.672202,2,3628163.297075
-4.671225,2,3628227.544068
-4.671716,2,3628291.791437
-4.670705,2,3628354.282087
-4.670634,2,3628416.165864
-4.671098,2,3628477.976257
